"Time (s)","Acceleration x (m/s^2)","Acceleration y (m/s^2)","Acceleration z (m/s^2)"
1.271652900E-2,-1.879263043E0,8.228617668E0,5.226223946E0
1.508507000E-2,-1.879263043E0,8.228617668E0,5.226223946E0
1.745303900E-2,-1.879263043E0,8.228617668E0,5.226223946E0
1.982043500E-2,-1.752443433E0,8.367402077E0,5.185545921E0
2.218897700E-2,-1.730908036E0,8.362615585E0,5.178367138E0
2.458132000E-2,-1.730908036E0,8.362615585E0,5.178367138E0
2.699668500E-2,-1.730908036E0,8.362615585E0,5.178367138E0
2.939975800E-2,-1.730908036E0,8.362615585E0,5.178367138E0
3.179246600E-2,-1.730908036E0,8.362615585E0,5.178367138E0
3.419449800E-2,-1.671087503E0,8.262117386E0,5.247759342E0
3.660481000E-2,-1.661516190E0,8.242975235E0,5.300401211E0
3.901694500E-2,-1.622931957E0,8.240582466E0,5.336293697E0
4.143033100E-2,-1.615753531E0,8.226224899E0,5.355436325E0
4.384486200E-2,-1.635195136E0,8.209475517E0,5.398507118E0
4.626033100E-2,-1.632802367E0,8.190332413E0,5.448756218E0
4.867663300E-2,-1.625324726E0,8.173583031E0,5.477469921E0
5.109350800E-2,-1.647159338E0,8.152048111E0,5.501398563E0
5.351095600E-2,-1.630409479E0,8.144868851E0,5.530112267E0
5.592892500E-2,-1.690230131E0,8.135297775E0,5.585446358E0
5.834736200E-2,-1.685444474E0,8.113762856E0,5.635695457E0
6.076616400E-2,-1.709372640E0,8.104190826E0,5.654838085E0
6.318527900E-2,-1.702194214E0,8.092226982E0,5.662016392E0
6.560470600E-2,-1.733300924E0,8.116155624E0,5.685945034E0
6.802444500E-2,-1.735693693E0,8.132905006E0,5.721837044E0
7.044444500E-2,-1.762014747E0,8.152048111E0,5.748157978E0
7.286470600E-2,-1.793121457E0,8.178368568E0,5.772086620E0
7.528517500E-2,-1.809871197E0,8.178368568E0,5.784050465E0
7.770590400E-2,-1.836192250E0,8.171190262E0,5.779264927E0
8.012684100E-2,-1.833799481E0,8.175975800E0,5.786443233E0
8.254793500E-2,-1.869691849E0,8.187939644E0,5.796014786E0
8.496923700E-2,-1.881655931E0,8.207082748E0,5.772086620E0
8.739069500E-2,-1.931905150E0,8.185546875E0,5.776872158E0
8.981236200E-2,-1.963011861E0,8.197511673E0,5.762515068E0
9.223413300E-2,-1.953440547E0,8.195118904E0,5.750551224E0
9.465611200E-2,-1.965404749E0,8.197511673E0,5.733801365E0
9.707830000E-2,-1.979761600E0,8.192725182E0,5.745765209E0
9.950059100E-2,-1.953440547E0,8.187939644E0,5.712265968E0
1.019230390E-1,-1.977368832E0,8.195118904E0,5.688337803E0
1.043456430E-1,-1.960619092E0,8.190332413E0,5.671587944E0
1.067684040E-1,-1.931905150E0,8.180761337E0,5.652445316E0
1.091912680E-1,-1.941476464E0,8.195118904E0,5.609374523E0
1.116141850E-1,-1.879263043E0,8.185546875E0,5.599802971E0
1.140372060E-1,-1.869691849E0,8.199904442E0,5.611767292E0
1.164603830E-1,-1.850549221E0,8.214261055E0,5.590231895E0
1.188836640E-1,-1.829013824E0,8.209475517E0,5.537290573E0
1.213069980E-1,-1.793121457E0,8.223832130E0,5.525326729E0
1.237304350E-1,-1.771586061E0,8.231010437E0,5.510969639E0
1.261539770E-1,-1.766800404E0,8.228617668E0,5.525326729E0
1.285775700E-1,-1.795514345E0,8.238189697E0,5.501398563E0
1.310012680E-1,-1.785943031E0,8.233403206E0,5.508576870E0
1.334250180E-1,-1.809871197E0,8.216653824E0,5.489434242E0
1.358488200E-1,-1.790728688E0,8.209475517E0,5.487041473E0
1.382726750E-1,-1.807478428E0,8.223832130E0,5.494219780E0
1.406965810E-1,-1.821835399E0,8.209475517E0,5.499005318E0
1.431205390E-1,-1.862513304E0,8.238189697E0,5.554339409E0
1.455445500E-1,-1.905584097E0,8.221439362E0,5.561518192E0
1.479686120E-1,-1.924726725E0,8.199904442E0,5.580660820E0
1.503927270E-1,-1.970190287E0,8.168797493E0,5.626124382E0
1.528168930E-1,-2.018046856E0,8.137690544E0,5.664409637E0
1.552411120E-1,-2.046760559E0,8.113762856E0,5.700301647E0
1.576653830E-1,-2.077867270E0,8.079963684E0,5.714658737E0
1.600897060E-1,-2.104188442E0,8.053643227E0,5.755336761E0
1.624991330E-1,-2.135295153E0,8.036892891E0,5.805585861E0
1.648854350E-1,-2.149652004E0,8.022536278E0,5.839085579E0
1.672630910E-1,-2.197807550E0,8.005785942E0,5.910870075E0
1.696407480E-1,-2.257628202E0,7.991429329E0,5.910870075E0
1.720191850E-1,-2.267199516E0,7.974679470E0,5.922834396E0
1.743976230E-1,-2.288734913E0,7.965108395E0,5.939583778E0
1.767752790E-1,-2.310270309E0,7.960322857E0,5.922834396E0
1.791529350E-1,-2.312663078E0,7.955537319E0,5.901299000E0
1.815313730E-1,-2.331805706E0,7.950751305E0,5.877370834E0
1.839098100E-1,-2.319841623E0,7.955537319E0,5.853442192E0
1.862874660E-1,-2.336591244E0,7.967501163E0,5.805585861E0
1.886651230E-1,-2.350948334E0,7.984251022E0,5.752943993E0
1.910435600E-1,-2.346162558E0,7.986643791E0,5.719444275E0
1.934219450E-1,-2.322234392E0,8.003393173E0,5.705087185E0
1.957996020E-1,-2.341377020E0,8.020143509E0,5.676373482E0
1.981772580E-1,-2.346162558E0,8.036892891E0,5.650052547E0
2.005556950E-1,-2.350948334E0,8.053643227E0,5.630909920E0
2.029341330E-1,-2.315055847E0,8.067999840E0,5.602196217E0
2.053117890E-1,-2.298306227E0,8.099405289E0,5.563910961E0
2.076894450E-1,-2.283949137E0,8.120941162E0,5.532505035E0
2.100678830E-1,-2.257628202E0,8.120941162E0,5.542076111E0
2.124463200E-1,-2.257628202E0,8.128119469E0,5.491827011E0
2.148239770E-1,-2.252842426E0,8.152048111E0,5.446363449E0
2.172016330E-1,-2.212164640E0,8.168797493E0,5.415256977E0
2.195800700E-1,-2.209771633E0,8.152048111E0,5.393721104E0
2.219584560E-1,-2.231307030E0,8.152048111E0,5.365007401E0
2.243361120E-1,-2.212164640E0,8.173583031E0,5.343472004E0
2.267137680E-1,-2.216950178E0,8.185546875E0,5.326722145E0
2.290922060E-1,-2.219342947E0,8.192725182E0,5.317151070E0
2.314706430E-1,-2.207378864E0,8.168797493E0,5.286044121E0
2.338483000E-1,-2.197807550E0,8.159226418E0,5.281258583E0
2.362259560E-1,-2.207378864E0,8.161619186E0,5.293222904E0
2.386043930E-1,-2.214557409E0,8.164011955E0,5.286044121E0
2.409828310E-1,-2.197807550E0,8.137690544E0,5.286044121E0
2.433604870E-1,-2.187937260E0,8.149654388E0,5.295615673E0
2.457381430E-1,-2.195414782E0,8.154440880E0,5.290830135E0
2.481165810E-1,-2.180758715E0,8.118548393E0,5.314758301E0
2.504949660E-1,-2.130509377E0,8.106583595E0,5.305186749E0
2.528726230E-1,-2.104188442E0,8.072785378E0,5.302793980E0
2.552502790E-1,-2.010868311E0,8.039285660E0,5.345864773E0
2.576287160E-1,-1.814656854E0,7.960322857E0,5.410470963E0
2.600071540E-1,-1.659123421E0,7.768897057E0,5.503791332E0
2.623848100E-1,-1.168295622E0,7.208677292E0,5.439185143E0
2.647624660E-1,-8.784649968E-1,6.830312252E0,5.443970680E0
2.671409040E-1,-1.057926655E0,6.892525673E0,5.597410202E0
2.695193410E-1,-1.134796143E0,6.945167542E0,5.798407555E0
2.718969980E-1,-1.038784146E0,7.002894402E0,5.788836002E0
2.742746540E-1,-9.765707254E-1,7.089035988E0,5.865406513E0
2.766530910E-1,-9.765707254E-1,7.160820961E0,5.910870075E0
2.790314770E-1,-1.005284667E0,7.256533623E0,5.841478348E0
2.814091330E-1,-1.084546804E0,7.340282440E0,5.829514027E0
2.837867890E-1,-1.106082320E0,7.385746002E0,5.853442192E0
2.861652270E-1,-1.098903775E0,7.502994537E0,5.757729530E0
2.885436640E-1,-1.065105200E0,7.529315472E0,5.726622581E0
2.909213200E-1,-1.086939692E0,7.575078487E0,5.664409637E0
2.932989770E-1,-1.122832060E0,7.615756035E0,5.561518192E0
2.956774140E-1,-1.208973646E0,7.654041290E0,5.515755177E0
2.980558520E-1,-1.249651670E0,7.687541008E0,5.465506077E0
3.004335080E-1,-1.297508121E0,7.723433495E0,5.403292656E0
3.028111640E-1,-1.347757339E0,7.728219032E0,5.343472004E0
3.051896020E-1,-1.407577872E0,7.754539967E0,5.274080276E0
3.075679870E-1,-1.510469317E0,7.764111042E0,5.161617756E0
3.099456430E-1,-1.608574986E0,7.761718273E0,5.104189873E0
3.123233000E-1,-1.673480392E0,7.761718273E0,5.041976452E0
3.147017370E-1,-1.716551185E0,7.764111042E0,5.018048286E0
3.170801750E-1,-1.785943031E0,7.747361660E0,4.969892502E0
3.194578310E-1,-1.824228168E0,7.737790108E0,4.929214478E0
3.218354870E-1,-1.905584097E0,7.711469173E0,4.926821709E0
3.242139250E-1,-1.979761600E0,7.697112083E0,4.878965378E0
3.265923620E-1,-2.027618170E0,7.699504852E0,4.859822750E0
3.289700180E-1,-2.070688963E0,7.666005611E0,4.847858906E0
3.313476750E-1,-2.113759756E0,7.649255753E0,4.864608288E0
3.337261120E-1,-2.180758715E0,7.639684677E0,4.883750916E0
3.361044980E-1,-2.245664120E0,7.630113125E0,4.890929699E0
3.384821540E-1,-2.281556368E0,7.642077446E0,4.926821709E0
3.408598620E-1,-2.341377020E0,7.618149281E0,4.919643402E0
3.432383000E-1,-2.372483730E0,7.603792191E0,4.943571568E0
3.456166850E-1,-2.398804665E0,7.587042332E0,4.948357105E0
3.479943410E-1,-2.417947292E0,7.599006653E0,4.969892502E0
3.503719980E-1,-2.439482689E0,7.584649563E0,4.965106964E0
3.527504350E-1,-2.446661234E0,7.572685242E0,4.984249592E0
3.551288730E-1,-2.465803623E0,7.577471256E0,4.989334106E0
3.575065290E-1,-2.453839540E0,7.587042332E0,5.003691196E0
3.598841850E-1,-2.434697151E0,7.596613884E0,5.013262749E0
3.622626230E-1,-2.413161755E0,7.654041290E0,5.034798145E0
3.646410080E-1,-2.367697954E0,7.675576687E0,5.044369221E0
3.670186640E-1,-2.346162558E0,7.713861942E0,5.046761990E0
3.693963730E-1,-2.288734913E0,7.759325504E0,5.061119080E0
3.717748100E-1,-2.260020971E0,7.764111042E0,5.051547527E0
3.741531950E-1,-2.212164640E0,7.831110477E0,5.061119080E0
3.765308520E-1,-2.168794632E0,7.871788502E0,5.085047245E0
3.789085080E-1,-2.118545294E0,7.905287743E0,5.094618320E0
3.812869450E-1,-2.120938063E0,7.929215908E0,5.080261707E0
3.836653830E-1,-2.099402666E0,7.948358536E0,5.087440014E0
3.860430390E-1,-2.034796476E0,7.969893932E0,5.087440014E0
3.884206950E-1,-2.032403708E0,7.967501163E0,5.113760948E0
3.907991330E-1,-2.015654087E0,7.989036560E0,5.104189873E0
3.931775700E-1,-2.018046856E0,7.972286701E0,5.104189873E0
3.955552270E-1,-2.027618170E0,7.967501163E0,5.111368179E0
3.979328830E-1,-2.022832394E0,7.965108395E0,5.106582642E0
4.003113200E-1,-2.027618170E0,7.945965767E0,5.137689114E0
4.026897060E-1,-2.039582253E0,7.969893932E0,5.130510807E0
4.050673620E-1,-2.053939104E0,7.948358536E0,5.142475128E0
4.074450180E-1,-2.085045815E0,7.955537319E0,5.154438972E0
4.098234560E-1,-2.108973980E0,7.965108395E0,5.178367138E0
4.122018930E-1,-2.137687922E0,7.955537319E0,5.214259624E0
4.145795500E-1,-2.140080690E0,7.965108395E0,5.195116997E0
4.169572060E-1,-2.187937260E0,7.974679470E0,5.211866856E0
4.193356430E-1,-2.219342947E0,7.974679470E0,5.219045162E0
4.217140810E-1,-2.245664120E0,7.974679470E0,5.207081318E0
4.240917370E-1,-2.288734913E0,7.979465485E0,5.192724228E0
4.264693930E-1,-2.276770830E0,7.974679470E0,5.180759907E0
4.288478310E-1,-2.341377020E0,7.967501163E0,5.202295303E0
4.312262680E-1,-2.379662037E0,7.993822098E0,5.214259624E0
4.336039250E-1,-2.379662037E0,7.998608112E0,5.190331459E0
4.359815810E-1,-2.391626120E0,8.010572433E0,5.190331459E0
4.383600180E-1,-2.446661234E0,8.032107353E0,5.180759907E0
4.407384040E-1,-2.458625317E0,8.046463966E0,5.166403294E0
4.431160600E-1,-2.475374937E0,8.072785378E0,5.159224510E0
4.454937160E-1,-2.489732027E0,8.082356453E0,5.125725269E0
4.478721540E-1,-2.513660192E0,8.082356453E0,5.128118038E0
4.502505910E-1,-2.535195589E0,8.108976364E0,5.120939732E0
4.526282480E-1,-2.535195589E0,8.099405289E0,5.104189873E0
4.550059040E-1,-2.535195589E0,8.097012520E0,5.089832783E0
4.573843410E-1,-2.559123755E0,8.097012520E0,5.068297386E0
4.597627790E-1,-2.590230465E0,8.092226982E0,5.065904617E0
4.621404350E-1,-2.592623234E0,8.101798058E0,5.068297386E0
4.645180910E-1,-2.621337175E0,8.089534760E0,5.063511848E0
4.668965290E-1,-2.645265341E0,8.067999840E0,5.037190914E0
4.692749660E-1,-2.647658348E0,8.079963684E0,5.053940296E0
4.716526230E-1,-2.676372051E0,8.053643227E0,5.034798145E0
4.740302790E-1,-2.695514679E0,8.077570915E0,5.001298428E0
4.764087160E-1,-2.690729141E0,8.077570915E0,5.015655518E0
4.787871020E-1,-2.712264538E0,8.092226982E0,4.979464054E0
4.811647580E-1,-2.721835852E0,8.101798058E0,4.957928658E0
4.835424140E-1,-2.719442844E0,8.092226982E0,4.960321426E0
4.859208520E-1,-2.726621389E0,8.092226982E0,4.945964336E0
4.882992890E-1,-2.745764017E0,8.104190826E0,4.917250633E0
4.906769450E-1,-2.758027315E0,8.111370087E0,4.922036171E0
4.930546020E-1,-2.930310488E0,8.034500122E0,4.957928658E0
4.954330390E-1,-3.095415115E0,7.969893932E0,4.967499733E0
4.978114770E-1,-3.183949709E0,7.957930088E0,4.948357105E0
5.001891330E-1,-3.277269602E0,7.931608677E0,4.895715237E0
5.025667890E-1,-3.315854073E0,7.948358536E0,4.855037212E0
5.049452270E-1,-3.363710403E0,7.969893932E0,4.814359188E0
5.073236640E-1,-3.457030535E0,7.969893932E0,4.797609329E0
5.097013200E-1,-3.514458179E0,8.005785942E0,4.728217602E0
5.120789770E-1,-3.512065411E0,8.067999840E0,4.685146809E0
5.144574140E-1,-3.521636724E0,8.128119469E0,4.675575256E0
5.168358000E-1,-3.528815269E0,8.219046593E0,4.642076015E0
5.192134560E-1,-3.509672642E0,8.312366486E0,4.596612453E0
5.215911120E-1,-3.478565931E0,8.393722534E0,4.591826439E0
5.239695500E-1,-3.466601849E0,8.422436714E0,4.567898273E0
5.263479870E-1,-3.514458179E0,8.393722534E0,4.522434711E0
5.287256430E-1,-3.562314749E0,8.360222816E0,4.484149456E0
5.311033000E-1,-3.540779352E0,8.300402641E0,4.467400074E0
5.334817370E-1,-3.504886866E0,8.307580948E0,4.443471432E0
5.358601750E-1,-3.406781197E0,8.326724052E0,4.414458752E0
5.382378310E-1,-3.318246841E0,8.372187614E0,4.347459793E0
5.406154870E-1,-3.205485106E0,8.403293610E0,4.311567307E0
5.429939250E-1,-3.064308405E0,8.429615021E0,4.263710976E0
5.453723620E-1,-2.920739174E0,8.477471352E0,4.246961117E0
5.477500180E-1,-2.796312332E0,8.544470787E0,4.266103745E0
5.501276750E-1,-2.664407969E0,8.566005707E0,4.325924397E0
5.525061120E-1,-2.559123755E0,8.599505424E0,4.368995190E0
5.548844980E-1,-2.461018085E0,8.594719887E0,4.429114819E0
5.572621540E-1,-2.422732830E0,8.594719887E0,4.529613495E0
5.596398100E-1,-2.382055044E0,8.563612938E0,4.579862595E0
5.620182480E-1,-2.346162558E0,8.496614456E0,4.666004181E0
5.643966850E-1,-2.350948334E0,8.460721970E0,4.735395908E0
5.667743410E-1,-2.355733871E0,8.386544228E0,4.800002098E0
5.691519980E-1,-2.389233351E0,8.324331284E0,4.874179840E0
5.715304350E-1,-2.405983210E0,8.269295692E0,4.905286312E0
5.739088730E-1,-2.417947292E0,8.238189697E0,4.934000492E0
5.762865290E-1,-2.437089920E0,8.211868286E0,4.962714195E0
5.786641850E-1,-2.446661234E0,8.192725182E0,4.979464054E0
5.810426230E-1,-2.475374937E0,8.161619186E0,5.020441055E0
5.834210600E-1,-2.492124796E0,8.187939644E0,5.001298428E0
5.857987160E-1,-2.494517565E0,8.221439362E0,5.003691196E0
5.881763730E-1,-2.513660192E0,8.221439362E0,5.001298428E0
5.905548100E-1,-2.532802820E0,8.240582466E0,5.010869503E0
5.929332480E-1,-2.554338217E0,8.264510155E0,5.030012131E0
5.953109040E-1,-2.556730986E0,8.278866768E0,5.049154758E0
5.976885600E-1,-2.578266382E0,8.293224335E0,5.073082924E0
6.000669980E-1,-2.599801779E0,8.309973717E0,5.073082924E0
6.024453830E-1,-2.606980324E0,8.314759254E0,5.077868938E0
6.048230390E-1,-2.635694027E0,8.345866203E0,5.075475693E0
6.072006950E-1,-2.662015200E0,8.353044510E0,5.097011566E0
6.095791330E-1,-2.662015200E0,8.353044510E0,5.099404335E0
6.119575700E-1,-2.678765059E0,8.384151459E0,5.080261707E0
6.143355390E-1,-2.707478762E0,8.388936996E0,5.061119080E0
6.167134040E-1,-2.733799934E0,8.398508072E0,5.041976452E0
6.190912680E-1,-2.743371248E0,8.403293610E0,5.041976452E0
6.214691330E-1,-2.719442844E0,8.429615021E0,5.006083965E0
6.238469980E-1,-2.676372051E0,8.455936432E0,4.989334106E0
6.262248620E-1,-2.523231506E0,8.542078018E0,5.032404900E0
6.286033520E-1,-2.243271112E0,8.705088615E0,5.123332500E0
6.309819450E-1,-2.310270309E0,8.673981667E0,5.233402252E0
6.333596020E-1,-2.434697151E0,8.601898193E0,5.309972763E0
6.357372580E-1,-2.539981127E0,8.518149376E0,5.384150028E0
6.381156950E-1,-2.638087034E0,8.467900276E0,5.446363449E0
6.404941330E-1,-2.748156786E0,8.391329765E0,5.439185143E0
6.428717890E-1,-2.832204819E0,8.338687897E0,5.446363449E0
6.452494450E-1,-2.903989315E0,8.343473434E0,5.436792374E0
6.476278830E-1,-2.963809967E0,8.309973717E0,5.405685425E0
6.500062680E-1,-3.018844843E0,8.293224335E0,5.324329376E0
6.523839250E-1,-3.054737091E0,8.321938515E0,5.259723186E0
6.547615810E-1,-3.093022346E0,8.341080666E0,5.183153152E0
6.571400180E-1,-3.093022346E0,8.374580383E0,5.101797104E0
6.595184560E-1,-3.145664454E0,8.379365921E0,5.041976452E0
6.618961120E-1,-3.152842999E0,8.408080101E0,4.962714195E0
6.642737680E-1,-3.169592619E0,8.427222252E0,4.912465096E0
6.666522060E-1,-3.160021305E0,8.434400558E0,4.845465660E0
6.690306430E-1,-3.145664454E0,8.477471352E0,4.838287354E0
6.714083000E-1,-3.095415115E0,8.532505989E0,4.828716278E0
6.737859560E-1,-3.059522867E0,8.546863556E0,4.804787636E0
6.761643930E-1,-3.023630619E0,8.585148811E0,4.814359188E0
6.785428310E-1,-2.963809967E0,8.616254807E0,4.804787636E0
6.809204870E-1,-2.913560629E0,8.637790680E0,4.835894585E0
6.832981430E-1,-2.877668381E0,8.676374435E0,4.840680122E0
6.856765810E-1,-2.839383125E0,8.709874153E0,4.850251675E0
6.880550180E-1,-2.791526794E0,8.721838951E0,4.867001057E0
6.904326750E-1,-2.758027315E0,8.717052460E0,4.881358147E0
6.928103310E-1,-2.719442844E0,8.683553696E0,4.914857864E0
6.951887680E-1,-2.700300455E0,8.676374435E0,4.957928658E0
6.975671540E-1,-2.697907448E0,8.652147293E0,4.998905659E0
6.999448100E-1,-2.685943365E0,8.628219604E0,5.039583683E0
7.023224660E-1,-2.654836655E0,8.587541580E0,5.087440014E0
7.047009040E-1,-2.662015200E0,8.558827400E0,5.137689114E0
7.070793410E-1,-2.666800737E0,8.556434631E0,5.185545921E0
7.094569980E-1,-2.664407969E0,8.520542145E0,5.219045162E0
7.118346540E-1,-2.678765059E0,8.491828918E0,5.221437931E0
7.142130910E-1,-2.697907448E0,8.467900276E0,5.226223946E0
7.165915290E-1,-2.700300455E0,8.448758125E0,5.238187790E0
7.189691850E-1,-2.712264538E0,8.420043945E0,5.250152111E0
7.213468410E-1,-2.736192703E0,8.422436714E0,5.247759342E0
7.237252790E-1,-2.724228621E0,8.391329765E0,5.254937649E0
7.261037160E-1,-2.760420084E0,8.400900841E0,5.185545921E0
7.284813730E-1,-2.755634308E0,8.372187614E0,5.164010525E0
7.308590290E-1,-2.774776936E0,8.379365921E0,5.123332500E0
7.332374660E-1,-2.789133787E0,8.350651741E0,5.089832783E0
7.356159040E-1,-2.798705101E0,8.381758690E0,5.053940296E0
7.379935600E-1,-2.829811811E0,8.367402077E0,5.022833824E0
7.403712160E-1,-2.846561670E0,8.408080101E0,4.929214478E0
7.427496540E-1,-2.884846687E0,8.408080101E0,4.859822750E0
7.451280390E-1,-2.930310488E0,8.424829483E0,4.761716843E0
7.475056950E-1,-2.963809967E0,8.475078583E0,4.699503899E0
7.498834040E-1,-3.026023388E0,8.458329201E0,4.627718925E0
7.522618410E-1,-3.081058264E0,8.479864120E0,4.551148891E0
7.546402270E-1,-3.116950512E0,8.499007225E0,4.486542225E0
7.570178830E-1,-3.171985626E0,8.491828918E0,4.426422596E0
7.593955390E-1,-3.195913792E0,8.525327682E0,4.385744572E0
7.617739770E-1,-3.234198809E0,8.537292480E0,4.323531628E0
7.641524140E-1,-3.265305519E0,8.546863556E0,4.304389000E0
7.665300700E-1,-3.291626692E0,8.551649094E0,4.256532192E0
7.689077270E-1,-3.325425386E0,8.544470787E0,4.211068630E0
7.712861640E-1,-3.346960783E0,8.546863556E0,4.175176620E0
7.736646020E-1,-3.370888948E0,8.568398476E0,4.146462440E0
7.760422580E-1,-3.380460262E0,8.580363274E0,4.146462440E0
7.784199140E-1,-3.390031576E0,8.580363274E0,4.156033993E0
7.807983520E-1,-3.361317635E0,8.609076500E0,4.189533234E0
7.831767890E-1,-3.356531858E0,8.599505424E0,4.237389565E0
7.855544450E-1,-3.344567776E0,8.604290962E0,4.306781769E0
7.879321020E-1,-3.318246841E0,8.628219604E0,4.359423637E0
7.903105390E-1,-3.267698526E0,8.640183449E0,4.429114819E0
7.926889770E-1,-3.262912750E0,8.628219604E0,4.534399033E0
7.950666330E-1,-3.181556702E0,8.623434067E0,4.632504463E0
7.974442890E-1,-3.157628536E0,8.616254807E0,4.704289436E0
7.998227270E-1,-3.107379198E0,8.630612373E0,4.800002098E0
8.022011120E-1,-3.081058264E0,8.625826836E0,4.902893543E0
8.045787680E-1,-3.042773008E0,8.628219604E0,5.013262749E0
8.069564770E-1,-3.006880760E0,8.585148811E0,5.063511848E0
8.093349140E-1,-2.975774050E0,8.587541580E0,5.154438972E0
8.117133000E-1,-2.956631422E0,8.554041862E0,5.202295303E0
8.140909560E-1,-2.956631422E0,8.496614456E0,5.262115955E0
8.164686120E-1,-2.875275612E0,8.420043945E0,5.336293697E0
8.188470500E-1,-2.789133787E0,8.302795410E0,5.355436325E0
8.212254870E-1,-2.709871531E0,8.190332413E0,5.403292656E0
8.236031430E-1,-2.568695068E0,8.053643227E0,5.443970680E0
8.259808000E-1,-2.401197433E0,7.969893932E0,5.429613590E0
8.283592370E-1,-2.245664120E0,7.852645874E0,5.446363449E0
8.307376750E-1,-2.094617128E0,7.790432453E0,5.441577911E0
8.331153310E-1,-1.948654890E0,7.697112083E0,5.415256977E0
8.354929870E-1,-1.819442511E0,7.642077446E0,5.403292656E0
8.378714250E-1,-1.740479350E0,7.615756035E0,5.367400169E0
8.402498620E-1,-1.718943954E0,7.596613884E0,5.283651352E0
8.426275180E-1,-1.726122379E0,7.589435101E0,5.221437931E0
8.450051750E-1,-1.754836321E0,7.603792191E0,5.159224510E0
8.473836120E-1,-1.800299883E0,7.637291908E0,5.118546963E0
8.497620500E-1,-1.884048700E0,7.622934818E0,5.070690155E0
8.521397060E-1,-1.986940145E0,7.646862984E0,5.034798145E0
8.545173620E-1,-2.070688963E0,7.646862984E0,5.049154758E0
8.568958000E-1,-2.034796476E0,7.661220074E0,4.981856823E0
8.592742370E-1,-2.015654087E0,7.651648521E0,4.924428940E0
8.616518930E-1,-2.061117649E0,7.627720356E0,4.943571568E0
8.640295500E-1,-2.097009897E0,7.591827869E0,4.945964336E0
8.664079870E-1,-2.132902384E0,7.551149845E0,4.977071285E0
8.687863730E-1,-2.168794632E0,7.493422985E0,5.001298428E0
8.711640290E-1,-2.187937260E0,7.424031258E0,5.034798145E0
8.735416850E-1,-2.197807550E0,7.364210606E0,5.032404900E0
8.759201230E-1,-2.209771633E0,7.318747044E0,5.044369221E0
8.782985600E-1,-2.209771633E0,7.232605457E0,5.068297386E0
8.806762160E-1,-2.228914261E0,7.182356358E0,5.082654476E0
8.830538730E-1,-2.283949137E0,7.105785847E0,5.053940296E0
8.854323100E-1,-2.350948334E0,7.055536747E0,5.037190914E0
8.878107480E-1,-2.441875458E0,6.981359005E0,5.006083965E0
8.901884040E-1,-2.568695068E0,6.949953556E0,4.972285271E0
8.925660600E-1,-2.666800737E0,6.923632145E0,4.931607246E0
8.949444980E-1,-2.793919563E0,6.882954121E0,4.934000492E0
8.973229350E-1,-2.755634308E0,6.868597507E0,4.867001057E0
8.997005910E-1,-2.911167860E0,6.873383045E0,4.850251675E0
9.020782480E-1,-3.100200891E0,6.868597507E0,4.828716278E0
9.044566850E-1,-3.217449188E0,6.851847649E0,4.800002098E0
9.068351230E-1,-3.279662609E0,6.894918442E0,4.804787636E0
9.092127790E-1,-3.351746321E0,6.911668301E0,4.838287354E0
9.115904350E-1,-3.394817114E0,6.947560310E0,4.881358147E0
9.139688730E-1,-3.411566973E0,6.978966236E0,4.924428940E0
9.163473100E-1,-3.368496180E0,6.995716095E0,4.931607246E0
9.187249660E-1,-3.342175007E0,7.060322285E0,4.929214478E0
9.211026230E-1,-3.305983543E0,7.086643219E0,4.914857864E0
9.234810600E-1,-3.265305519E0,7.098607540E0,4.917250633E0
9.258594980E-1,-3.246163130E0,7.127321243E0,4.893322468E0
9.282371540E-1,-3.212663412E0,7.141678333E0,4.855037212E0
9.306148100E-1,-3.198306561E0,7.167999268E0,4.826323509E0
9.329932480E-1,-3.191128016E0,7.194320202E0,4.776073933E0
9.353716850E-1,-3.174378395E0,7.199106216E0,4.744967461E0
9.377493410E-1,-3.195913792E0,7.244569778E0,4.692325115E0
9.401269980E-1,-3.193521023E0,7.261319637E0,4.673182487E0
9.425054350E-1,-3.207877874E0,7.266105175E0,4.637290478E0
9.448838200E-1,-3.219841957E0,7.261319637E0,4.618147850E0
9.472614770E-1,-3.227020502E0,7.261319637E0,4.582255363E0
9.496391330E-1,-3.234198809E0,7.285247803E0,4.582255363E0
9.520175700E-1,-3.215056419E0,7.285247803E0,4.558327198E0
9.543960080E-1,-3.193521023E0,7.299604416E0,4.539184570E0
9.567736640E-1,-3.181556702E0,7.282855034E0,4.498506546E0
9.591513200E-1,-3.148057222E0,7.316354275E0,4.455435753E0
9.615297580E-1,-3.088236809E0,7.316354275E0,4.450650215E0
9.639081950E-1,-3.037987471E0,7.316354275E0,4.436293125E0
9.662858520E-1,-3.021237612E0,7.342675209E0,4.392923355E0
9.686635080E-1,-2.961417198E0,7.361817837E0,4.388137817E0
9.710419450E-1,-2.913560629E0,7.373782158E0,4.354638100E0
9.734203830E-1,-2.894418001E0,7.383353233E0,4.309174538E0
9.757980390E-1,-2.863311291E0,7.376174927E0,4.306781769E0
9.781756950E-1,-2.810669184E0,7.380960464E0,4.294817448E0
9.805541330E-1,-2.774776936E0,7.376174927E0,4.282853603E0
9.829325700E-1,-2.721835852E0,7.419245720E0,4.232604027E0
9.853102270E-1,-2.676372051E0,7.419245720E0,4.211068630E0
9.876878830E-1,-2.635694027E0,7.452745438E0,4.175176620E0
9.900663200E-1,-2.590230465E0,7.464709282E0,4.156033993E0
9.924447580E-1,-2.551945448E0,7.481459141E0,4.122534275E0
9.948224140E-1,-2.547159672E0,7.459923744E0,4.151247978E0
9.972000700E-1,-2.554338217E0,7.459923744E0,4.151247978E0
9.995785080E-1,-2.561516523E0,7.459923744E0,4.172783375E0
1.001956945E0,-2.571087837E0,7.471887589E0,4.208675861E0
1.004334602E0,-2.573480844E0,7.476673603E0,4.232604027E0
1.006712258E0,-2.595016241E0,7.483851910E0,4.256532192E0
1.009090695E0,-2.623729944E0,7.502994537E0,4.316352844E0
1.011469133E0,-2.621337175E0,7.514958382E0,4.340281010E0
1.013846789E0,-2.652443886E0,7.532007694E0,4.409673214E0
1.016224445E0,-2.662015200E0,7.541578770E0,4.455435753E0
1.018602883E0,-2.671586514E0,7.587042332E0,4.527220249E0
1.020981268E0,-2.707478762E0,7.601399422E0,4.596612453E0
1.023358925E0,-2.733799934E0,7.572685242E0,4.627718925E0
1.025736581E0,-2.719442844E0,7.567899704E0,4.572684288E0
1.028115018E0,-2.673979282E0,7.587042332E0,4.570291042E0
1.030493456E0,-2.650051117E0,7.610970497E0,4.601397991E0
1.032871112E0,-2.590230465E0,7.613363266E0,4.685146809E0
1.035248768E0,-2.496910334E0,7.649255753E0,4.735395908E0
1.037627206E0,-2.492124796E0,7.649255753E0,4.771288395E0
1.040005643E0,-2.477767944E0,7.663612843E0,4.764110088E0
1.042383300E0,-2.468196630E0,7.680362701E0,4.776073933E0
1.044760956E0,-2.492124796E0,7.666005611E0,4.768895626E0
1.047139393E0,-2.537588358E0,7.608577728E0,4.761716843E0
1.049517831E0,-2.611765862E0,7.603792191E0,4.737788677E0
1.051895487E0,-2.650051117E0,7.579864025E0,4.697110653E0
1.054273143E0,-2.729014158E0,7.567899704E0,4.630111694E0
1.056651581E0,-2.815454960E0,7.534400463E0,4.572684288E0
1.059030018E0,-2.889632463E0,7.498209000E0,4.467400074E0
1.061407675E0,-2.990130901E0,7.486244678E0,4.366602421E0
1.063785331E0,-3.073879719E0,7.452745438E0,4.309174538E0
1.066163768E0,-3.188735247E0,7.464709282E0,4.194318771E0
1.068542206E0,-3.236591816E0,7.440781116E0,4.182354927E0
1.070919862E0,-3.241377354E0,7.479066372E0,4.053142548E0
1.073297518E0,-3.272484064E0,7.514958382E0,3.926322937E0
1.075675956E0,-3.289233923E0,7.502994537E0,3.859024763E0
1.078054393E0,-3.370888948E0,7.502994537E0,3.787240028E0
1.080432050E0,-3.430709362E0,7.532007694E0,3.734597921E0
1.082809706E0,-3.476173162E0,7.567899704E0,3.672384501E0
1.085188143E0,-3.559921980E0,7.594220638E0,3.593421459E0
1.087566581E0,-3.612564087E0,7.601399422E0,3.516851187E0
1.089944237E0,-3.674777269E0,7.630113125E0,3.461816072E0
1.092321893E0,-3.765704632E0,7.594220638E0,3.411566973E0
1.094700331E0,-3.813561201E0,7.646862984E0,3.308675528E0
1.097078768E0,-3.760919094E0,7.764111042E0,3.222234726E0
1.099456425E0,-3.698705673E0,7.845467091E0,3.133700371E0
1.101834081E0,-3.641277790E0,7.876574039E0,3.054737091E0
1.104212518E0,-3.617349625E0,7.931608677E0,2.978166819E0
1.106590904E0,-3.636492252E0,7.943572998E0,2.942274570E0
1.108968560E0,-3.653241873E0,7.950751305E0,2.927917719E0
1.111346268E0,-3.650849104E0,7.943572998E0,2.918346405E0
1.113724706E0,-3.650849104E0,7.943572998E0,2.920739174E0
1.116103091E0,-3.669991732E0,7.962715626E0,2.925524712E0
1.118480748E0,-3.662813187E0,7.960322857E0,2.899203777E0
1.120858456E0,-3.665206194E0,7.953144073E0,2.923131943E0
1.123236893E0,-3.662813187E0,7.953144073E0,2.954238653E0
1.125615279E0,-3.681955814E0,7.941180229E0,3.006880760E0
1.127992935E0,-3.689134359E0,7.924430370E0,3.026023388E0
1.130370643E0,-3.696312666E0,7.929215908E0,3.047558784E0
1.132749081E0,-3.715455294E0,7.922037601E0,3.085843801E0
1.135127466E0,-3.736990690E0,7.950751305E0,3.100200891E0
1.137505123E0,-3.753740549E0,7.912466049E0,3.107379198E0
1.139882779E0,-3.775275946E0,7.907680511E0,3.093022346E0
1.142261216E0,-3.796811342E0,7.902894974E0,3.107379198E0
1.144639654E0,-3.883252144E0,7.883752346E0,3.119343519E0
1.147017310E0,-3.888037682E0,7.895716667E0,3.179163933E0
1.149394966E0,-3.911965847E0,7.910073280E0,3.121736288E0
1.151773404E0,-3.928715706E0,7.929215908E0,3.081058264E0
1.154151841E0,-3.974179268E0,7.953144073E0,3.045166016E0
1.156529498E0,-4.019642830E0,7.955537319E0,2.999702215E0
1.158907154E0,-4.012464523E0,7.931608677E0,2.990130901E0
1.161285591E0,-4.041178226E0,7.941180229E0,2.980559587E0
1.163664029E0,-4.074677944E0,7.974679470E0,2.978166819E0
1.166041685E0,-4.100998878E0,7.996214867E0,2.951845884E0
1.168419341E0,-4.086641788E0,8.056035995E0,2.949453115E0
1.170797779E0,-4.055535316E0,8.135297775E0,2.954238653E0
1.173176216E0,-4.261318207E0,8.022536278E0,3.140878916E0
1.175553873E0,-4.536791801E0,7.898109436E0,3.437887907E0
1.177931529E0,-4.721039295E0,7.833503246E0,3.586242914E0
1.180309966E0,-4.689932346E0,7.855038643E0,3.547957659E0
1.182688404E0,-4.627718925E0,7.953144073E0,3.483351469E0
1.185066060E0,-4.522434711E0,8.034500122E0,3.411566973E0
1.187443716E0,-4.428815842E0,8.123333931E0,3.361317635E0
1.189822154E0,-4.366602421E0,8.192725182E0,3.303590775E0
1.192200591E0,-4.361816406E0,8.175975800E0,3.320639610E0
1.194578248E0,-4.357030869E0,8.183154106E0,3.397209883E0
1.196955904E0,-4.484149456E0,8.082356453E0,3.612564087E0
1.199334341E0,-4.706682205E0,7.878966808E0,4.177569389E0
1.201712779E0,-4.776073933E0,7.941180229E0,4.601397991E0
1.204090435E0,-4.639683247E0,8.106583595E0,3.574278831E0
1.206468091E0,-4.462614059E0,8.154440880E0,3.325425386E0
1.208846529E0,-4.081856251E0,8.290831566E0,3.452244759E0
1.211224966E0,-3.863810301E0,8.348258972E0,3.136093140E0
1.213602623E0,-3.784847260E0,8.362615585E0,3.081058264E0
1.215980279E0,-3.897608995E0,8.331509590E0,2.942274570E0
1.218358716E0,-3.940679789E0,8.302795410E0,2.868097067E0
1.220737154E0,-3.931108475E0,8.290831566E0,3.028416157E0
1.223114810E0,-3.823132277E0,8.264510155E0,3.238984585E0
1.225492466E0,-3.775275946E0,8.252546310E0,3.421138287E0
1.227870904E0,-3.835096598E0,8.271688461E0,3.653241873E0
1.230249341E0,-3.926322937E0,8.288438797E0,3.859024763E0
1.232626998E0,-3.993321896E0,8.321938515E0,4.048357010E0
1.235004654E0,-3.943072557E0,8.391329765E0,4.261318207E0
1.237383091E0,-3.890430450E0,8.484649658E0,4.409673214E0
1.239761477E0,-3.897608995E0,8.544470787E0,4.484149456E0
1.242139133E0,-3.950251102E0,8.611469269E0,4.548755646E0
1.244516841E0,-4.024428368E0,8.669196129E0,4.524827480E0
1.246895279E0,-4.084249020E0,8.731410027E0,4.570291042E0
1.249273664E0,-4.091427803E0,8.815158844E0,4.582255363E0
1.251651320E0,-4.077070713E0,8.930013657E0,4.666004181E0
1.254029029E0,-4.093820572E0,9.032905579E0,4.730610371E0
1.256407466E0,-4.093820572E0,9.111868858E0,4.780859470E0
1.258785852E0,-4.151247978E0,9.186046600E0,4.800002098E0
1.261163508E0,-4.177569389E0,9.248558998E0,4.835894585E0
1.263541164E0,-4.239782810E0,9.298808098E0,4.881358147E0
1.265919602E0,-4.270889282E0,9.322735786E0,4.919643402E0
1.268298039E0,-4.333102703E0,9.346664429E0,4.981856823E0
1.270675695E0,-4.390530586E0,9.349057198E0,5.061119080E0
1.273053352E0,-4.448257446E0,9.363413811E0,5.068297386E0
1.275431789E0,-4.445864677E0,9.435198784E0,5.207081318E0
1.277810227E0,-4.443471432E0,9.545269012E0,5.281258583E0
1.280187883E0,-4.472185612E0,9.621838570E0,5.271687508E0
1.282565539E0,-4.520041943E0,9.652945518E0,5.257330418E0
1.284943977E0,-4.524827480E0,9.660123825E0,5.288437366E0
1.287322414E0,-4.551148891E0,9.669695854E0,5.290830135E0
1.289700070E0,-4.555934429E0,9.664909363E0,5.278865814E0
1.292077727E0,-4.515256405E0,9.667302132E0,5.286044121E0
1.294456164E0,-4.462614059E0,9.681659698E0,5.290830135E0
1.296834602E0,-4.380959034E0,9.681659698E0,5.293222904E0
1.299212258E0,-4.280460835E0,9.729516029E0,5.290830135E0
1.301589914E0,-4.258925438E0,9.751050949E0,5.276473045E0
1.303968352E0,-4.196712017E0,9.792028427E0,5.264508724E0
1.306346789E0,-4.242175579E0,9.811170578E0,5.254937649E0
1.308724445E0,-4.268496513E0,9.863813400E0,5.214259624E0
1.311102102E0,-4.280460835E0,9.921240807E0,5.154438972E0
1.313480539E0,-4.251746655E0,9.978668213E0,5.073082924E0
1.315858977E0,-4.234996796E0,1.002413273E1,4.965106964E0
1.318236633E0,-4.160819530E0,1.006480980E1,4.883750916E0
1.320614289E0,-4.141676903E0,1.008156013E1,4.800002098E0
1.322992727E0,-4.136891365E0,1.009591675E1,4.718646049E0
1.325371164E0,-4.112963200E0,1.011266708E1,4.654039860E0
1.327748820E0,-4.033999920E0,1.010309505E1,4.601397991E0
1.330126477E0,-3.933501244E0,1.011027431E1,4.546362877E0
1.332504914E0,-3.808775425E0,1.006720352E1,4.462614059E0
1.334883352E0,-3.772883177E0,1.007677460E1,4.380959034E0
1.337261008E0,-3.768097401E0,1.012941647E1,4.321138382E0
1.339638664E0,-3.775275946E0,1.014616585E1,4.301996231E0
1.342017102E0,-3.756133318E0,1.016052341E1,4.206283092E0
1.344395539E0,-3.756133318E0,1.018684387E1,4.175176620E0
1.346773195E0,-3.734597921E0,1.019162941E1,4.117748737E0
1.349150852E0,-3.739383698E0,1.019162941E1,4.108177185E0
1.351529289E0,-3.715455294E0,1.017966557E1,4.041178226E0
1.353907727E0,-3.672384501E0,1.017966557E1,3.931108475E0
1.356285383E0,-3.612564087E0,1.018923664E1,3.818346739E0
1.358663039E0,-3.516851187E0,1.018205833E1,3.732205153E0
1.361041477E0,-3.378067255E0,1.011745262E1,3.686741590E0
1.363419914E0,-3.224627733E0,1.008873844E1,3.622135162E0
1.365797570E0,-3.100200891E0,1.004806042E1,3.629313707E0
1.368175227E0,-2.935096025E0,1.003609657E1,3.679563046E0
1.370553664E0,-2.851347208E0,1.014138031E1,3.727419376E0
1.372932102E0,-2.884846687E0,1.020837975E1,3.624528170E0
1.375309758E0,-2.982952595E0,1.014855862E1,3.497708559E0
1.377687414E0,-2.999702215E0,1.016530895E1,3.394817114E0
1.380065852E0,-2.951845884E0,1.018684387E1,3.270091295E0
1.382444289E0,-2.944667339E0,1.008873844E1,3.133700371E0
1.384821945E0,-2.892025232E0,9.885348320E0,2.892025232E0
1.387199602E0,-2.777169704E0,9.861420631E0,2.774776936E0
1.389578039E0,-2.700300455E0,9.746265411E0,2.556730986E0
1.391956477E0,-2.616551638E0,9.284450531E0,1.994118571E0
1.394334133E0,-2.379662037E0,9.399306297E0,1.912762642E0
1.396711789E0,-2.212164640E0,9.514162064E0,1.946262121E0
1.399090227E0,-2.135295153E0,9.547661781E0,2.063510418E0
1.401468612E0,-2.092224360E0,9.588339806E0,2.142473459E0
1.403846268E0,-2.137687922E0,9.617053032E0,2.238485575E0
1.406223977E0,-2.183151484E0,9.652945518E0,2.341377020E0
1.408602414E0,-2.231307030E0,9.676874161E0,2.446661234E0
1.410980852E0,-2.305484533E0,9.731908798E0,2.516052961E0
1.413358508E0,-2.360519648E0,9.796813965E0,2.597409010E0
1.415736164E0,-2.372483730E0,9.849455833E0,2.690729141E0
1.418114602E0,-2.429911375E0,9.868598938E0,2.707478762E0
1.420492987E0,-2.468196630E0,9.894919395E0,2.753241539E0
1.422870643E0,-2.518445730E0,9.937990189E0,2.772384167E0
1.425248352E0,-2.566302299E0,9.966704369E0,2.779562712E0
1.427626789E0,-2.621337175E0,9.964311600E0,2.796312332E0
1.430005175E0,-2.666800737E0,9.988240242E0,2.822633505E0
1.432382831E0,-2.688336134E0,1.002891827E1,2.827419043E0
1.434760539E0,-2.714657307E0,1.005523872E1,2.875275612E0
1.437138977E0,-2.740978241E0,1.006480980E1,2.884846687E0
1.439517362E0,-2.750848770E0,1.011745262E1,2.872882605E0
1.441895018E0,-2.769991398E0,1.013898754E1,2.829811811E0
1.444272675E0,-2.789133787E0,1.017009449E1,2.817847729E0
1.446651112E0,-2.813062191E0,1.022512913E1,2.748456001E0
1.449029550E0,-2.858525753E0,1.029452133E1,2.724228621E0
1.451407206E0,-2.841775894E0,1.032084274E1,2.697907448E0
1.453784862E0,-2.872882605E0,1.037139034E1,2.659622431E0
1.456163300E0,-2.880061150E0,1.040967560E1,2.618944407E0
1.458541737E0,-2.901596546E0,1.045513916E1,2.604587555E0
1.460919393E0,-2.927917719E0,1.051735306E1,2.561516523E0
1.463297050E0,-2.949453115E0,1.054845905E1,2.587837696E0
1.465675487E0,-2.966202736E0,1.060349464E1,2.587837696E0
1.468053925E0,-2.982952595E0,1.066092205E1,2.604587555E0
1.470431581E0,-2.999702215E0,1.070638561E1,2.606980324E0
1.472809237E0,-3.037987471E0,1.071356392E1,2.571087837E0
1.475187675E0,-3.176771164E0,1.073509979E1,2.551945448E0
1.477566112E0,-3.229413271E0,1.078056335E1,2.618944407E0
1.479943768E0,-3.011666298E0,1.083799076E1,2.482553482E0
1.482321425E0,-2.863311291E0,1.095553875E1,2.468196630E0
1.484699862E0,-2.839383125E0,1.100100231E1,2.458625317E0
1.487078300E0,-2.903989315E0,1.106800079E1,2.410768747E0
1.489455956E0,-2.963809967E0,1.110628605E1,2.336591244E0
1.491833612E0,-2.978166819E0,1.111107159E1,2.283949137E0
1.494212050E0,-2.994916677E0,1.111825085E1,2.231307030E0
1.496590487E0,-3.006880760E0,1.117089272E1,2.188236237E0
1.498968143E0,-3.018844843E0,1.124028397E1,2.128116608E0
1.501345800E0,-2.990130901E0,1.130249786E1,2.080260277E0
1.503724237E0,-2.954238653E0,1.134796143E1,2.027618170E0
1.506102675E0,-2.937488794E0,1.139581776E1,1.951047778E0
1.508480331E0,-2.923131943E0,1.144367409E1,1.896012783E0
1.510857987E0,-2.908775091E0,1.146072292E1,1.874477386E0
1.513236425E0,-2.882453918E0,1.148465157E1,1.819442511E0
1.515614862E0,-2.839383125E0,1.153490067E1,1.790728688E0
1.517992518E0,-2.827419043E0,1.153250790E1,1.807478428E0
1.520370175E0,-2.777169704E0,1.156361485E1,1.790728688E0
1.522748612E0,-2.740978241E0,1.156361485E1,1.752443433E0
1.525127050E0,-2.714657307E0,1.152532959E1,1.762014747E0
1.527504706E0,-2.676372051E0,1.153729343E1,1.752443433E0
1.529882362E0,-2.647658348E0,1.151815128E1,1.759621978E0
1.532260800E0,-2.599801779E0,1.147986603E1,1.778764486E0
1.534639237E0,-2.573480844E0,1.146311569E1,1.766800404E0
1.537016893E0,-2.571087837E0,1.144128132E1,1.805085540E0
1.539394550E0,-2.566302299E0,1.139821053E1,1.821835399E0
1.541772987E0,-2.537588358E0,1.135513973E1,1.817049742E0
1.544151425E0,-2.535195589E0,1.131446171E1,1.852941990E0
1.546529081E0,-2.523231506E0,1.123310566E1,1.869691849E0
1.548906737E0,-2.532802820E0,1.118285656E1,1.912762642E0
1.551285175E0,-2.523231506E0,1.114457130E1,1.963011861E0
1.553663612E0,-2.542374134E0,1.107996559E1,2.001296997E0
1.556041268E0,-2.520838737E0,1.100578785E1,1.982154489E0
1.558418925E0,-2.501696110E0,1.094836044E1,1.994118571E0
1.560797362E0,-2.468196630E0,1.087627602E1,1.970190287E0
1.563175800E0,-2.458625317E0,1.081884861E1,1.982154489E0
1.565553456E0,-2.425125837E0,1.072552872E1,1.982154489E0
1.567931112E0,-2.398804665E0,1.067049313E1,1.994118571E0
1.570309550E0,-2.386840582E0,1.060828018E1,2.037189484E0
1.572687987E0,-2.358126640E0,1.055085278E1,2.056331873E0
1.575065643E0,-2.374876499E0,1.046949673E1,2.032403708E0
1.577443300E0,-2.353341103E0,1.037856865E1,2.049153566E0
1.579821737E0,-2.346162558E0,1.032802105E1,2.053939104E0
1.582200175E0,-2.336591244E0,1.026580715E1,2.013261080E0
1.584577831E0,-2.322234392E0,1.022752190E1,1.989332914E0
1.586955487E0,-2.331805706E0,1.016052341E1,1.960619092E0
1.589333925E0,-2.305484533E0,1.012702370E1,1.912762642E0
1.591712362E0,-2.288734913E0,1.008873844E1,1.893620014E0
1.594090018E0,-2.248056889E0,1.008395290E1,1.886441588E0
1.596467675E0,-2.224128723E0,1.002413273E1,1.857727647E0
1.598846112E0,-2.183151484E0,1.003609657E1,1.845763564E0
1.601224550E0,-2.180758715E0,9.993025780E0,1.814656854E0
1.603602206E0,-2.185544491E0,9.947562218E0,1.783550143E0
1.605979862E0,-2.185544491E0,9.892526627E0,1.733300924E0
1.608358300E0,-2.171187401E0,9.868598938E0,1.695015788E0
1.610736737E0,-2.106581211E0,9.859027863E0,1.671087503E0
1.613114393E0,-2.082653046E0,9.823135376E0,1.654337764E0
1.615492050E0,-2.053939104E0,9.789635658E0,1.635195136E0
1.617870487E0,-2.041975021E0,9.700801849E0,1.601396561E0
1.620248925E0,-2.032403708E0,9.664909363E0,1.584646821E0
1.622626581E0,-2.025225163E0,9.583553314E0,1.577468276E0
1.625004237E0,-2.053939104E0,9.538089752E0,1.529611826E0
1.627382675E0,-2.010868311E0,9.459127426E0,1.524826288E0
1.629761112E0,-1.984547257E0,9.384949684E0,1.491326690E0
1.632138768E0,-1.941476464E0,9.365806580E0,1.441077471E0
1.634516425E0,-1.936690807E0,9.317950249E0,1.405185103E0
1.636894862E0,-1.958226204E0,9.260522842E0,1.347757339E0
1.639273300E0,-1.929512382E0,9.224630356E0,1.297508121E0
1.641650956E0,-1.953440547E0,9.157332420E0,1.254437327E0
1.644028612E0,-1.929512382E0,9.107083321E0,1.220937729E0
1.646407050E0,-1.939083695E0,9.044869423E0,1.220937729E0
1.648785487E0,-1.929512382E0,8.985049248E0,1.216152072E0
1.651163143E0,-1.931905150E0,8.941978455E0,1.208973646E0
1.653540800E0,-1.907976985E0,8.858229637E0,1.230509043E0
1.655919237E0,-1.922333837E0,8.803194046E0,1.218544960E0
1.658297675E0,-1.967797518E0,8.733802795E0,1.223330617E0
1.660675331E0,-1.972583175E0,8.652147293E0,1.218544960E0
1.663052987E0,-2.008475542E0,8.599505424E0,1.261615753E0
1.665431425E0,-2.061117649E0,8.544470787E0,1.295115232E0
1.667809862E0,-2.077867270E0,8.520542145E0,1.319043517E0
1.670187518E0,-2.120938063E0,8.477471352E0,1.340578914E0
1.672565175E0,-2.132902384E0,8.458329201E0,1.400399446E0
1.674943612E0,-2.137687922E0,8.443971634E0,1.431506157E0
1.677322050E0,-2.185544491E0,8.410472870E0,1.450648785E0
1.679699706E0,-2.212164640E0,8.398508072E0,1.469791293E0
1.682077362E0,-2.260020971E0,8.367402077E0,1.453041553E0
1.684455800E0,-2.248056889E0,8.336295128E0,1.453041553E0
1.686834237E0,-2.283949137E0,8.345866203E0,1.462612867E0
1.689211893E0,-2.295913219E0,8.307580948E0,1.460219979E0
1.691589550E0,-2.267199516E0,8.324331284E0,1.450648785E0
1.693967987E0,-2.233700037E0,8.290831566E0,1.421934843E0
1.696346373E0,-2.209771633E0,8.274081230E0,1.357328653E0
1.698724029E0,-2.197807550E0,8.262117386E0,1.295115232E0
1.701101737E0,-2.180758715E0,8.240582466E0,1.230509043E0
1.703480175E0,-2.190629244E0,8.216653824E0,1.165902853E0
1.705858612E0,-2.212164640E0,8.197511673E0,1.110867858E0
1.708236268E0,-2.228914261E0,8.144868851E0,1.043569803E0
1.710613925E0,-2.231307030E0,8.142476082E0,9.693922997E-1
1.712992362E0,-2.260020971E0,8.094619751E0,9.526425004E-1
1.715370800E0,-2.248056889E0,8.101798058E0,9.000003934E-1
1.717748456E0,-2.271985054E0,8.097012520E0,8.569296002E-1
1.720126112E0,-2.252842426E0,8.063214302E0,7.971090674E-1
1.722504550E0,-2.279163599E0,8.053643227E0,7.588238716E-1
1.724882987E0,-2.267199516E0,8.020143509E0,7.492526174E-1
1.727260643E0,-2.295913219E0,8.015357971E0,7.109674215E-1
1.729638300E0,-2.312663078E0,7.972286701E0,6.894320250E-1
1.732016737E0,-2.322234392E0,7.945965767E0,6.846463680E-1
1.734395123E0,-2.322234392E0,7.934001446E0,7.229315639E-1
1.736772779E0,-2.336591244E0,7.912466049E0,7.325028181E-1
1.739150487E0,-2.358126640E0,7.907680511E0,7.444669604E-1
1.741528925E0,-2.386840582E0,7.888537884E0,7.540382147E-1
1.743907310E0,-2.389233351E0,7.864609718E0,7.923234105E-1
1.746284966E0,-2.413161755E0,7.874181271E0,8.258228898E-1
1.748662675E0,-2.429911375E0,7.888537884E0,8.162516356E-1
1.751041112E0,-2.472982168E0,7.855038643E0,8.258228898E-1
1.753419498E0,-2.482553482E0,7.871788502E0,8.306085467E-1
1.755797154E0,-2.494517565E0,7.878966808E0,8.760721684E-1
1.758174862E0,-2.530410051E0,7.881359577E0,9.023932219E-1
1.760553300E0,-2.554338217E0,7.871788502E0,9.622138143E-1
1.762931685E0,-2.554338217E0,7.862216949E0,9.909276962E-1
1.765309341E0,-2.611765862E0,7.804789066E0,1.000499010E0
1.767687050E0,-2.652443886E0,7.766504288E0,1.053141117E0
1.770065487E0,-2.707478762E0,7.742575645E0,1.094118118E0
1.772443873E0,-2.726621389E0,7.737790108E0,1.122832060E0
1.774821529E0,-2.736192703E0,7.709076405E0,1.153938770E0
1.777199237E0,-2.777169704E0,7.661220074E0,1.180259824E0
1.779577675E0,-2.808276415E0,7.630113125E0,1.232901812E0
1.781956060E0,-2.829811811E0,7.644470215E0,1.244866014E0
1.784333716E0,-2.858525753E0,7.663612843E0,1.254437327E0
1.786711425E0,-2.865704298E0,7.670791149E0,1.237687469E0
1.789089862E0,-2.877668381E0,7.694719315E0,1.208973646E0
1.791468248E0,-2.834597588E0,7.721040249E0,1.206580877E0
1.793845904E0,-2.815454960E0,7.744968891E0,1.201795220E0
1.796223612E0,-2.789133787E0,7.783253670E0,1.206580877E0
1.798602050E0,-2.774776936E0,7.802396297E0,1.165902853E0
1.800980435E0,-2.755634308E0,7.823931694E0,1.153938770E0
1.803358091E0,-2.740978241E0,7.823931694E0,1.115653515E0
1.805735748E0,-2.743371248E0,7.883752346E0,1.043569803E0
1.808114185E0,-2.717050076E0,7.902894974E0,9.957132936E-1
1.810492623E0,-2.719442844E0,7.955537319E0,9.095717072E-1
1.812870279E0,-2.645265341E0,7.993822098E0,7.971090674E-1
1.815247935E0,-2.587837696E0,8.051250458E0,7.301099896E-1
1.817626373E0,-2.551945448E0,8.111370087E0,6.200401783E-1
1.820004810E0,-2.506481647E0,8.185546875E0,5.434698462E-1
1.822382466E0,-2.461018085E0,8.231010437E0,4.594219327E-1
1.824760123E0,-2.425125837E0,8.319544792E0,3.780659735E-1
1.827138560E0,-2.372483730E0,8.369794846E0,2.799602449E-1
1.829516998E0,-2.338984251E0,8.441578865E0,1.914258152E-1
1.831894654E0,-2.298306227E0,8.527720451E0,9.092725813E-2
1.834272362E0,-2.293520451E0,8.601898193E0,1.914258115E-2
1.836650800E0,-2.267199516E0,8.673981667E0,-7.926224917E-2
1.839029185E0,-2.228914261E0,8.748159409E0,-1.342971772E-1
1.841406841E0,-2.216950178E0,8.810373306E0,-2.204387933E-1
1.843784498E0,-2.193022013E0,8.843872070E0,-2.563311160E-1
1.846162935E0,-2.183151484E0,8.898907661E0,-2.922234535E-1
1.848541373E0,-2.187937260E0,8.920442581E0,-3.616153300E-1
1.850919029E0,-2.204986095E0,8.977870941E0,-4.094717801E-1
1.853296685E0,-2.195414782E0,8.997013092E0,-4.357928336E-1
1.855675123E0,-2.228914261E0,9.016156197E0,-4.429712892E-1
1.858053560E0,-2.257628202E0,9.035298347E0,-4.070789516E-1
1.860431216E0,-2.252842426E0,9.035298347E0,-3.711866140E-1
1.862808873E0,-2.269592285E0,9.040083885E0,-3.424727321E-1
1.865187310E0,-2.276770830E0,9.020941734E0,-3.209373355E-1
1.867565748E0,-2.303091764E0,9.011369705E0,-2.874378264E-1
1.869943404E0,-2.317448616E0,8.977870941E0,-2.563311160E-1
1.872321060E0,-2.360519648E0,8.989834785E0,-2.108674943E-1
1.874699498E0,-2.355733871E0,8.932407379E0,-1.654038578E-1
1.877077935E0,-2.362912416E0,8.944371223E0,-1.319043487E-1
1.879455591E0,-2.386840582E0,8.920442581E0,-1.151545867E-1
1.881833248E0,-2.367697954E0,8.906085968E0,-1.103689447E-1
1.884211685E0,-2.374876499E0,8.848658562E0,-1.055833027E-1
1.886590123E0,-2.367697954E0,8.807980537E0,-7.447660714E-2
1.888967779E0,-2.370090723E0,8.784051895E0,-4.067798331E-2
1.891345435E0,-2.382055044E0,8.750552177E0,-1.914258115E-2
1.893723873E0,-2.374876499E0,8.736195564E0,-9.571290575E-3
1.896102310E0,-2.355733871E0,8.709874153E0,3.828516230E-2
1.898479966E0,-2.384447813E0,8.695517540E0,3.828516230E-2
1.900857623E0,-2.410768747E0,8.681160927E0,5.503492057E-2
1.903236060E0,-2.420340061E0,8.685946465E0,9.332008660E-2
1.905614498E0,-2.461018085E0,8.688339233E0,9.810572863E-2
1.907992154E0,-2.472982168E0,8.659625053E0,8.374879509E-2
1.910369810E0,-2.487339020E0,8.652147293E0,1.220339537E-1
1.912748248E0,-2.470589399E0,8.657232285E0,1.196411327E-1
1.915126685E0,-2.456232548E0,8.637790680E0,1.914258152E-1
1.917504341E0,-2.434697151E0,8.652147293E0,1.914258152E-1
1.919881998E0,-2.394019127E0,8.673981667E0,1.986042857E-1
1.922260435E0,-2.379662037E0,8.690732002E0,2.033899277E-1
1.924638873E0,-2.350948334E0,8.688339233E0,2.392822653E-1
1.927016529E0,-2.327019930E0,8.695517540E0,2.536391914E-1
1.929394185E0,-2.305484533E0,8.731410027E0,2.488535494E-1
1.931772623E0,-2.257628202E0,8.738588333E0,2.321037948E-1
1.934151060E0,-2.224128723E0,8.762516975E0,2.225325108E-1
1.936528716E0,-2.144866467E0,8.798408508E0,2.009970993E-1
1.938906373E0,-2.152044773E0,8.824729919E0,1.674975902E-1
1.941284810E0,-2.097009897E0,8.855836868E0,1.339980662E-1
1.943663248E0,-2.061117649E0,8.884550095E0,1.004985496E-1
1.946040904E0,-2.037189484E0,8.906085968E0,4.785645381E-2
1.948418560E0,-2.025225163E0,8.927620888E0,-1.914258115E-2
1.950796998E0,-2.013261080E0,8.937192917E0,-6.251249462E-2
1.953175435E0,-2.025225163E0,8.965906143E0,-7.447660714E-2
1.955553091E0,-1.996511340E0,8.992227554E0,-1.151545867E-1
1.957930748E0,-1.958226204E0,9.008976936E0,-1.414756328E-1
1.960309185E0,-1.893620014E0,9.056833267E0,-1.510469317E-1
1.962687623E0,-1.843370795E0,9.071190834E0,-1.749751568E-1
1.965065279E0,-1.819442511E0,9.080761909E0,-1.869392693E-1
1.967442935E0,-1.766800404E0,9.073583603E0,-2.012962103E-1
1.969821373E0,-1.738086581E0,9.083154678E0,-2.228316069E-1
1.972199810E0,-1.687837243E0,9.087940216E0,-1.917249113E-1
1.974577466E0,-1.615753531E0,9.131011009E0,-1.941177398E-1
1.976955123E0,-1.577468276E0,9.109476089E0,-1.845464408E-1
1.979333560E0,-1.560718536E0,9.131011009E0,-1.390828192E-1
1.981711998E0,-1.541576028E0,9.131011009E0,-1.295115203E-1
1.984089654E0,-1.524826288E0,9.152546883E0,-1.390828192E-1
1.986467310E0,-1.465005636E0,9.188439369E0,-1.127617657E-1
1.988845748E0,-1.460219979E0,9.198010445E0,-1.199402362E-1
1.991224185E0,-1.453041553E0,9.205188751E0,-5.982056633E-2
1.993601841E0,-1.457827210E0,9.222237587E0,-3.349951655E-2
1.995979498E0,-1.491326690E0,9.258130074E0,4.546362907E-2
1.998357935E0,-1.522433400E0,9.258130074E0,8.135596663E-2
2.000736373E0,-1.551147223E0,9.284450531E0,1.292124242E-1
2.003114029E0,-1.565504193E0,9.320343018E0,2.009970993E-1
2.005491685E0,-1.587039590E0,9.389735222E0,2.632105052E-1
2.007870123E0,-1.596610904E0,9.428020477E0,2.943171859E-1
2.010248560E0,-1.620539188E0,9.475876808E0,3.421736360E-1
2.012626216E0,-1.622931957E0,9.530911446E0,3.948157430E-1
2.015003873E0,-1.637588024E0,9.602696419E0,4.283152521E-1
2.017382310E0,-1.637588024E0,9.688838005E0,4.929214716E-1
2.019760748E0,-1.666301847E0,9.719944954E0,5.099703074E-1
2.022138404E0,-1.687837243E0,9.763015747E0,5.291129351E-1
2.024516060E0,-1.702194214E0,9.801599503E0,5.386841893E-1
2.026894498E0,-1.747657895E0,9.844670296E0,5.482555032E-1
2.029272935E0,-1.757229090E0,9.880562782E0,5.817549825E-1
2.031650591E0,-1.764407635E0,9.894919395E0,5.650052428E-1
2.034028248E0,-1.773978829E0,9.906884193E0,5.602195859E-1
2.036406685E0,-1.795514345E0,9.933204651E0,5.410770178E-1
2.038785123E0,-1.802692771E0,9.942776680E0,5.051847100E-1
2.041162779E0,-1.824228168E0,9.947562218E0,4.570291340E-1
2.043540435E0,-1.817049742E0,9.952347755E0,4.019941986E-1
2.045918873E0,-1.795514345E0,9.952347755E0,3.589234054E-1
2.048297310E0,-1.800299883E0,9.942776680E0,2.751746178E-1
2.050674966E0,-1.800299883E0,9.947562218E0,2.464607358E-1
2.053052623E0,-1.809871197E0,9.969097137E0,2.153540403E-1
2.055431060E0,-1.778764486E0,9.964311600E0,1.292124242E-1
2.057809498E0,-1.802692771E0,9.973882675E0,1.220339537E-1
2.060187154E0,-1.802692771E0,9.973882675E0,6.221338734E-2
2.062564810E0,-1.809871197E0,1.001216793E1,1.435693540E-2
2.064943248E0,-1.802692771E0,1.001695347E1,-2.392822644E-3
2.067321685E0,-1.795514345E0,1.005284595E1,-3.349951655E-2
2.069699341E0,-1.797907114E0,1.006241703E1,-4.785645381E-2
2.072076945E0,-1.781157374E0,1.007438183E1,-5.742774159E-2
2.074454810E0,-1.793121457E0,1.005523872E1,-2.632104978E-2
2.076833300E0,-1.814656854E0,1.006241703E1,-9.571290575E-3
2.079211529E0,-1.826620936E0,1.005763149E1,-1.196411345E-2
2.081589185E0,-1.831406593E0,1.002173901E1,3.589234129E-2
2.083967623E0,-1.879263043E0,1.001216793E1,7.417750359E-2
2.086346060E0,-1.915155411E0,9.997811317E0,9.810572863E-2
2.088723716E0,-1.931905150E0,9.985847473E0,1.387837082E-1
2.091101373E0,-1.982154489E0,9.973882675E0,1.627119333E-1
2.093479810E0,-2.006082773E0,9.990633011E0,2.105683982E-1
2.095858248E0,-2.065903187E0,9.983454704E0,2.536391914E-1
2.098235904E0,-2.085045815E0,1.000498962E1,2.871387303E-1
2.100613560E0,-2.118545294E0,1.001934624E1,3.637090325E-1
2.102991998E0,-2.137687922E0,1.000498962E1,4.498506486E-1
2.105370435E0,-2.173580170E0,1.002652550E1,4.953143001E-1
2.107748091E0,-2.173580170E0,1.000977516E1,5.937191248E-1
2.110125748E0,-2.168794632E0,1.002413273E1,6.750751138E-1
2.112504185E0,-2.168794632E0,1.000738239E1,7.157530785E-1
2.114882623E0,-2.178365946E0,9.978668213E0,7.755736113E-1
2.117260279E0,-2.193022013E0,9.971489906E0,8.066803217E-1
2.119637935E0,-2.202593327E0,9.940383911E0,8.521439433E-1
2.122016373E0,-2.200200319E0,9.933204651E0,8.425726891E-1
2.124394810E0,-2.224128723E0,9.921240807E0,8.353942037E-1
2.126772466E0,-2.240878344E0,9.899705887E0,8.066803217E-1
2.129150123E0,-2.269592285E0,9.868598938E0,8.210372925E-1
2.131528560E0,-2.298306227E0,9.885348320E0,8.114659786E-1
2.133906998E0,-2.300698996E0,9.854242325E0,7.540382147E-1
2.136284654E0,-2.312663078E0,9.830313683E0,7.636095285E-1
2.138662310E0,-2.322234392E0,9.820742607E0,7.660023570E-1
2.141040748E0,-2.334198475E0,9.823135376E0,7.660023570E-1
2.143419185E0,-2.338984251E0,9.813564301E0,7.516453862E-1
2.145796841E0,-2.336591244E0,9.760622978E0,7.588238716E-1
2.148174498E0,-2.338984251E0,9.789635658E0,7.468597889E-1
2.150552935E0,-2.360519648E0,9.758230209E0,7.660023570E-1
2.152931373E0,-2.370090723E0,9.748658180E0,7.492526174E-1
2.155309029E0,-2.377269268E0,9.693623543E0,7.540382147E-1
2.157686685E0,-2.405983210E0,9.691230774E0,7.564310431E-1
2.160065123E0,-2.384447813E0,9.686445236E0,7.492526174E-1
2.162443560E0,-2.434697151E0,9.691230774E0,7.564310431E-1
2.164821216E0,-2.427518606E0,9.650552750E0,7.372884750E-1
2.167198873E0,-2.468196630E0,9.626625061E0,7.277171612E-1
2.169577310E0,-2.487339020E0,9.585947037E0,7.133602500E-1
2.171955748E0,-2.504088879E0,9.578767776E0,7.229315639E-1
2.174333404E0,-2.513660192E0,9.526125908E0,7.229315639E-1
2.176711060E0,-2.516052961E0,9.514162064E0,6.918248534E-1
2.179089498E0,-2.520838737E0,9.499805450E0,6.702894568E-1
2.181467935E0,-2.518445730E0,9.492626190E0,6.200401783E-1
2.183845591E0,-2.542374134E0,9.499805450E0,6.463612318E-1
2.186223248E0,-2.535195589E0,9.475876808E0,6.128616929E-1
2.188601685E0,-2.556730986E0,9.430413246E0,5.985047817E-1
2.190980123E0,-2.585444927E0,9.454340935E0,5.721837282E-1
2.193357779E0,-2.614158630E0,9.416056633E0,5.386841893E-1
2.195735435E0,-2.638087034E0,9.437591553E0,5.243272781E-1
2.198113873E0,-2.659622431E0,9.420842171E0,4.761717021E-1
2.200492310E0,-2.657229662E0,9.454340935E0,4.522434771E-1
2.202869966E0,-2.669193745E0,9.454340935E0,4.067798555E-1
2.205247623E0,-2.693121910E0,9.463912964E0,4.163511395E-1
2.207626060E0,-2.705085993E0,9.471091270E0,3.780659735E-1
2.210004498E0,-2.700300455E0,9.471091270E0,3.421736360E-1
2.212382154E0,-2.721835852E0,9.461520195E0,3.278166950E-1
2.214759810E0,-2.729014158E0,9.468698502E0,3.086741269E-1
2.217138248E0,-2.762812853E0,9.456734657E0,3.086741269E-1
2.219516685E0,-2.784348249E0,9.439984322E0,2.919243574E-1
2.221894341E0,-2.805883646E0,9.451948166E0,2.871387303E-1
2.224271998E0,-2.825026274E0,9.430413246E0,2.751746178E-1
2.226650435E0,-2.853740215E0,9.380164146E0,2.632105052E-1
2.229028873E0,-2.887239695E0,9.358628273E0,2.392822653E-1
2.231406529E0,-2.923131943E0,9.337093353E0,2.344966233E-1
2.233784185E0,-2.944667339E0,9.344271660E0,1.890329868E-1
2.236162623E0,-2.935096025E0,9.341878891E0,1.770688742E-1
2.238541060E0,-2.954238653E0,9.337093353E0,2.009970993E-1
2.240918716E0,-2.982952595E0,9.353842735E0,1.698904037E-1
2.243296373E0,-3.018844843E0,9.365806580E0,1.651047617E-1
2.245674810E0,-3.026023388E0,9.344271660E0,1.531406492E-1
2.248053248E0,-3.033201694E0,9.351449966E0,1.603191197E-1
2.250430904E0,-3.037987471E0,9.325128555E0,1.627119333E-1
2.252808560E0,-3.054737091E0,9.305986404E0,1.579262912E-1
2.255186998E0,-3.059522867E0,9.294022560E0,1.459621787E-1
2.257565435E0,-3.071486950E0,9.248558998E0,1.722832322E-1
2.259943091E0,-3.088236809E0,9.222237587E0,1.986042857E-1
2.262320748E0,-3.138485909E0,9.186046600E0,2.153540403E-1
2.264699185E0,-3.136093140E0,9.171689034E0,2.464607358E-1
2.267077623E0,-3.176771164E0,9.131011009E0,2.536391914E-1
2.269455279E0,-3.212663412E0,9.111868858E0,2.321037948E-1
2.271832935E0,-3.205485106E0,9.068798065E0,2.488535494E-1
2.274211373E0,-3.210270643E0,9.037691116E0,2.560320199E-1
2.276589810E0,-3.229413271E0,9.037691116E0,2.656033039E-1
2.278967466E0,-3.234198809E0,8.992227554E0,3.230310678E-1
2.281345123E0,-3.272484064E0,8.977870941E0,3.493520916E-1
2.283723560E0,-3.303590775E0,8.949156761E0,3.828516304E-1
2.286101998E0,-3.305983543E0,8.913264275E0,4.067798555E-1
2.288479654E0,-3.318246841E0,8.913264275E0,4.498506486E-1
2.290857310E0,-3.334996462E0,8.925228119E0,4.785645306E-1
2.293235748E0,-3.337389469E0,8.896514893E0,5.195416212E-1
2.295614185E0,-3.339782238E0,8.884550095E0,5.003990531E-1
2.297991841E0,-3.332603693E0,8.877371788E0,5.123631358E-1
2.300369498E0,-3.323032379E0,8.872586250E0,5.075774789E-1
2.302747935E0,-3.332603693E0,8.877371788E0,5.075774789E-1
2.305126373E0,-3.318246841E0,8.851051331E0,4.689932466E-1
2.307504029E0,-3.282055378E0,8.834300995E0,4.402793646E-1
2.309881685E0,-3.274876833E0,8.853444099E0,3.996013701E-1
2.312260123E0,-3.246163130E0,8.829515457E0,3.780659735E-1
2.314638560E0,-3.210270643E0,8.824729919E0,3.302095234E-1
2.317016216E0,-3.188735247E0,8.815158844E0,2.799602449E-1
2.319393873E0,-3.171985626E0,8.805587769E0,2.368894368E-1
2.321772310E0,-3.136093140E0,8.800801277E0,1.603191197E-1
2.324150748E0,-3.131307602E0,8.786444664E0,1.316052526E-1
2.326528404E0,-3.083451033E0,8.781659126E0,6.699903309E-2
2.328906060E0,-3.064308405E0,8.774480820E0,-0.000000000E0
2.331284498E0,-3.061915636E0,8.748159409E0,-3.110669367E-2
2.333662935E0,-3.047558784E0,8.772088051E0,-8.165507019E-2
2.336040591E0,-3.021237612E0,8.748159409E0,-1.079761237E-1
2.338418248E0,-3.016452074E0,8.709874153E0,-1.175474152E-1
2.340796685E0,-3.026023388E0,8.707481384E0,-1.295115203E-1
2.343175123E0,-3.037987471E0,8.695517540E0,-1.199402362E-1
2.345552779E0,-3.061915636E0,8.671588898E0,-1.295115203E-1
2.347930435E0,-3.081058264E0,8.654839516E0,-1.414756328E-1
2.350308873E0,-3.093022346E0,8.623434067E0,-7.686942816E-2
2.352687310E0,-3.093022346E0,8.633005142E0,9.571290575E-3
2.355064966E0,-3.095415115E0,8.597112656E0,5.503492057E-2
2.357442623E0,-3.097808123E0,8.597112656E0,1.220339537E-1
2.359821060E0,-3.100200891E0,8.577970505E0,1.794617027E-1
2.362199498E0,-3.124129057E0,8.566005707E0,2.656033039E-1
2.364577154E0,-3.152842999E0,8.573184013E0,3.397808075E-1
2.366954810E0,-3.176771164E0,8.575576782E0,4.211367965E-1
2.369333248E0,-3.224627733E0,8.613862038E0,5.219344497E-1
2.371711685E0,-3.284448147E0,8.630612373E0,5.602195859E-1
2.374089341E0,-3.332603693E0,8.652147293E0,6.391827464E-1
2.376466998E0,-3.346960783E0,8.685946465E0,6.822535396E-1
2.378845435E0,-3.382853031E0,8.695517540E0,7.157530785E-1
2.381223873E0,-3.413959742E0,8.733802795E0,7.971090674E-1
2.383601529E0,-3.454637766E0,8.760123253E0,8.377870321E-1
2.385979185E0,-3.516851187E0,8.796015739E0,8.880363107E-1
2.388357623E0,-3.588635683E0,8.812766075E0,9.669994712E-1
2.390736060E0,-3.638885021E0,8.834300995E0,9.861420393E-1
2.393113716E0,-3.689134359E0,8.874979019E0,1.041176915E0
2.395491373E0,-3.734597921E0,8.913264275E0,1.077368379E0
2.397869810E0,-3.760919094E0,8.970691681E0,1.084546804E0
2.400248248E0,-3.792025566E0,9.037691116E0,1.060618639E0
2.402625904E0,-3.827918053E0,9.116654396E0,1.017248750E0
2.405003560E0,-3.837489367E0,9.169296265E0,9.909276962E-1
2.407381998E0,-3.837489367E0,9.217452049E0,9.598209858E-1
2.409760435E0,-3.792025566E0,9.270093918E0,9.406784177E-1
2.412138091E0,-3.794418573E0,9.325128555E0,9.215358496E-1
2.414515748E0,-3.739383698E0,9.317950249E0,8.736793399E-1
2.416894185E0,-3.729812384E0,9.368199348E0,8.330013752E-1
2.419272623E0,-3.701098442E0,9.363413811E0,7.899305820E-1
2.421650279E0,-3.641277790E0,9.411270142E0,7.157530785E-1
2.424027935E0,-3.614956856E0,9.396913528E0,6.343970895E-1
2.426406373E0,-3.593421459E0,9.389735222E0,5.554339290E-1
2.428784810E0,-3.595814228E0,9.392127991E0,4.737788737E-1
2.431162466E0,-3.571886063E0,9.384949684E0,4.259224236E-1
2.433540123E0,-3.550350666E0,9.380164146E0,3.780659735E-1
2.435918560E0,-3.540779352E0,9.368199348E0,3.302095234E-1
2.438296998E0,-3.538386583E0,9.375378609E0,2.775674164E-1
2.440674654E0,-3.545564890E0,9.396913528E0,2.464607358E-1
2.443052310E0,-3.528815269E0,9.404091835E0,2.344966233E-1
2.445430748E0,-3.543172121E0,9.442377090E0,2.344966233E-1
2.447809185E0,-3.524029493E0,9.473484039E0,2.536391914E-1
2.450186841E0,-3.526422262E0,9.511769295E0,2.751746178E-1
2.452564498E0,-3.533600807E0,9.538089752E0,2.991028428E-1
2.454942935E0,-3.519243956E0,9.605089188E0,3.182454109E-1
2.457321373E0,-3.552743435E0,9.624231339E0,3.445664644E-1
2.459699029E0,-3.557528973E0,9.652945518E0,3.948157430E-1
2.462076685E0,-3.550350666E0,9.676874161E0,4.354937077E-1
2.464455123E0,-3.535993576E0,9.715159416E0,4.474578202E-1
2.466833560E0,-3.519243956E0,9.755837440E0,4.570291340E-1
2.469211216E0,-3.509672642E0,9.792028427E0,4.881358147E-1
2.471588873E0,-3.485744476E0,9.806385040E0,5.003990531E-1
2.473967310E0,-3.435495138E0,9.847063065E0,4.881358147E-1
2.476345748E0,-3.435495138E0,9.866206169E0,4.594219327E-1
2.478723404E0,-3.409173965E0,9.861420631E0,4.019941986E-1
2.481101060E0,-3.387638569E0,9.863813400E0,3.780659735E-1
2.483479498E0,-3.346960783E0,9.870991707E0,3.134597540E-1
2.485857935E0,-3.320639610E0,9.875777245E0,2.775674164E-1
2.488235591E0,-3.291626692E0,9.835099220E0,2.368894368E-1
2.490613248E0,-3.289233923E0,9.873384476E0,1.627119333E-1
2.492991685E0,-3.262912750E0,9.856635094E0,1.316052526E-1
2.495370123E0,-3.238984585E0,9.849455833E0,6.221338734E-2
2.497747779E0,-3.253341436E0,9.832706451E0,4.785645381E-2
2.500125435E0,-3.234198809E0,9.823135376E0,9.571290575E-3
2.502503873E0,-3.217449188E0,9.815957069E0,-4.546362907E-2
2.504882310E0,-3.203092098E0,9.799206734E0,-8.404789865E-2
2.507259966E0,-3.186342478E0,9.763015747E0,-1.007976532E-1
2.509637623E0,-3.152842999E0,9.763015747E0,-1.438684613E-1
2.512016060E0,-3.140878916E0,9.736694336E0,-1.199402362E-1
2.514394498E0,-3.128914595E0,9.727123260E0,-9.840483218E-2
2.516772154E0,-3.119343519E0,9.688838005E0,-1.223330572E-1
2.519149810E0,-3.085843801E0,9.679266930E0,-1.199402362E-1
2.521528248E0,-3.093022346E0,9.660123825E0,-1.151545867E-1
2.523906685E0,-3.104986429E0,9.626625061E0,-1.151545867E-1
2.526284341E0,-3.114557743E0,9.619445801E0,-1.079761237E-1
2.528661998E0,-3.128914595E0,9.617053032E0,-1.031904742E-1
2.531040435E0,-3.114557743E0,9.590732574E0,-1.127617657E-1
2.533418873E0,-3.124129057E0,9.588339806E0,-1.055833027E-1
2.535796529E0,-3.124129057E0,9.600303650E0,-1.199402362E-1
2.538174185E0,-3.131307602E0,9.564411163E0,-1.151545867E-1
2.540552623E0,-3.138485909E0,9.552447319E0,-8.644071966E-2
2.542931060E0,-3.140878916E0,9.530911446E0,-9.361918271E-2
2.545308716E0,-3.174378395E0,9.516554832E0,-6.251249462E-2
2.547686373E0,-3.174378395E0,9.554840088E0,-2.632104978E-2
2.550064810E0,-3.191128016E0,9.535696983E0,-7.178467698E-3
2.552443248E0,-3.191128016E0,9.538089752E0,-5.024927482E-2
2.554820904E0,-3.176771164E0,9.509376526E0,-1.914258115E-2
2.557198560E0,-3.169592619E0,9.535696983E0,-3.110669367E-2
2.559576998E0,-3.171985626E0,9.509376526E0,-7.178467698E-3
2.561955435E0,-3.152842999E0,9.473484039E0,1.674975827E-2
2.564333091E0,-3.148057222E0,9.478269577E0,1.196411345E-2
2.566710748E0,-3.138485909E0,9.461520195E0,9.571290575E-3
2.569089185E0,-3.104986429E0,9.439984322E0,-1.435693540E-2
2.571467623E0,-3.104986429E0,9.413662910E0,-3.828516230E-2
2.573845279E0,-3.078665495E0,9.408877373E0,-5.024927482E-2
2.576222935E0,-3.073879719E0,9.384949684E0,-9.122636169E-2
2.578601373E0,-3.059522867E0,9.358628273E0,-9.601201117E-2
2.580979810E0,-3.054737091E0,9.332307816E0,-1.295115203E-1
2.583357466E0,-3.081058264E0,9.296415329E0,-1.749751568E-1
2.585735123E0,-3.071486950E0,9.322735786E0,-2.108674943E-1
2.588113560E0,-3.085843801E0,9.315557480E0,-2.946162820E-1
2.590491998E0,-3.081058264E0,9.313164711E0,-3.400799036E-1
2.592869654E0,-3.054737091E0,9.317950249E0,-3.855435550E-1
2.595247310E0,-3.035594702E0,9.325128555E0,-4.238287210E-1
2.597625748E0,-3.037987471E0,9.282057762E0,-4.166502357E-1
2.600004185E0,-3.006880760E0,9.279664993E0,-4.238287210E-1
2.602381841E0,-2.997309446E0,9.250951767E0,-4.190430641E-1
2.604759498E0,-2.999702215E0,9.250951767E0,-4.238287210E-1
2.607137935E0,-2.954238653E0,9.209974289E0,-4.286143482E-1
2.609516373E0,-2.911167860E0,9.190832138E0,-4.334000051E-1
2.611894029E0,-2.915953398E0,9.183652878E0,-4.286143482E-1
2.614271737E0,-2.875275612E0,9.171689034E0,-4.573282301E-1
2.616650175E0,-2.856132984E0,9.150154114E0,-4.764707983E-1
2.619028560E0,-2.796312332E0,9.150154114E0,-4.980062246E-1
2.621406216E0,-2.772384167E0,9.121439934E0,-5.123631358E-1
2.623783873E0,-2.755634308E0,9.083154678E0,-5.123631358E-1
2.626162310E0,-2.738585472E0,9.052047729E0,-4.812564552E-1
2.628540748E0,-2.700300455E0,9.001798630E0,-4.668995142E-1
2.630918404E0,-2.690729141E0,8.953942299E0,-4.238287210E-1
2.633296060E0,-2.654836655E0,8.946763992E0,-4.046861231E-1
2.635674498E0,-2.563909531E0,8.898907661E0,-4.022932947E-1
2.638052935E0,-2.508874655E0,8.867800713E0,-3.975076675E-1
2.640430591E0,-2.451446772E0,8.872586250E0,-3.903291821E-1
2.642808248E0,-2.346162558E0,8.865407944E0,-4.286143482E-1
2.645186685E0,-2.260020971E0,8.855836868E0,-4.573282301E-1
2.647565123E0,-2.152044773E0,8.858229637E0,-5.147559643E-1
2.649942779E0,-2.065903187E0,8.872586250E0,-5.769693851E-1
2.652320435E0,-2.025225163E0,8.884550095E0,-6.251249313E-1
2.654698873E0,-1.979761600E0,8.915657043E0,-6.514459848E-1
2.657077310E0,-1.951047778E0,8.918049812E0,-7.256234884E-1
2.659454966E0,-1.903191328E0,8.963513374E0,-7.399803996E-1
2.661832623E0,-1.848156333E0,8.989834785E0,-7.256234884E-1
2.664211060E0,-1.826620936E0,9.028120041E0,-7.615157962E-1
2.666589498E0,-1.829013824E0,9.056833267E0,-7.471588850E-1
2.668967154E0,-1.879263043E0,9.059226990E0,-7.304090858E-1
2.671344810E0,-1.893620014E0,9.090332985E0,-6.753742099E-1
2.673723248E0,-1.934298038E0,9.104690552E0,-5.961119533E-1
2.676101685E0,-1.972583175E0,9.131011009E0,-4.740779996E-1
2.678479341E0,-1.984547257E0,9.140582085E0,-3.927220106E-1
2.680856998E0,-2.039582253E0,9.186046600E0,-2.874378264E-1
2.683235435E0,-2.073081732E0,9.198010445E0,-1.749751568E-1
2.685613873E0,-2.123331070E0,9.209974289E0,-2.632104978E-2
2.687991529E0,-2.226521492E0,9.219844818E0,6.460621208E-2
2.690369185E0,-2.310270309E0,9.227023125E0,1.962114573E-1
2.692747623E0,-2.396411896E0,9.219844818E0,3.206382394E-1
2.695126060E0,-2.501696110E0,9.231808662E0,4.426721931E-1
2.697503716E0,-2.602194548E0,9.241379738E0,5.482555032E-1
2.699881373E0,-2.709871531E0,9.243772507E0,6.655037999E-1
2.702259810E0,-2.796312332E0,9.227023125E0,7.612167001E-1
2.704638248E0,-2.906382322E0,9.219844818E0,9.287142754E-1
2.707015904E0,-2.966202736E0,9.222237587E0,1.110867858E0
2.709393560E0,-3.006880760E0,9.209974289E0,1.261615753E0
2.711771998E0,-3.064308405E0,9.166903496E0,1.388435364E0
2.714150435E0,-3.109772205E0,9.159725189E0,1.476969719E0
2.716528091E0,-3.167199850E0,9.126225471E0,1.567897081E0
2.718905800E0,-3.200699329E0,9.068798065E0,1.572682738E0
2.721284237E0,-3.248555899E0,9.016156197E0,1.579861164E0
2.723662623E0,-3.313461065E0,8.985049248E0,1.539183140E0
2.726040279E0,-3.320639610E0,8.961120605E0,1.450648785E0
2.728417935E0,-3.363710403E0,8.889336586E0,1.354935765E0
2.730796373E0,-3.380460262E0,8.843872070E0,1.237687469E0
2.733174810E0,-3.421138287E0,8.822337151E0,1.132403374E0
2.735552466E0,-3.425923824E0,8.796015739E0,1.077368379E0
2.737930123E0,-3.430709362E0,8.781659126E0,9.646066427E-1
2.740308560E0,-3.421138287E0,8.721838951E0,8.425726891E-1
2.742686998E0,-3.445066452E0,8.683553696E0,7.420741320E-1
2.745064654E0,-3.435495138E0,8.678768158E0,6.272186637E-1
2.747442362E0,-3.433102369E0,8.671588898E0,5.602195859E-1
2.749820800E0,-3.435495138E0,8.664410591E0,5.099703074E-1
2.752199185E0,-3.445066452E0,8.630612373E0,4.331009090E-1
2.754576841E0,-3.447459221E0,8.637790680E0,3.852444589E-1
2.756954498E0,-3.468994617E0,8.633005142E0,3.326023519E-1
2.759332935E0,-3.452244759E0,8.647361755E0,2.464607358E-1
2.761711373E0,-3.478565931E0,8.606683731E0,1.914258152E-1
2.764089029E0,-3.514458179E0,8.618648529E0,1.507478207E-1
2.766466737E0,-3.500101328E0,8.628219604E0,9.810572863E-2
2.768845175E0,-3.519243956E0,8.621041298E0,1.004985496E-1
2.771223560E0,-3.500101328E0,8.609076500E0,8.135596663E-2
2.773601216E0,-3.483351469E0,8.599505424E0,1.100698411E-1
2.775978873E0,-3.464209080E0,8.618648529E0,9.092725813E-2
2.778357310E0,-3.440280676E0,8.657232285E0,6.221338734E-2
2.780735748E0,-3.423531055E0,8.690732002E0,6.939185411E-2
2.783113404E0,-3.409173965E0,8.748159409E0,3.828516230E-2
2.785491112E0,-3.342175007E0,8.815158844E0,-0.000000000E0
2.787869550E0,-3.298804998E0,8.858229637E0,-2.632104978E-2
2.790247935E0,-3.234198809E0,8.937192917E0,-5.503492057E-2
2.792625591E0,-3.193521023E0,9.006584167E0,-1.271187067E-1
2.795003300E0,-3.171985626E0,9.092725754E0,-1.510469317E-1
2.797381737E0,-3.150450230E0,9.123832703E0,-1.965105534E-1
2.799760123E0,-3.124129057E0,9.193224907E0,-2.012962103E-1
2.802137779E0,-3.133700371E0,9.217452049E0,-2.060818523E-1
2.804515487E0,-3.114557743E0,9.274879456E0,-2.252244353E-1
2.806893925E0,-3.128914595E0,9.291629791E0,-2.347957194E-1
2.809272310E0,-3.131307602E0,9.339486122E0,-2.682952285E-1
2.811649966E0,-3.133700371E0,9.351449966E0,-2.682952285E-1
2.814027675E0,-3.128914595E0,9.396913528E0,-2.754737139E-1
2.816406112E0,-3.116950512E0,9.459127426E0,-2.706880569E-1
2.818784498E0,-3.112164974E0,9.437591553E0,-2.467598319E-1
2.821162154E0,-3.119343519E0,9.471091270E0,-1.989033818E-1
2.823539810E0,-3.143271685E0,9.480662346E0,-1.773679852E-1
2.825918248E0,-3.150450230E0,9.495018959E0,-1.271187067E-1
2.828296685E0,-3.164807081E0,9.521340370E0,-9.601201117E-2
2.830674341E0,-3.174378395E0,9.516554832E0,-4.546362907E-2
2.833052050E0,-3.219841957E0,9.540482521E0,-3.110669367E-2
2.835430487E0,-3.234198809E0,9.550054550E0,1.196411345E-2
2.837808873E0,-3.238984585E0,9.564411163E0,3.349951655E-2
2.840186529E0,-3.255734205E0,9.562018394E0,4.307080805E-2
2.842564237E0,-3.265305519E0,9.550054550E0,7.657032460E-2
2.844942675E0,-3.260519981E0,9.540482521E0,1.004985496E-1
2.847321060E0,-3.253341436E0,9.552447319E0,1.124626622E-1
2.849698716E0,-3.231806040E0,9.530911446E0,1.052841991E-1
2.852076425E0,-3.224627733E0,9.523733139E0,1.244267747E-1
2.854454862E0,-3.224627733E0,9.535696983E0,1.387837082E-1
2.856833248E0,-3.205485106E0,9.540482521E0,1.531406492E-1
2.859210904E0,-3.183949709E0,9.540482521E0,1.555334777E-1
2.861588612E0,-3.179163933E0,9.542876244E0,1.579262912E-1
2.863967050E0,-3.162414312E0,9.562018394E0,1.387837082E-1
2.866345435E0,-3.131307602E0,9.583553314E0,1.052841991E-1
2.868723091E0,-3.109772205E0,9.593125343E0,1.268195957E-1
2.871100800E0,-3.095415115E0,9.602696419E0,1.148554832E-1
2.873479237E0,-3.104986429E0,9.614660263E0,7.417750359E-2
2.875857623E0,-3.116950512E0,9.629017830E0,7.417750359E-2
2.878235279E0,-3.138485909E0,9.640981674E0,6.221338734E-2
2.880612987E0,-3.121736288E0,9.660123825E0,5.742774159E-2
2.882991425E0,-3.131307602E0,9.672088623E0,1.028913707E-1
2.885369810E0,-3.148057222E0,9.698409081E0,1.268195957E-1
2.887747466E0,-3.128914595E0,9.727123260E0,2.273181528E-1
2.890125175E0,-3.160021305E0,9.770194054E0,3.110669553E-1
2.892503612E0,-3.160021305E0,9.751050949E0,4.043870270E-1
2.894882050E0,-3.188735247E0,9.777671814E0,4.689932466E-1
2.897259706E0,-3.210270643E0,9.787242889E0,5.482555032E-1
2.899637362E0,-3.219841957E0,9.796813965E0,5.769693851E-1
2.902015800E0,-3.231806040E0,9.803992271E0,6.104688644E-1
2.904394185E0,-3.241377354E0,9.799206734E0,6.439684033E-1
2.906771841E0,-3.231806040E0,9.784850121E0,6.631109715E-1
2.909149550E0,-3.236591816E0,9.806385040E0,6.822535396E-1
2.911527987E0,-3.217449188E0,9.792028427E0,6.798607111E-1
2.913906373E0,-3.200699329E0,9.784850121E0,6.583253145E-1
2.916284029E0,-3.193521023E0,9.760622978E0,6.320042610E-1
2.918661737E0,-3.152842999E0,9.751050949E0,5.793621540E-1
2.921040175E0,-3.133700371E0,9.748658180E0,5.554339290E-1
2.923418560E0,-3.097808123E0,9.710372925E0,5.219344497E-1
2.925796216E0,-3.071486950E0,9.691230774E0,5.027918816E-1
2.928173925E0,-3.054737091E0,9.676874161E0,4.450650215E-1
2.930552362E0,-3.057130098E0,9.648159981E0,4.331009090E-1
2.932930748E0,-3.009273529E0,9.662516594E0,4.115654826E-1
2.935308404E0,-2.987738132E0,9.657731056E0,3.804588020E-1
2.937686112E0,-2.970988512E0,9.652945518E0,3.661018610E-1
2.940064550E0,-2.973381281E0,9.655338287E0,3.302095234E-1
2.942442935E0,-2.954238653E0,9.650552750E0,3.134597540E-1
2.944820591E0,-2.961417198E0,9.662516594E0,3.110669553E-1
2.947198300E0,-2.947060108E0,9.669695854E0,3.086741269E-1
2.949576737E0,-2.949453115E0,9.664909363E0,3.134597540E-1
2.951955123E0,-2.903989315E0,9.681659698E0,3.397808075E-1
2.954332779E0,-2.901596546E0,9.674481392E0,3.589234054E-1
2.956710487E0,-2.887239695E0,9.688838005E0,3.780659735E-1
2.959088925E0,-2.887239695E0,9.703194618E0,3.828516304E-1
2.961467310E0,-2.872882605E0,9.724730492E0,3.637090325E-1
2.963844966E0,-2.884846687E0,9.717552185E0,3.924229145E-1
2.966222675E0,-2.872882605E0,9.710372925E0,4.546363056E-1
2.968601112E0,-2.863311291E0,9.705587387E0,4.785645306E-1
2.970979498E0,-2.858525753E0,9.705587387E0,4.666004181E-1
2.973357154E0,-2.836990356E0,9.698409081E0,4.905286431E-1
2.975734862E0,-2.848954439E0,9.686445236E0,4.689932466E-1
2.978113300E0,-2.827419043E0,9.664909363E0,4.498506486E-1
2.980491685E0,-2.848954439E0,9.691230774E0,4.307080805E-1
2.982869341E0,-2.841775894E0,9.734301567E0,3.684946895E-1
2.985247050E0,-2.839383125E0,9.734301567E0,3.373879790E-1
2.987625487E0,-2.813062191E0,9.777671814E0,2.871387303E-1
2.990003925E0,-2.774776936E0,9.808777809E0,2.584248483E-1
2.992381581E0,-2.743371248E0,9.827920914E0,2.512463629E-1
2.994759237E0,-2.717050076E0,9.854242325E0,1.986042857E-1
2.997137675E0,-2.702693224E0,9.854242325E0,1.818545163E-1
2.999516112E0,-2.673979282E0,9.890133858E0,1.866401732E-1
3.001893768E0,-2.647658348E0,9.873384476E0,1.674975902E-1
3.004271425E0,-2.616551638E0,9.904491425E0,1.196411327E-1
3.006649862E0,-2.623729944E0,9.887741089E0,1.172483116E-1
3.009028248E0,-2.623729944E0,9.909276962E0,4.546362907E-2
3.011405904E0,-2.602194548E0,9.892526627E0,-2.392822644E-3
3.013783612E0,-2.597409010E0,9.882955551E0,-3.110669367E-2
3.016162050E0,-2.595016241E0,9.863813400E0,-3.828516230E-2
3.018540435E0,-2.573480844E0,9.839884758E0,-5.264209956E-2
3.020918091E0,-2.585444927E0,9.820742607E0,-5.264209956E-2
3.023295800E0,-2.578266382E0,9.820742607E0,-6.490531564E-2
3.025674237E0,-2.587837696E0,9.789635658E0,-4.546362907E-2
3.028052675E0,-2.568695068E0,9.770194054E0,-4.785645381E-2
3.030430331E0,-2.561516523E0,9.775279045E0,2.392822644E-3
3.032807987E0,-2.525624275E0,9.741479874E0,-9.571290575E-3
3.035186425E0,-2.520838737E0,9.727123260E0,1.196411345E-2
3.037564862E0,-2.508874655E0,9.686445236E0,2.392822644E-3
3.039942518E0,-2.508874655E0,9.645767212E0,-2.392822644E-3
3.042320175E0,-2.482553482E0,9.609874725E0,-2.392822644E-3
3.044698612E0,-2.484946251E0,9.581160545E0,1.435693540E-2
3.047076998E0,-2.463410854E0,9.552447319E0,-2.392822644E-3
3.049454654E0,-2.461018085E0,9.514162064E0,7.178467698E-3
3.051832362E0,-2.451446772E0,9.466305733E0,2.392822644E-3
3.054210800E0,-2.449054003E0,9.456734657E0,1.674975827E-2
3.056589237E0,-2.453839540E0,9.437591553E0,1.435693540E-2
3.058966893E0,-2.444268227E0,9.411270142E0,9.571290575E-3
3.061344550E0,-2.458625317E0,9.456734657E0,4.785645287E-3
3.063722987E0,-2.446661234E0,9.423234940E0,2.392822690E-2
3.066101425E0,-2.441875458E0,9.435198784E0,3.589234129E-2
3.068479081E0,-2.432304144E0,9.428020477E0,3.589234129E-2
3.070856737E0,-2.451446772E0,9.456734657E0,3.349951655E-2
3.073235175E0,-2.439482689E0,9.466305733E0,4.067798331E-2
3.075613612E0,-2.429911375E0,9.471091270E0,5.742774159E-2
3.077991268E0,-2.410768747E0,9.499805450E0,8.374879509E-2
3.080368925E0,-2.401197433E0,9.528518677E0,6.699903309E-2
3.082747362E0,-2.386840582E0,9.540482521E0,6.939185411E-2
3.085125800E0,-2.370090723E0,9.566803932E0,5.982056633E-2
3.087503456E0,-2.353341103E0,9.595518112E0,6.460621208E-2
3.089881112E0,-2.348555326E0,9.581160545E0,1.914258115E-2
3.092259550E0,-2.346162558E0,9.571589470E0,-2.392822644E-3
3.094637987E0,-2.327019930E0,9.583553314E0,2.392822644E-3
3.097015643E0,-2.322234392E0,9.593125343E0,-1.196411345E-2
3.099393300E0,-2.324627161E0,9.612267494E0,-4.785645381E-2
3.101771737E0,-2.283949137E0,9.617053032E0,-5.742774159E-2
3.104150175E0,-2.262413740E0,9.621838570E0,-5.982056633E-2
3.106527831E0,-2.257628202E0,9.636196136E0,-8.883354068E-2
3.108905487E0,-2.228914261E0,9.660123825E0,-1.151545867E-1
3.111283925E0,-2.214557409E0,9.669695854E0,-1.127617657E-1
3.113662362E0,-2.209771633E0,9.650552750E0,-1.558325738E-1
3.116040018E0,-2.200200319E0,9.633803368E0,-1.558325738E-1
3.118417675E0,-2.187937260E0,9.631410599E0,-1.510469317E-1
3.120796112E0,-2.193022013E0,9.629017830E0,-1.869392693E-1
3.123174550E0,-2.214557409E0,9.609874725E0,-1.630110443E-1
3.125552206E0,-2.207378864E0,9.609874725E0,-1.630110443E-1
3.127929862E0,-2.190629244E0,9.607481956E0,-1.295115203E-1
3.130308300E0,-2.190629244E0,9.600303650E0,-1.175474152E-1
3.132686737E0,-2.180758715E0,9.600303650E0,-1.127617657E-1
3.135064393E0,-2.187937260E0,9.609874725E0,-1.007976532E-1
3.137442050E0,-2.180758715E0,9.602696419E0,-1.031904742E-1
3.139820487E0,-2.161616087E0,9.614660263E0,-8.165507019E-2
3.142198925E0,-2.178365946E0,9.638588905E0,-1.007976532E-1
3.144576581E0,-2.173580170E0,9.643374443E0,-9.361918271E-2
3.146954237E0,-2.190629244E0,9.652945518E0,-1.103689447E-1
3.149332675E0,-2.193022013E0,9.705587387E0,-1.103689447E-1
3.151711112E0,-2.190629244E0,9.729516029E0,-1.103689447E-1
3.154088768E0,-2.171187401E0,9.741479874E0,-1.223330572E-1
3.156466425E0,-2.161616087E0,9.763015747E0,-1.175474152E-1
3.158844862E0,-2.161616087E0,9.780064583E0,-1.103689447E-1
3.161223300E0,-2.197807550E0,9.794421196E0,-1.151545867E-1
3.163600956E0,-2.185544491E0,9.818349838E0,-1.247258782E-1
3.165978612E0,-2.159223318E0,9.832706451E0,-1.223330572E-1
3.168357050E0,-2.164009094E0,9.856635094E0,-1.055833027E-1
3.170735487E0,-2.154437780E0,9.842277527E0,-1.534397453E-1
3.173113143E0,-2.149652004E0,9.863813400E0,-1.558325738E-1
3.175490800E0,-2.164009094E0,9.861420631E0,-1.797607988E-1
3.177869237E0,-2.159223318E0,9.849455833E0,-2.132603228E-1
3.180247675E0,-2.154437780E0,9.866206169E0,-2.300100774E-1
3.182625331E0,-2.149652004E0,9.837491989E0,-2.443670183E-1
3.185002987E0,-2.132902384E0,9.847063065E0,-2.778665423E-1
3.187381425E0,-2.113759756E0,9.811170578E0,-3.400799036E-1
3.189759862E0,-2.092224360E0,9.787242889E0,-3.448655605E-1
3.192137518E0,-2.085045815E0,9.799206734E0,-3.424727321E-1
3.194515175E0,-2.085045815E0,9.743872643E0,-3.975076675E-1
3.196893612E0,-2.111366987E0,9.712766647E0,-4.022932947E-1
3.199272050E0,-2.104188442E0,9.705587387E0,-4.118646085E-1
3.201649706E0,-2.099402666E0,9.679266930E0,-4.022932947E-1
3.204027362E0,-2.108973980E0,9.700801849E0,-4.022932947E-1
3.206405800E0,-2.111366987E0,9.655338287E0,-4.142574072E-1
3.208784237E0,-2.123331070E0,9.643374443E0,-3.999004960E-1
3.211161893E0,-2.104188442E0,9.638588905E0,-3.568296731E-1
3.213539550E0,-2.128116608E0,9.624231339E0,-3.544368446E-1
3.215917987E0,-2.128116608E0,9.652945518E0,-3.233301640E-1
3.218296425E0,-2.147259235E0,9.672088623E0,-3.041875660E-1
3.220674081E0,-2.156830549E0,9.664909363E0,-2.706880569E-1
3.223051737E0,-2.140080690E0,9.672088623E0,-2.108674943E-1
3.225430175E0,-2.135295153E0,9.715159416E0,-1.965105534E-1
3.227808612E0,-2.154437780E0,9.696016312E0,-1.582254022E-1
3.230186268E0,-2.147259235E0,9.700801849E0,-1.199402362E-1
3.232563925E0,-2.135295153E0,9.684052467E0,-1.223330572E-1
3.234942362E0,-2.140080690E0,9.676874161E0,-1.223330572E-1
3.237320800E0,-2.135295153E0,9.664909363E0,-1.151545867E-1
3.239698456E0,-2.099402666E0,9.645767212E0,-1.295115203E-1
3.242076112E0,-2.101795673E0,9.662516594E0,-1.510469317E-1
3.244454550E0,-2.068295956E0,9.633803368E0,-1.582254022E-1
3.246832987E0,-2.053939104E0,9.621838570E0,-1.989033818E-1
3.249210643E0,-2.018046856E0,9.600303650E0,-2.324029058E-1
3.251588300E0,-2.013261080E0,9.595518112E0,-2.754737139E-1
3.253966737E0,-1.996511340E0,9.605089188E0,-2.994019389E-1
3.256345175E0,-1.972583175E0,9.576375008E0,-3.329014480E-1
3.258722831E0,-1.967797518E0,9.569196701E0,-3.113660514E-1
3.261100487E0,-1.946262121E0,9.562018394E0,-3.257229924E-1
3.263478925E0,-1.907976985E0,9.573982239E0,-3.257229924E-1
3.265857362E0,-1.891227245E0,9.566803932E0,-2.994019389E-1
3.268235018E0,-1.855334878E0,9.571589470E0,-3.352942765E-1
3.270612675E0,-1.826620936E0,9.571589470E0,-3.185445070E-1
3.272991112E0,-1.790728688E0,9.581160545E0,-3.281157911E-1
3.275369550E0,-1.790728688E0,9.576375008E0,-3.257229924E-1
3.277747206E0,-1.747657895E0,9.595518112E0,-3.352942765E-1
3.280124862E0,-1.742872238E0,9.595518112E0,-3.257229924E-1
3.282503300E0,-1.692622900E0,9.602696419E0,-3.305086195E-1
3.284881737E0,-1.699801445E0,9.583553314E0,-2.922234535E-1
3.287259393E0,-1.680658817E0,9.583553314E0,-2.850449979E-1
3.289637050E0,-1.678265929E0,9.576375008E0,-2.491526604E-1
3.292015487E0,-1.675873160E0,9.578767776E0,-2.419741899E-1
3.294393925E0,-1.671087503E0,9.578767776E0,-2.204387933E-1
3.296771581E0,-1.683051586E0,9.554840088E0,-1.869392693E-1
3.299149237E0,-1.680658817E0,9.545269012E0,-1.366899908E-1
3.301527675E0,-1.671087503E0,9.550054550E0,-1.055833027E-1
3.303906112E0,-1.675873160E0,9.533304214E0,-1.031904742E-1
3.306283768E0,-1.656730533E0,9.506983757E0,-6.969095767E-2
3.308661425E0,-1.649552107E0,9.514162064E0,-8.165507019E-2
3.311039862E0,-1.656730533E0,9.506983757E0,-5.503492057E-2
3.313418300E0,-1.656730533E0,9.495018959E0,-4.307080805E-2
3.315795956E0,-1.656730533E0,9.480662346E0,-1.914258115E-2
3.318173612E0,-1.651944876E0,9.480662346E0,1.914258115E-2
3.320552050E0,-1.639980793E0,9.454340935E0,2.871387079E-2
3.322930487E0,-1.642373681E0,9.437591553E0,4.307080805E-2
3.325308143E0,-1.620539188E0,9.418449402E0,5.742774159E-2
3.327685800E0,-1.639980793E0,9.432806015E0,7.657032460E-2
3.330064237E0,-1.639980793E0,9.406484604E0,6.939185411E-2
3.332442675E0,-1.644766450E0,9.406484604E0,6.939185411E-2
3.334820331E0,-1.649552107E0,9.408877373E0,6.221338734E-2
3.337197987E0,-1.644766450E0,9.382556915E0,7.417750359E-2
3.339576425E0,-1.647159338E0,9.372985840E0,5.982056633E-2
3.341954862E0,-1.632802367E0,9.384949684E0,6.460621208E-2
3.344332518E0,-1.632802367E0,9.341878891E0,9.332008660E-2
3.346710175E0,-1.603789330E0,9.329915047E0,8.614161611E-2
3.349088612E0,-1.603789330E0,9.315557480E0,8.374879509E-2
3.351467050E0,-1.589432478E0,9.315557480E0,1.052841991E-1
3.353844706E0,-1.572682738E0,9.291629791E0,1.148554832E-1
3.356222362E0,-1.584646821E0,9.277272224E0,8.853443712E-2
3.358600800E0,-1.575075507E0,9.303593636E0,7.417750359E-2
3.360979237E0,-1.565504193E0,9.298808098E0,4.067798331E-2
3.363356893E0,-1.577468276E0,9.305986404E0,2.871387079E-2
3.365734550E0,-1.579861164E0,9.317950249E0,1.196411345E-2
3.368112987E0,-1.596610904E0,9.337093353E0,1.674975827E-2
3.370491425E0,-1.596610904E0,9.382556915E0,-2.153540403E-2
3.372869081E0,-1.596610904E0,9.392127991E0,-3.589234129E-2
3.375246737E0,-1.599003673E0,9.432806015E0,-5.024927482E-2
3.377625175E0,-1.608574986E0,9.459127426E0,-5.503492057E-2
3.380003612E0,-1.603789330E0,9.518947601E0,-5.742774159E-2
3.382381268E0,-1.591825247E0,9.540482521E0,-5.024927482E-2
3.384758925E0,-1.591825247E0,9.588339806E0,-3.110669367E-2
3.387137362E0,-1.584646821E0,9.602696419E0,-3.828516230E-2
3.389515800E0,-1.589432478E0,9.645767212E0,-3.110669367E-2
3.391893456E0,-1.601396561E0,9.657731056E0,-4.785645381E-2
3.394271112E0,-1.575075507E0,9.684052467E0,-4.785645381E-2
3.396649550E0,-1.563111424E0,9.734301567E0,-5.982056633E-2
3.399027987E0,-1.563111424E0,9.746265411E0,-8.644071966E-2
3.401405643E0,-1.572682738E0,9.775279045E0,-1.199402362E-1
3.403783300E0,-1.563111424E0,9.792028427E0,-1.223330572E-1
3.406161737E0,-1.548754454E0,9.799206734E0,-1.534397453E-1
3.408540175E0,-1.555932879E0,9.823135376E0,-1.797607988E-1
3.410917831E0,-1.567897081E0,9.832706451E0,-1.989033818E-1
3.413295487E0,-1.570289850E0,9.854242325E0,-2.036890239E-1
3.415673925E0,-1.599003673E0,9.890133858E0,-2.252244353E-1
3.418052362E0,-1.610967875E0,9.930811882E0,-2.395813614E-1
3.420430018E0,-1.582253933E0,9.935597420E0,-2.371885478E-1
3.422807675E0,-1.622931957E0,9.942776680E0,-2.204387933E-1
3.425186112E0,-1.615753531E0,9.952347755E0,-2.419741899E-1
3.427564550E0,-1.630409479E0,9.945169449E0,-2.060818523E-1
3.429942206E0,-1.647159338E0,9.945169449E0,-2.108674943E-1
3.432319862E0,-1.659123421E0,9.961918831E0,-2.060818523E-1
3.434698300E0,-1.666301847E0,9.957133293E0,-1.845464408E-1
3.437076737E0,-1.675873160E0,9.947562218E0,-1.725823283E-1
3.439454393E0,-1.683051586E0,9.906884193E0,-1.869392693E-1
3.441832050E0,-1.702194214E0,9.878170013E0,-1.654038578E-1
3.444210487E0,-1.704586983E0,9.885348320E0,-1.534397453E-1
3.446588925E0,-1.704586983E0,9.863813400E0,-1.438684613E-1
3.448966581E0,-1.750050664E0,9.820742607E0,-1.223330572E-1
3.451344237E0,-1.762014747E0,9.787242889E0,-1.414756328E-1
3.453722675E0,-1.773978829E0,9.770194054E0,-1.247258782E-1
3.456101112E0,-1.762014747E0,9.748658180E0,-1.055833027E-1
3.458478768E0,-1.790728688E0,9.717552185E0,-9.840483218E-2
3.460856425E0,-1.790728688E0,9.707980156E0,-1.079761237E-1
3.463234862E0,-1.793121457E0,9.679266930E0,-1.127617657E-1
3.465613300E0,-1.781157374E0,9.657731056E0,-1.103689447E-1
3.467990956E0,-1.785943031E0,9.645767212E0,-1.007976532E-1
3.470368612E0,-1.773978829E0,9.650552750E0,-1.271187067E-1
3.472747050E0,-1.769193292E0,9.605089188E0,-1.175474152E-1
3.475125487E0,-1.769193292E0,9.597910881E0,-1.175474152E-1
3.477503143E0,-1.762014747E0,9.595518112E0,-1.414756328E-1
3.479880800E0,-1.754836321E0,9.595518112E0,-1.103689447E-1
3.482259237E0,-1.745265007E0,9.600303650E0,-1.175474152E-1
3.484637675E0,-1.754836321E0,9.566803932E0,-1.175474152E-1
3.487015331E0,-1.752443433E0,9.602696419E0,-1.510469317E-1
3.489392987E0,-1.766800404E0,9.612267494E0,-1.558325738E-1
3.491771425E0,-1.752443433E0,9.597910881E0,-1.438684613E-1
3.494149862E0,-1.733300924E0,9.590732574E0,-1.486541033E-1
3.496527518E0,-1.730908036E0,9.571589470E0,-1.319043487E-1
3.498905175E0,-1.733300924E0,9.581160545E0,-1.342971772E-1
3.501283612E0,-1.711765528E0,9.581160545E0,-1.055833027E-1
3.503662050E0,-1.721336842E0,9.576375008E0,-1.175474152E-1
3.506039706E0,-1.702194214E0,9.576375008E0,-1.151545867E-1
3.508417362E0,-1.697408557E0,9.573982239E0,-9.601201117E-2
3.510795800E0,-1.702194214E0,9.573982239E0,-7.447660714E-2
3.513174237E0,-1.695015788E0,9.562018394E0,-7.926224917E-2
3.515551893E0,-1.692622900E0,9.540482521E0,-8.165507019E-2
3.517929550E0,-1.695015788E0,9.535696983E0,-8.404789865E-2
3.520307987E0,-1.690230131E0,9.528518677E0,-4.785645381E-2
3.522686425E0,-1.687837243E0,9.535696983E0,-2.871387079E-2
3.525064081E0,-1.666301847E0,9.485447884E0,-4.785645381E-2
3.527441737E0,-1.673480392E0,9.483055115E0,-4.067798331E-2
3.529820175E0,-1.651944876E0,9.487840652E0,-5.982056633E-2
3.532198612E0,-1.656730533E0,9.499805450E0,-5.024927482E-2
3.534576268E0,-1.637588024E0,9.487840652E0,-4.067798331E-2
3.536953925E0,-1.642373681E0,9.506983757E0,-3.349951655E-2
3.539332362E0,-1.625324726E0,9.495018959E0,-5.742774159E-2
3.541710800E0,-1.644766450E0,9.499805450E0,-5.503492057E-2
3.544088456E0,-1.632802367E0,9.475876808E0,-4.546362907E-2
3.546466112E0,-1.618146300E0,9.506983757E0,-4.546362907E-2
3.548844550E0,-1.589432478E0,9.540482521E0,-3.110669367E-2
3.551222987E0,-1.596610904E0,9.523733139E0,-1.674975827E-2
3.553600643E0,-1.591825247E0,9.562018394E0,-2.632104978E-2
3.555978300E0,-1.577468276E0,9.571589470E0,-5.742774159E-2
3.558356737E0,-1.589432478E0,9.609874725E0,-2.632104978E-2
3.560735175E0,-1.575075507E0,9.607481956E0,-4.307080805E-2
3.563112831E0,-1.584646821E0,9.643374443E0,-2.871387079E-2
3.565490487E0,-1.596610904E0,9.669695854E0,-5.024927482E-2
3.567868925E0,-1.555932879E0,9.660123825E0,-4.785645381E-2
3.570247362E0,-1.553540111E0,9.693623543E0,-5.982056633E-2
3.572625018E0,-1.546361685E0,9.681659698E0,-6.969095767E-2
3.575002675E0,-1.565504193E0,9.669695854E0,-6.729813665E-2
3.577381112E0,-1.527219057E0,9.679266930E0,-7.686942816E-2
3.579759550E0,-1.510469317E0,9.707980156E0,-9.840483218E-2
3.582137206E0,-1.510469317E0,9.693623543E0,-9.840483218E-2
3.584514862E0,-1.491326690E0,9.705587387E0,-9.840483218E-2
3.586893300E0,-1.496112347E0,9.684052467E0,-1.223330572E-1
3.589271737E0,-1.515254974E0,9.717552185E0,-1.079761237E-1
3.591649393E0,-1.505683661E0,9.722337723E0,-1.271187067E-1
3.594027050E0,-1.517647743E0,9.705587387E0,-1.295115203E-1
3.596405487E0,-1.522433400E0,9.696016312E0,-1.127617657E-1
3.598783925E0,-1.510469317E0,9.712766647E0,-9.840483218E-2
3.601161581E0,-1.527219057E0,9.700801849E0,-9.361918271E-2
3.603539237E0,-1.536790371E0,9.688838005E0,-1.079761237E-1
3.605917675E0,-1.527219057E0,9.688838005E0,-1.055833027E-1
3.608296112E0,-1.543968797E0,9.696016312E0,-1.247258782E-1
3.610673768E0,-1.551147223E0,9.700801849E0,-1.031904742E-1
3.613051425E0,-1.548754454E0,9.715159416E0,-1.175474152E-1
3.615429862E0,-1.558325768E0,9.698409081E0,-1.175474152E-1
3.617808300E0,-1.558325768E0,9.696016312E0,-9.601201117E-2
3.620185956E0,-1.572682738E0,9.696016312E0,-1.103689447E-1
3.622563612E0,-1.560718536E0,9.710372925E0,-1.007976532E-1
3.624942050E0,-1.579861164E0,9.703194618E0,-7.447660714E-2
3.627320487E0,-1.575075507E0,9.722337723E0,-7.926224917E-2
3.629698143E0,-1.591825247E0,9.707980156E0,-9.601201117E-2
3.632075800E0,-1.613360643E0,9.703194618E0,-7.686942816E-2
3.634454237E0,-1.601396561E0,9.703194618E0,-8.883354068E-2
3.636832675E0,-1.613360643E0,9.707980156E0,-8.165507019E-2
3.639210331E0,-1.589432478E0,9.703194618E0,-1.079761237E-1
3.641587987E0,-1.601396561E0,9.715159416E0,-9.361918271E-2
3.643966425E0,-1.620539188E0,9.707980156E0,-8.883354068E-2
3.646344862E0,-1.637588024E0,9.707980156E0,-9.122636169E-2
3.648722518E0,-1.613360643E0,9.719944954E0,-8.644071966E-2
3.651100175E0,-1.608574986E0,9.739087105E0,-9.840483218E-2
3.653478612E0,-1.618146300E0,9.755837440E0,-7.208377868E-2
3.655857050E0,-1.615753531E0,9.743872643E0,-6.969095767E-2
3.658234706E0,-1.615753531E0,9.748658180E0,-4.546362907E-2
3.660612414E0,-1.637588024E0,9.767801285E0,-6.251249462E-2
3.662990852E0,-1.635195136E0,9.760622978E0,-3.349951655E-2
3.665369237E0,-1.651944876E0,9.763015747E0,-2.632104978E-2
3.667746893E0,-1.632802367E0,9.765408516E0,-2.392822690E-2
3.670124602E0,-1.639980793E0,9.760622978E0,-4.785645287E-3
3.672503039E0,-1.628016710E0,9.772586823E0,2.392822644E-3
3.674881425E0,-1.620539188E0,9.767801285E0,-0.000000000E0
3.677259081E0,-1.642373681E0,9.748658180E0,-9.571290575E-3
3.679636789E0,-1.642373681E0,9.780064583E0,-3.349951655E-2
3.682015227E0,-1.671087503E0,9.782457352E0,-2.392822690E-2
3.684393612E0,-1.644766450E0,9.784850121E0,-3.349951655E-2
3.686771268E0,-1.635195136E0,9.789635658E0,-3.110669367E-2
3.689148977E0,-1.632802367E0,9.789635658E0,-5.982056633E-2
3.691527414E0,-1.635195136E0,9.801599503E0,-5.982056633E-2
3.693905800E0,-1.608574986E0,9.770194054E0,-5.742774159E-2
3.696283456E0,-1.608574986E0,9.770194054E0,-5.982056633E-2
3.698661164E0,-1.622931957E0,9.775279045E0,-8.404789865E-2
3.701039602E0,-1.608574986E0,9.753444672E0,-8.404789865E-2
3.703417987E0,-1.589432478E0,9.731908798E0,-8.644071966E-2
3.705795643E0,-1.594218135E0,9.719944954E0,-6.969095767E-2
3.708173352E0,-1.589432478E0,9.724730492E0,-8.883354068E-2
3.710551789E0,-1.596610904E0,9.717552185E0,-7.686942816E-2
3.712930175E0,-1.615753531E0,9.703194618E0,-7.926224917E-2
3.715307831E0,-1.608574986E0,9.681659698E0,-4.785645381E-2
3.717685539E0,-1.618146300E0,9.696016312E0,-6.251249462E-2
3.720063977E0,-1.618146300E0,9.664909363E0,-5.742774159E-2
3.722442414E0,-1.628016710E0,9.664909363E0,-4.307080805E-2
3.724820070E0,-1.630409479E0,9.664909363E0,-4.785645287E-3
3.727197727E0,-1.642373681E0,9.631410599E0,3.589234129E-2
3.729576164E0,-1.639980793E0,9.595518112E0,6.221338734E-2
3.731954550E0,-1.649552107E0,9.602696419E0,8.135596663E-2
3.734332206E0,-1.649552107E0,9.597910881E0,1.004985496E-1
3.736709914E0,-1.663909078E0,9.607481956E0,1.196411327E-1
3.739088352E0,-1.656730533E0,9.602696419E0,1.411765367E-1
3.741466789E0,-1.642373681E0,9.593125343E0,1.172483116E-1
3.743844445E0,-1.659123421E0,9.571589470E0,1.148554832E-1
3.746222102E0,-1.649552107E0,9.573982239E0,1.363908947E-1
3.748600539E0,-1.647159338E0,9.595518112E0,1.052841991E-1
3.750978977E0,-1.663909078E0,9.569196701E0,1.100698411E-1
3.753356633E0,-1.673480392E0,9.573982239E0,1.100698411E-1
3.755734289E0,-1.673480392E0,9.562018394E0,9.332008660E-2
3.758112727E0,-1.659123421E0,9.573982239E0,9.092725813E-2
3.760491164E0,-1.661516190E0,9.585947037E0,8.374879509E-2
3.762868820E0,-1.656730533E0,9.557232857E0,8.853443712E-2
3.765246477E0,-1.663909078E0,9.535696983E0,6.939185411E-2
3.767624914E0,-1.656730533E0,9.557232857E0,8.135596663E-2
3.770003352E0,-1.639980793E0,9.554840088E0,9.571290761E-2
3.772381008E0,-1.642373681E0,9.566803932E0,7.657032460E-2
3.774758664E0,-1.644766450E0,9.566803932E0,1.028913707E-1
3.777137102E0,-1.647159338E0,9.569196701E0,1.100698411E-1
3.779515539E0,-1.642373681E0,9.585947037E0,8.374879509E-2
3.781893195E0,-1.642373681E0,9.593125343E0,1.244267747E-1
3.784270852E0,-1.637588024E0,9.624231339E0,9.332008660E-2
3.786649289E0,-1.639980793E0,9.629017830E0,1.220339537E-1
3.789027727E0,-1.618146300E0,9.648159981E0,1.316052526E-1
3.791405383E0,-1.632802367E0,9.669695854E0,1.483550072E-1
3.793783039E0,-1.625324726E0,9.681659698E0,1.411765367E-1
3.796161477E0,-1.615753531E0,9.696016312E0,1.292124242E-1
3.798539914E0,-1.628016710E0,9.727123260E0,1.196411327E-1
3.800917570E0,-1.606182218E0,9.739087105E0,1.100698411E-1
3.803295227E0,-1.608574986E0,9.801599503E0,1.172483116E-1
3.805673664E0,-1.610967875E0,9.839884758E0,1.196411327E-1
3.808052102E0,-1.615753531E0,9.847063065E0,1.531406492E-1
3.810429758E0,-1.606182218E0,9.882955551E0,1.507478207E-1
3.812807414E0,-1.591825247E0,9.897313118E0,1.363908947E-1
3.815185852E0,-1.608574986E0,9.904491425E0,1.483550072E-1
3.817564289E0,-1.599003673E0,9.904491425E0,1.268195957E-1
3.819941945E0,-1.628016710E0,9.914062500E0,8.853443712E-2
3.822319602E0,-1.630409479E0,9.942776680E0,9.571290761E-2
3.824698039E0,-1.635195136E0,9.942776680E0,6.221338734E-2
3.827076477E0,-1.635195136E0,9.930811882E0,3.828516230E-2
3.829454133E0,-1.642373681E0,9.906884193E0,2.871387079E-2
3.831831789E0,-1.639980793E0,9.906884193E0,-4.785645287E-3
3.834210227E0,-1.666301847E0,9.873384476E0,4.785645287E-3
3.836588664E0,-1.699801445E0,9.873384476E0,2.392822644E-3
3.838966320E0,-1.671087503E0,9.870991707E0,-9.571290575E-3
3.841343977E0,-1.709372640E0,9.825528145E0,-2.153540403E-2
3.843722414E0,-1.721336842E0,9.818349838E0,-2.871387079E-2
3.846100852E0,-1.730908036E0,9.799206734E0,-3.589234129E-2
3.848478508E0,-1.742872238E0,9.763015747E0,-2.871387079E-2
3.850856164E0,-1.757229090E0,9.753444672E0,-3.110669367E-2
3.853234602E0,-1.778764486E0,9.734301567E0,-1.435693540E-2
3.855613039E0,-1.752443433E0,9.729516029E0,-2.153540403E-2
3.857990695E0,-1.771586061E0,9.717552185E0,-4.785645287E-3
3.860368352E0,-1.764407635E0,9.710372925E0,2.632104978E-2
3.862746789E0,-1.766800404E0,9.698409081E0,4.546362907E-2
3.865125227E0,-1.766800404E0,9.688838005E0,5.503492057E-2
3.867502883E0,-1.762014747E0,9.681659698E0,5.742774159E-2
3.869880539E0,-1.750050664E0,9.672088623E0,6.699903309E-2
3.872258977E0,-1.764407635E0,9.686445236E0,7.417750359E-2
3.874637414E0,-1.783550143E0,9.672088623E0,7.417750359E-2
3.877015070E0,-1.773978829E0,9.674481392E0,6.939185411E-2
3.879392727E0,-1.742872238E0,9.700801849E0,9.092725813E-2
3.881771164E0,-1.764407635E0,9.717552185E0,7.178468257E-2
3.884149602E0,-1.773978829E0,9.715159416E0,8.374879509E-2
3.886527258E0,-1.771586061E0,9.746265411E0,7.657032460E-2
3.888904914E0,-1.757229090E0,9.755837440E0,1.004985496E-1
3.891283352E0,-1.745265007E0,9.784850121E0,7.417750359E-2
3.893661789E0,-1.759621978E0,9.782457352E0,5.742774159E-2
3.896039445E0,-1.740479350E0,9.794421196E0,6.939185411E-2
3.898417102E0,-1.740479350E0,9.820742607E0,6.460621208E-2
3.900795539E0,-1.735693693E0,9.818349838E0,5.024927482E-2
3.903173977E0,-1.730908036E0,9.811170578E0,4.307080805E-2
3.905551633E0,-1.721336842E0,9.820742607E0,2.871387079E-2
3.907929289E0,-1.733300924E0,9.830313683E0,-2.392822644E-3
3.910307727E0,-1.714158297E0,9.803992271E0,-1.435693540E-2
3.912686164E0,-1.718943954E0,9.799206734E0,-1.914258115E-2
3.915063820E0,-1.714158297E0,9.751050949E0,-3.828516230E-2
3.917441477E0,-1.706979871E0,9.743872643E0,-3.349951655E-2
3.919819914E0,-1.709372640E0,9.743872643E0,-2.392822690E-2
3.922198352E0,-1.702194214E0,9.717552185E0,-2.871387079E-2
3.924576008E0,-1.714158297E0,9.731908798E0,-1.196411345E-2
3.926953664E0,-1.706979871E0,9.719944954E0,-9.571290575E-3
3.929332102E0,-1.716551185E0,9.710372925E0,1.435693540E-2
3.931710539E0,-1.735693693E0,9.672088623E0,3.828516230E-2
3.934088195E0,-1.723729610E0,9.681659698E0,2.632104978E-2
3.936465852E0,-1.735693693E0,9.660123825E0,6.699903309E-2
3.938844289E0,-1.740479350E0,9.662516594E0,9.810572863E-2
3.941222727E0,-1.735693693E0,9.650552750E0,1.316052526E-1
3.943600383E0,-1.738086581E0,9.612267494E0,1.507478207E-1
3.945978039E0,-1.730908036E0,9.597910881E0,1.842473447E-1
3.948356477E0,-1.740479350E0,9.571589470E0,2.273181528E-1
3.950734914E0,-1.745265007E0,9.562018394E0,2.273181528E-1
3.953112570E0,-1.738086581E0,9.533304214E0,2.608176768E-1
3.955490227E0,-1.742872238E0,9.538089752E0,2.440679073E-1
3.957868664E0,-1.764407635E0,9.542876244E0,2.344966233E-1
3.960247102E0,-1.781157374E0,9.542876244E0,2.679961324E-1
3.962624758E0,-1.754836321E0,9.495018959E0,2.895315289E-1
3.965002414E0,-1.781157374E0,9.509376526E0,3.086741269E-1
3.967380852E0,-1.762014747E0,9.485447884E0,3.134597540E-1
3.969759289E0,-1.742872238E0,9.466305733E0,2.919243574E-1
3.972136945E0,-1.742872238E0,9.444769859E0,2.895315289E-1
3.974514602E0,-1.728515267E0,9.454340935E0,2.703889608E-1
3.976893039E0,-1.735693693E0,9.442377090E0,2.464607358E-1
3.979271477E0,-1.699801445E0,9.439984322E0,2.129612118E-1
3.981649133E0,-1.702194214E0,9.442377090E0,1.962114573E-1
3.984026789E0,-1.692622900E0,9.428020477E0,1.603191197E-1
3.986405227E0,-1.683051586E0,9.408877373E0,1.411765367E-1
3.988783664E0,-1.671087503E0,9.435198784E0,1.148554832E-1
3.991161320E0,-1.675873160E0,9.416056633E0,1.052841991E-1
3.993538977E0,-1.673480392E0,9.423234940E0,5.503492057E-2
3.995917414E0,-1.666301847E0,9.439984322E0,4.785645381E-2
3.998295852E0,-1.649552107E0,9.420842171E0,4.067798331E-2
4.000673508E0,-1.639980793E0,9.439984322E0,4.546362907E-2
4.003051164E0,-1.647159338E0,9.439984322E0,2.632104978E-2
4.005429602E0,-1.610967875E0,9.447162628E0,2.153540403E-2
4.007808039E0,-1.615753531E0,9.451948166E0,3.349951655E-2
4.010185695E0,-1.603789330E0,9.463912964E0,2.153540403E-2
4.012563352E0,-1.622931957E0,9.451948166E0,2.392822690E-2
4.014941789E0,-1.615753531E0,9.473484039E0,1.914258115E-2
4.017320227E0,-1.622931957E0,9.483055115E0,3.110669367E-2
4.019697883E0,-1.613360643E0,9.497411728E0,9.571290575E-3
4.022075539E0,-1.632802367E0,9.473484039E0,2.392822690E-2
4.024453977E0,-1.625324726E0,9.490233421E0,2.632104978E-2
4.026832414E0,-1.630409479E0,9.499805450E0,2.153540403E-2
4.029210070E0,-1.601396561E0,9.504590988E0,2.871387079E-2
4.031587727E0,-1.610967875E0,9.506983757E0,2.153540403E-2
4.033966164E0,-1.608574986E0,9.521340370E0,2.632104978E-2
4.036344602E0,-1.591825247E0,9.516554832E0,5.264209956E-2
4.038722258E0,-1.603789330E0,9.545269012E0,2.871387079E-2
4.041099914E0,-1.589432478E0,9.550054550E0,3.589234129E-2
4.043478352E0,-1.608574986E0,9.538089752E0,5.024927482E-2
4.045856789E0,-1.596610904E0,9.562018394E0,3.349951655E-2
4.048234445E0,-1.589432478E0,9.583553314E0,2.153540403E-2
4.050612102E0,-1.622931957E0,9.602696419E0,5.503492057E-2
4.052990539E0,-1.642373681E0,9.619445801E0,4.546362907E-2
4.055368977E0,-1.644766450E0,9.621838570E0,4.307080805E-2
4.057746633E0,-1.649552107E0,9.638588905E0,5.264209956E-2
4.060124289E0,-1.644766450E0,9.660123825E0,4.307080805E-2
4.062502727E0,-1.647159338E0,9.669695854E0,3.828516230E-2
4.064881164E0,-1.635195136E0,9.703194618E0,3.828516230E-2
4.067258820E0,-1.630409479E0,9.707980156E0,4.067798331E-2
4.069636477E0,-1.632802367E0,9.715159416E0,4.785645287E-3
4.072014914E0,-1.620539188E0,9.746265411E0,2.153540403E-2
4.074393352E0,-1.618146300E0,9.748658180E0,2.153540403E-2
4.076771008E0,-1.601396561E0,9.767801285E0,1.674975827E-2
4.079148664E0,-1.601396561E0,9.763015747E0,7.178467698E-3
4.081527102E0,-1.613360643E0,9.784850121E0,9.571290575E-3
4.083905539E0,-1.591825247E0,9.803992271E0,2.392822644E-3
4.086283195E0,-1.594218135E0,9.818349838E0,-7.178467698E-3
4.088660852E0,-1.596610904E0,9.818349838E0,-2.871387079E-2
4.091039289E0,-1.596610904E0,9.820742607E0,-4.785645287E-3
4.093417727E0,-1.603789330E0,9.835099220E0,-4.067798331E-2
4.095795383E0,-1.608574986E0,9.827920914E0,-1.914258115E-2
4.098173039E0,-1.610967875E0,9.842277527E0,-2.632104978E-2
4.100551477E0,-1.584646821E0,9.823135376E0,-1.196411345E-2
4.102929914E0,-1.577468276E0,9.830313683E0,-7.178467698E-3
4.105307570E0,-1.584646821E0,9.820742607E0,4.785645287E-3
4.107685227E0,-1.591825247E0,9.818349838E0,1.914258115E-2
4.110063664E0,-1.579861164E0,9.815957069E0,-4.785645287E-3
4.112442102E0,-1.587039590E0,9.813564301E0,-4.785645287E-3
4.114819758E0,-1.582253933E0,9.799206734E0,1.435693540E-2
4.117197414E0,-1.596610904E0,9.815957069E0,1.196411345E-2
4.119575852E0,-1.610967875E0,9.799206734E0,-9.571290575E-3
4.121954289E0,-1.579861164E0,9.813564301E0,5.503492057E-2
4.124331945E0,-1.587039590E0,9.782457352E0,3.110669367E-2
4.126709602E0,-1.599003673E0,9.801599503E0,6.221338734E-2
4.129088039E0,-1.620539188E0,9.777671814E0,6.939185411E-2
4.131466477E0,-1.603789330E0,9.770194054E0,5.982056633E-2
4.133844133E0,-1.615753531E0,9.770194054E0,6.221338734E-2
4.136221841E0,-1.575075507E0,9.780064583E0,4.785645381E-2
4.138600279E0,-1.577468276E0,9.772586823E0,7.417750359E-2
4.140978664E0,-1.582253933E0,9.806385040E0,8.374879509E-2
4.143356320E0,-1.610967875E0,9.794421196E0,7.178468257E-2
4.145733977E0,-1.594218135E0,9.801599503E0,8.614161611E-2
4.148112414E0,-1.584646821E0,9.803992271E0,7.896314561E-2
4.150490852E0,-1.570289850E0,9.820742607E0,8.614161611E-2
4.152868508E0,-1.546361685E0,9.861420631E0,9.571290761E-2
4.155246164E0,-1.541576028E0,9.875777245E0,4.785645381E-2
4.157624602E0,-1.510469317E0,9.899705887E0,3.349951655E-2
4.160003039E0,-1.508076429E0,9.911669731E0,4.067798331E-2
4.162380695E0,-1.479362607E0,9.949954987E0,2.392822644E-3
4.164758404E0,-1.472184181E0,9.945169449E0,-2.392822644E-3
4.167136841E0,-1.467398524E0,9.971489906E0,-3.828516230E-2
4.169515227E0,-1.467398524E0,1.000498962E1,-4.067798331E-2
4.171892883E0,-1.460219979E0,1.000498962E1,-6.490531564E-2
4.174270591E0,-1.465005636E0,1.000020409E1,-6.729813665E-2
4.176649029E0,-1.431506157E0,1.001695347E1,-7.447660714E-2
4.179027414E0,-1.414756417E0,1.002891827E1,-7.447660714E-2
4.181405070E0,-1.414756417E0,1.001695347E1,-9.361918271E-2
4.183782779E0,-1.398006678E0,1.001216793E1,-9.601201117E-2
4.186161216E0,-1.414756417E0,9.983454704E0,-8.404789865E-2
4.188539602E0,-1.402792215E0,9.964311600E0,-7.686942816E-2
4.190917258E0,-1.381256819E0,9.971489906E0,-7.447660714E-2
4.193294966E0,-1.398006678E0,9.945169449E0,-6.969095767E-2
4.195673404E0,-1.405185103E0,9.928419113E0,-6.729813665E-2
4.198051789E0,-1.426720500E0,9.904491425E0,-5.982056633E-2
4.200429445E0,-1.412363529E0,9.909276962E0,-5.503492057E-2
4.202807154E0,-1.412363529E0,9.878170013E0,-4.307080805E-2
4.205185591E0,-1.438684583E0,9.856635094E0,-4.307080805E-2
4.207563977E0,-1.407577872E0,9.847063065E0,-4.307080805E-2
4.209941633E0,-1.412363529E0,9.825528145E0,-5.503492057E-2
4.212319341E0,-1.419542074E0,9.832706451E0,-4.785645381E-2
4.214697779E0,-1.419542074E0,9.815957069E0,-9.571290575E-3
4.217076164E0,-1.426720500E0,9.820742607E0,-4.785645287E-3
4.219453820E0,-1.417149186E0,9.823135376E0,-1.435693540E-2
4.221831529E0,-1.424327731E0,9.815957069E0,-3.349951655E-2
4.224209966E0,-1.433898926E0,9.842277527E0,-2.392822644E-3
4.226588352E0,-1.402792215E0,9.854242325E0,2.392822644E-3
4.228966008E0,-1.417149186E0,9.842277527E0,2.392822644E-3
4.231343716E0,-1.414756417E0,9.839884758E0,7.178467698E-3
4.233722154E0,-1.390828133E0,9.835099220E0,1.914258115E-2
4.236100591E0,-1.402792215E0,9.825528145E0,1.435693540E-2
4.238478248E0,-1.383649707E0,9.832706451E0,4.785645287E-3
4.240855904E0,-1.388435364E0,9.827920914E0,-0.000000000E0
4.243234341E0,-1.364507079E0,9.835099220E0,-2.632104978E-2
4.245612727E0,-1.352542996E0,9.796813965E0,-1.196411345E-2
4.247990383E0,-1.335793257E0,9.813564301E0,-6.969095767E-2
4.250368091E0,-1.304686546E0,9.763015747E0,-8.404789865E-2
4.252746529E0,-1.321436286E0,9.784850121E0,-9.122636169E-2
4.255124966E0,-1.299900889E0,9.760622978E0,-1.103689447E-1
4.257502623E0,-1.307079315E0,9.758230209E0,-1.390828192E-1
4.259880279E0,-1.314257860E0,9.751050949E0,-1.366899908E-1
4.262258716E0,-1.287936807E0,9.755837440E0,-1.582254022E-1
4.264637154E0,-1.319043517E0,9.751050949E0,-1.175474152E-1
4.267014810E0,-1.323829174E0,9.765408516E0,-1.295115203E-1
4.269392466E0,-1.319043517E0,9.748658180E0,-1.342971772E-1
4.271770904E0,-1.342971683E0,9.743872643E0,-1.175474152E-1
4.274149341E0,-1.340578914E0,9.729516029E0,-7.686942816E-2
4.276526998E0,-1.347757339E0,9.741479874E0,-7.926224917E-2
4.278904654E0,-1.364507079E0,9.727123260E0,-4.307080805E-2
4.281283091E0,-1.347757339E0,9.724730492E0,-4.785645381E-2
4.283661529E0,-1.374078393E0,9.724730492E0,-2.153540403E-2
4.286039185E0,-1.381256819E0,9.719944954E0,-4.546362907E-2
4.288416841E0,-1.366899967E0,9.710372925E0,-3.589234129E-2
4.290795279E0,-1.388435364E0,9.703194618E0,-3.828516230E-2
4.293173716E0,-1.369292736E0,9.727123260E0,-2.632104978E-2
4.295551373E0,-1.381256819E0,9.727123260E0,-7.178467698E-3
4.297929029E0,-1.369292736E0,9.746265411E0,-5.024927482E-2
4.300307466E0,-1.369292736E0,9.722337723E0,-4.785645381E-2
4.302685904E0,-1.393221021E0,9.751050949E0,-5.264209956E-2
4.305063560E0,-1.390828133E0,9.758230209E0,-7.447660714E-2
4.307441216E0,-1.381256819E0,9.760622978E0,-1.007976532E-1
4.309819654E0,-1.386042476E0,9.767801285E0,-1.103689447E-1
4.312198091E0,-1.393221021E0,9.760622978E0,-1.127617657E-1
4.314575748E0,-1.405185103E0,9.770194054E0,-1.414756328E-1
4.316953404E0,-1.393221021E0,9.770194054E0,-1.414756328E-1
4.319331841E0,-1.448255897E0,9.772586823E0,-1.486541033E-1
4.321710279E0,-1.421934843E0,9.796813965E0,-1.677966863E-1
4.324087935E0,-1.433898926E0,9.770194054E0,-1.725823283E-1
4.326465591E0,-1.426720500E0,9.792028427E0,-1.749751568E-1
4.328844029E0,-1.462612867E0,9.796813965E0,-1.773679852E-1
4.331222466E0,-1.491326690E0,9.787242889E0,-1.558325738E-1
4.333600123E0,-1.500898004E0,9.787242889E0,-1.701895148E-1
4.335977779E0,-1.503290772E0,9.765408516E0,-1.582254022E-1
4.338356216E0,-1.536790371E0,9.772586823E0,-1.319043487E-1
4.340734654E0,-1.563111424E0,9.743872643E0,-1.223330572E-1
4.343112310E0,-1.570289850E0,9.719944954E0,-1.319043487E-1
4.345489966E0,-1.579861164E0,9.715159416E0,-1.342971772E-1
4.347868404E0,-1.572682738E0,9.715159416E0,-1.295115203E-1
4.350246841E0,-1.572682738E0,9.712766647E0,-1.342971772E-1
4.352624498E0,-1.579861164E0,9.698409081E0,-1.366899908E-1
4.355002154E0,-1.591825247E0,9.681659698E0,-1.342971772E-1
4.357380591E0,-1.579861164E0,9.688838005E0,-1.127617657E-1
4.359759029E0,-1.584646821E0,9.686445236E0,-1.223330572E-1
4.362136685E0,-1.589432478E0,9.686445236E0,-1.342971772E-1
4.364514341E0,-1.606182218E0,9.655338287E0,-1.271187067E-1
4.366892779E0,-1.606182218E0,9.640981674E0,-1.366899908E-1
4.369271216E0,-1.618146300E0,9.631410599E0,-1.247258782E-1
4.371648873E0,-1.632802367E0,9.636196136E0,-9.601201117E-2
4.374026529E0,-1.613360643E0,9.648159981E0,-8.883354068E-2
4.376404966E0,-1.622931957E0,9.631410599E0,-7.926224917E-2
4.378783404E0,-1.601396561E0,9.643374443E0,-5.503492057E-2
4.381161060E0,-1.608574986E0,9.631410599E0,-5.742774159E-2
4.383538716E0,-1.608574986E0,9.648159981E0,-3.828516230E-2
4.385917154E0,-1.596610904E0,9.617053032E0,-2.392822690E-2
4.388295591E0,-1.594218135E0,9.617053032E0,-7.178467698E-3
4.390673248E0,-1.594218135E0,9.614660263E0,-3.589234129E-2
4.393050904E0,-1.628016710E0,9.607481956E0,4.785645287E-3
4.395429341E0,-1.668694735E0,9.593125343E0,4.546362907E-2
4.397807779E0,-1.654337764E0,9.583553314E0,9.571290761E-2
4.400185435E0,-1.706979871E0,9.559625626E0,1.459621787E-1
4.402563091E0,-1.740479350E0,9.535696983E0,1.914258152E-1
4.404941529E0,-1.764407635E0,9.495018959E0,2.392822653E-1
4.407319966E0,-1.817049742E0,9.480662346E0,3.038884699E-1
4.409697623E0,-1.855334878E0,9.475876808E0,3.589234054E-1
4.412075279E0,-1.879263043E0,9.461520195E0,4.283152521E-1
4.414453716E0,-1.898405671E0,9.471091270E0,4.881358147E-1
4.416832154E0,-1.905584097E0,9.463912964E0,5.171487927E-1
4.419209810E0,-1.929512382E0,9.473484039E0,5.362913609E-1
4.421587466E0,-1.912762642E0,9.483055115E0,5.817549825E-1
4.423965904E0,-1.919941068E0,9.468698502E0,6.104688644E-1
4.426344341E0,-1.919941068E0,9.471091270E0,6.224330068E-1
4.428721998E0,-1.905584097E0,9.480662346E0,5.913262963E-1
4.431099654E0,-1.898405671E0,9.483055115E0,5.961119533E-1
4.433478091E0,-1.915155411E0,9.518947601E0,5.458626747E-1
4.435856529E0,-1.884048700E0,9.535696983E0,4.594219327E-1
4.438234185E0,-1.869691849E0,9.554840088E0,4.211367965E-1
4.440611841E0,-1.809871197E0,9.576375008E0,3.613162339E-1
4.442990279E0,-1.788335800E0,9.588339806E0,2.871387303E-1
4.445368716E0,-1.740479350E0,9.621838570E0,2.416750938E-1
4.447746373E0,-1.704586983E0,9.640981674E0,1.674975902E-1
4.450124029E0,-1.647159338E0,9.648159981E0,9.332008660E-2
4.452502466E0,-1.596610904E0,9.676874161E0,1.914258115E-2
4.454880904E0,-1.548754454E0,9.684052467E0,-2.871387079E-2
4.457258560E0,-1.505683661E0,9.696016312E0,-1.031904742E-1
4.459636216E0,-1.445863128E0,9.715159416E0,-1.654038578E-1
4.462014654E0,-1.417149186E0,9.707980156E0,-2.132603228E-1
4.464393091E0,-1.398006678E0,9.753444672E0,-2.611167729E-1
4.466770748E0,-1.388435364E0,9.767801285E0,-2.922234535E-1
4.469148404E0,-1.381256819E0,9.772586823E0,-2.970091105E-1
4.471526841E0,-1.371685624E0,9.780064583E0,-3.185445070E-1
4.473905279E0,-1.362114310E0,9.765408516E0,-3.041875660E-1
4.476282935E0,-1.352542996E0,9.770194054E0,-2.706880569E-1
4.478660591E0,-1.354935765E0,9.770194054E0,-2.252244353E-1
4.481039029E0,-1.395613790E0,9.777671814E0,-2.108674943E-1
4.483417466E0,-1.383649707E0,9.763015747E0,-1.797607988E-1
4.485795123E0,-1.421934843E0,9.784850121E0,-1.390828192E-1
4.488172779E0,-1.398006678E0,9.796813965E0,-1.031904742E-1
4.490551216E0,-1.398006678E0,9.770194054E0,-6.251249462E-2
4.492929654E0,-1.433898926E0,9.765408516E0,-3.349951655E-2
4.495307310E0,-1.429113269E0,9.777671814E0,-2.153540403E-2
4.497684966E0,-1.433898926E0,9.777671814E0,-2.392822690E-2
4.500063404E0,-1.445863128E0,9.753444672E0,9.571290575E-3
4.502441841E0,-1.443470240E0,9.748658180E0,9.571290575E-3
4.504819498E0,-1.457827210E0,9.775279045E0,4.067798331E-2
4.507197154E0,-1.433898926E0,9.746265411E0,5.264209956E-2
4.509575591E0,-1.417149186E0,9.727123260E0,4.067798331E-2
4.511954029E0,-1.414756417E0,9.741479874E0,4.307080805E-2
4.514331685E0,-1.381256819E0,9.727123260E0,4.067798331E-2
4.516709341E0,-1.357328653E0,9.710372925E0,1.435693540E-2
4.519087779E0,-1.350150228E0,9.707980156E0,1.914258115E-2
4.521466216E0,-1.331007600E0,9.722337723E0,-2.632104978E-2
4.523843873E0,-1.299900889E0,9.722337723E0,-5.024927482E-2
4.526221529E0,-1.314257860E0,9.703194618E0,-4.546362907E-2
4.528599966E0,-1.290329576E0,9.679266930E0,-9.122636169E-2
4.530978404E0,-1.273579836E0,9.715159416E0,-8.644071966E-2
4.533356060E0,-1.249651670E0,9.684052467E0,-1.271187067E-1
4.535733716E0,-1.240080357E0,9.676874161E0,-1.534397453E-1
4.538112154E0,-1.247258782E0,9.648159981E0,-1.917249113E-1
4.540490591E0,-1.252044439E0,9.662516594E0,-2.012962103E-1
4.542868248E0,-1.235294700E0,9.638588905E0,-1.965105534E-1
4.545245904E0,-1.225723386E0,9.636196136E0,-2.036890239E-1
4.547624341E0,-1.228116274E0,9.640981674E0,-2.204387933E-1
4.550002779E0,-1.194616675E0,9.636196136E0,-2.276172489E-1
4.552380435E0,-1.197009563E0,9.631410599E0,-2.012962103E-1
4.554758091E0,-1.194616675E0,9.638588905E0,-2.228316069E-1
4.557136529E0,-1.194616675E0,9.631410599E0,-2.347957194E-1
4.559514966E0,-1.199402332E0,9.662516594E0,-2.276172489E-1
4.561892623E0,-1.189831018E0,9.681659698E0,-2.012962103E-1
4.564270279E0,-1.187438250E0,9.676874161E0,-2.204387933E-1
4.566648716E0,-1.170688510E0,9.693623543E0,-2.324029058E-1
4.569027154E0,-1.168295622E0,9.705587387E0,-2.587239444E-1
4.571404810E0,-1.149153113E0,9.703194618E0,-2.563311160E-1
4.573782466E0,-1.149153113E0,9.727123260E0,-2.754737139E-1
4.576160904E0,-1.134796143E0,9.715159416E0,-2.611167729E-1
4.578539341E0,-1.103689432E0,9.707980156E0,-2.946162820E-1
4.580916998E0,-1.101296663E0,9.707980156E0,-3.137588799E-1
4.583294654E0,-1.072582722E0,9.705587387E0,-3.089732230E-1
4.585673091E0,-1.072582722E0,9.696016312E0,-3.257229924E-1
4.588051529E0,-1.055533886E0,9.688838005E0,-3.113660514E-1
4.590429185E0,-1.086939692E0,9.660123825E0,-2.874378264E-1
4.592806841E0,-1.065105200E0,9.664909363E0,-3.233301640E-1
4.595185279E0,-1.048355460E0,9.650552750E0,-3.113660514E-1
4.597563716E0,-1.062712312E0,9.633803368E0,-3.137588799E-1
4.599941373E0,-1.079761267E0,9.617053032E0,-2.946162820E-1
4.602319029E0,-1.055533886E0,9.576375008E0,-3.017947674E-1
4.604697466E0,-1.050748229E0,9.569196701E0,-3.089732230E-1
4.607075904E0,-1.062712312E0,9.552447319E0,-2.706880569E-1
4.609453560E0,-1.067797065E0,9.557232857E0,-2.324029058E-1
4.611831216E0,-1.060319543E0,9.538089752E0,-2.611167729E-1
4.614209654E0,-1.072582722E0,9.511769295E0,-2.826521695E-1
4.616588091E0,-1.070189953E0,9.511769295E0,-2.826521695E-1
4.618965748E0,-1.091725349E0,9.523733139E0,-2.491526604E-1
4.621343404E0,-1.089332461E0,9.523733139E0,-2.300100774E-1
4.623721841E0,-1.091725349E0,9.535696983E0,-2.036890239E-1
4.626100279E0,-1.086939692E0,9.557232857E0,-1.989033818E-1
4.628477935E0,-1.084546804E0,9.557232857E0,-2.036890239E-1
4.630855591E0,-1.082154036E0,9.559625626E0,-1.558325738E-1
4.633234029E0,-1.082154036E0,9.554840088E0,-1.271187067E-1
4.635612466E0,-1.084546804E0,9.569196701E0,-1.342971772E-1
4.637990123E0,-1.074975610E0,9.576375008E0,-1.271187067E-1
4.640367779E0,-1.072582722E0,9.597910881E0,-1.295115203E-1
4.642746216E0,-1.082154036E0,9.609874725E0,-1.271187067E-1
4.645124654E0,-1.067797065E0,9.617053032E0,-1.247258782E-1
4.647502310E0,-1.089332461E0,9.621838570E0,-1.151545867E-1
4.649879966E0,-1.070189953E0,9.631410599E0,-1.247258782E-1
4.652258404E0,-1.055533886E0,9.612267494E0,-1.031904742E-1
4.654636841E0,-1.033998489E0,9.640981674E0,-1.079761237E-1
4.657014498E0,-1.026820064E0,9.631410599E0,-1.247258782E-1
4.659392154E0,-1.005284667E0,9.652945518E0,-1.127617657E-1
4.661770591E0,-9.933205247E-1,9.631410599E0,-1.199402362E-1
4.664149029E0,-9.933205247E-1,9.640981674E0,-1.151545867E-1
4.666526685E0,-1.000499010E0,9.621838570E0,-1.199402362E-1
4.668904341E0,-1.017248750E0,9.609874725E0,-1.247258782E-1
4.671282779E0,-1.012463093E0,9.602696419E0,-1.342971772E-1
4.673661216E0,-1.019641519E0,9.595518112E0,-1.199402362E-1
4.676038873E0,-1.017248750E0,9.578767776E0,-1.151545867E-1
4.678416529E0,-1.031605721E0,9.552447319E0,-9.601201117E-2
4.680794966E0,-1.038784146E0,9.554840088E0,-8.644071966E-2
4.683173404E0,-1.045962572E0,9.564411163E0,-7.208377868E-2
4.685551060E0,-1.022034407E0,9.552447319E0,4.785645287E-3
4.687928716E0,-1.038784146E0,9.552447319E0,-4.785645287E-3
4.690307154E0,-1.050748229E0,9.545269012E0,2.632104978E-2
4.692685591E0,-1.033998489E0,9.535696983E0,2.632104978E-2
4.695063248E0,-1.072582722E0,9.550054550E0,2.392822644E-3
4.697440904E0,-1.077368379E0,9.552447319E0,1.196411345E-2
4.699819341E0,-1.091725349E0,9.576375008E0,2.153540403E-2
4.702197779E0,-1.096511006E0,9.578767776E0,1.914258115E-2
4.704575435E0,-1.110867858E0,9.573982239E0,-2.392822644E-3
4.706953091E0,-1.096511006E0,9.593125343E0,-7.178467698E-3
4.709331529E0,-1.125224829E0,9.612267494E0,1.196411345E-2
4.711709966E0,-1.120439172E0,9.590732574E0,7.178467698E-3
4.714087623E0,-1.141974568E0,9.626625061E0,-0.000000000E0
4.716465279E0,-1.189831018E0,9.650552750E0,4.785645287E-3
4.718843716E0,-1.173081279E0,9.640981674E0,-4.785645287E-3
4.721222154E0,-1.194616675E0,9.672088623E0,-2.392822644E-3
4.723599810E0,-1.201795220E0,9.684052467E0,-2.392822644E-3
4.725977466E0,-1.206580877E0,9.705587387E0,7.178467698E-3
4.728355904E0,-1.218544960E0,9.727123260E0,1.196411345E-2
4.730734341E0,-1.230509043E0,9.710372925E0,2.632104978E-2
4.733111998E0,-1.228116274E0,9.722337723E0,3.110669367E-2
4.735489654E0,-1.244866014E0,9.727123260E0,6.221338734E-2
4.737868091E0,-1.261615753E0,9.748658180E0,5.264209956E-2
4.740246529E0,-1.261615753E0,9.767801285E0,5.982056633E-2
4.742624185E0,-1.256830096E0,9.782457352E0,3.110669367E-2
4.745001841E0,-1.273579836E0,9.811170578E0,5.742774159E-2
4.747380279E0,-1.283151150E0,9.803992271E0,5.982056633E-2
4.749758716E0,-1.285543919E0,9.825528145E0,6.699903309E-2
4.752136373E0,-1.283151150E0,9.820742607E0,9.092725813E-2
4.754514029E0,-1.280758262E0,9.868598938E0,8.853443712E-2
4.756892466E0,-1.273579836E0,9.868598938E0,9.810572863E-2
4.759270904E0,-1.273579836E0,9.899705887E0,7.178468257E-2
4.761648560E0,-1.275972724E0,9.897313118E0,7.657032460E-2
4.764026216E0,-1.271187067E0,9.921240807E0,7.178468257E-2
4.766404654E0,-1.297508121E0,9.949954987E0,6.460621208E-2
4.768783091E0,-1.297508121E0,9.973882675E0,6.699903309E-2
4.771160748E0,-1.280758262E0,1.000259686E1,4.785645381E-2
4.773538404E0,-1.261615753E0,1.001216793E1,3.110669367E-2
4.775916841E0,-1.264008522E0,1.003848934E1,1.196411345E-2
4.778295279E0,-1.259222865E0,1.003848934E1,1.196411345E-2
4.780672935E0,-1.254437327E0,1.006480980E1,1.914258115E-2
4.783050591E0,-1.278365493E0,1.006959629E1,-1.674975827E-2
4.785429029E0,-1.290329576E0,1.006959629E1,-7.178467698E-3
4.787807466E0,-1.297508121E0,1.006480980E1,-7.178467698E-3
4.790185123E0,-1.297508121E0,1.005523872E1,-7.178467698E-3
4.792562779E0,-1.280758262E0,1.006241703E1,-1.435693540E-2
4.794941216E0,-1.309472203E0,1.003848934E1,-2.392822644E-3
4.797319654E0,-1.304686546E0,1.002891827E1,-0.000000000E0
4.799697310E0,-1.321436286E0,1.000259686E1,-0.000000000E0
4.802074966E0,-1.323829174E0,9.961918831E0,-0.000000000E0
4.804453404E0,-1.333400369E0,9.942776680E0,2.632104978E-2
4.806831841E0,-1.347757339E0,9.921240807E0,3.828516230E-2
4.809209498E0,-1.374078393E0,9.892526627E0,6.699903309E-2
4.811587206E0,-1.357328653E0,9.847063065E0,7.417750359E-2
4.813965643E0,-1.362114310E0,9.832706451E0,1.004985496E-1
4.816344029E0,-1.362114310E0,9.796813965E0,1.148554832E-1
4.818721685E0,-1.340578914E0,9.748658180E0,1.268195957E-1
4.821099341E0,-1.378864050E0,9.739087105E0,1.339980662E-1
4.823477779E0,-1.383649707E0,9.710372925E0,1.722832322E-1
4.825856216E0,-1.378864050E0,9.698409081E0,1.483550072E-1
4.828233873E0,-1.381256819E0,9.676874161E0,1.459621787E-1
4.830611529E0,-1.390828133E0,9.672088623E0,1.292124242E-1
4.832989966E0,-1.412363529E0,9.681659698E0,1.100698411E-1
4.835368404E0,-1.400399446E0,9.667302132E0,1.148554832E-1
4.837746060E0,-1.400399446E0,9.672088623E0,9.810572863E-2
4.840123768E0,-1.395613790E0,9.674481392E0,9.810572863E-2
4.842502206E0,-1.381256819E0,9.669695854E0,7.178468257E-2
4.844880591E0,-1.390828133E0,9.679266930E0,4.546362907E-2
4.847258248E0,-1.402792215E0,9.684052467E0,2.632104978E-2
4.849635956E0,-1.395613790E0,9.688838005E0,-2.392822644E-3
4.852014393E0,-1.395613790E0,9.717552185E0,-2.632104978E-2
4.854392779E0,-1.369292736E0,9.717552185E0,-3.589234129E-2
4.856770435E0,-1.374078393E0,9.729516029E0,-6.490531564E-2
4.859148091E0,-1.381256819E0,9.736694336E0,-5.742774159E-2
4.861526529E0,-1.376471281E0,9.748658180E0,-8.165507019E-2
4.863904966E0,-1.374078393E0,9.767801285E0,-8.644071966E-2
4.866282623E0,-1.386042476E0,9.777671814E0,-8.883354068E-2
4.868660331E0,-1.393221021E0,9.772586823E0,-1.103689447E-1
4.871038768E0,-1.378864050E0,9.775279045E0,-1.055833027E-1
4.873417154E0,-1.386042476E0,9.765408516E0,-9.840483218E-2
4.875794810E0,-1.407577872E0,9.767801285E0,-7.686942816E-2
4.878172518E0,-1.405185103E0,9.777671814E0,-8.644071966E-2
4.880550956E0,-1.400399446E0,9.722337723E0,-9.840483218E-2
4.882929341E0,-1.362114310E0,9.703194618E0,-7.447660714E-2
4.885306998E0,-1.340578914E0,9.686445236E0,-7.208377868E-2
4.887684706E0,-1.369292736E0,9.631410599E0,-4.785645381E-2
4.890063143E0,-1.333400369E0,9.602696419E0,-5.503492057E-2
4.892441529E0,-1.333400369E0,9.578767776E0,-3.589234129E-2
4.894819185E0,-1.328614831E0,9.528518677E0,-4.785645287E-3
4.897196893E0,-1.314257860E0,9.516554832E0,-2.392822644E-3
4.899575331E0,-1.314257860E0,9.463912964E0,-1.674975827E-2
4.901953716E0,-1.307079315E0,9.444769859E0,-2.153540403E-2
4.904331373E0,-1.297508121E0,9.454340935E0,-1.196411345E-2
4.906709081E0,-1.287936807E0,9.451948166E0,-6.490531564E-2
4.909087518E0,-1.247258782E0,9.428020477E0,-6.729813665E-2
4.911465956E0,-1.237687469E0,9.459127426E0,-6.729813665E-2
4.913843612E0,-1.235294700E0,9.451948166E0,-7.447660714E-2
4.916221268E0,-1.206580877E0,9.492626190E0,-9.601201117E-2
4.918599706E0,-1.177866936E0,9.466305733E0,-9.840483218E-2
4.920978091E0,-1.161117196E0,9.466305733E0,-1.031904742E-1
4.923355748E0,-1.165902853E0,9.506983757E0,-7.926224917E-2
4.925733456E0,-1.146760225E0,9.504590988E0,-6.969095767E-2
4.928111893E0,-1.137188911E0,9.478269577E0,-4.785645381E-2
4.930490279E0,-1.134796143E0,9.459127426E0,-6.490531564E-2
4.932867935E0,-1.125224829E0,9.506983757E0,-3.349951655E-2
4.935245643E0,-1.146760225E0,9.497411728E0,-4.067798331E-2
4.937624081E0,-1.137188911E0,9.475876808E0,-2.871387079E-2
4.940002466E0,-1.139581800E0,9.497411728E0,-1.435693540E-2
4.942380123E0,-1.163509965E0,9.485447884E0,-1.674975827E-2
4.944757831E0,-1.180259824E0,9.487840652E0,-4.307080805E-2
4.947136268E0,-1.163509965E0,9.492626190E0,-2.153540403E-2
4.949514654E0,-1.177866936E0,9.447162628E0,7.178467698E-3
4.951892310E0,-1.185045362E0,9.451948166E0,3.349951655E-2
4.954270018E0,-1.170688510E0,9.439984322E0,5.024927482E-2
4.956648456E0,-1.175474167E0,9.401699066E0,9.571290761E-2
4.959026841E0,-1.192223907E0,9.370592117E0,1.052841991E-1
4.961404498E0,-1.163509965E0,9.368199348E0,1.196411327E-1
4.963782206E0,-1.161117196E0,9.322735786E0,1.316052526E-1
4.966160643E0,-1.168295622E0,9.310771942E0,1.531406492E-1
4.968539029E0,-1.158724308E0,9.337093353E0,1.411765367E-1
4.970916685E0,-1.192223907E0,9.361021042E0,1.483550072E-1
4.973294393E0,-1.189831018E0,9.387342453E0,1.268195957E-1
4.975672831E0,-1.177866936E0,9.404091835E0,4.785645381E-2
4.978051216E0,-1.168295622E0,9.454340935E0,7.178467698E-3
4.980428873E0,-1.115653515E0,9.471091270E0,-2.632104978E-2
4.982806581E0,-1.101296663E0,9.425627708E0,-6.490531564E-2
4.985185018E0,-1.067797065E0,9.437591553E0,-9.361918271E-2
4.987563404E0,-9.957132936E-1,9.459127426E0,-1.079761237E-1
4.989941060E0,-9.717850685E-1,9.442377090E0,-1.869392693E-1
4.992318768E0,-9.071788788E-1,9.428020477E0,-2.419741899E-1
4.994697206E0,-8.784649968E-1,9.401699066E0,-2.922234535E-1
4.997075591E0,-8.688937426E-1,9.368199348E0,-3.807578981E-1
4.999453248E0,-8.473583460E-1,9.327521324E0,-4.214358926E-1
5.001830956E0,-8.569296002E-1,9.310771942E0,-4.525425732E-1
5.004209393E0,-8.090731502E-1,9.282057762E0,-4.860421121E-1
5.006587779E0,-7.875377536E-1,9.255737305E0,-5.267201066E-1
5.008965435E0,-8.090731502E-1,9.234201431E0,-5.171487927E-1
5.011343143E0,-7.755736113E-1,9.200403214E0,-4.884349108E-1
5.013721581E0,-7.683951855E-1,9.183652878E0,-4.716851711E-1
5.016100018E0,-7.636095285E-1,9.176474571E0,-4.190430641E-1
5.018477675E0,-7.468597889E-1,9.164510727E0,-3.807578981E-1
5.020855331E0,-7.277171612E-1,9.181260109E0,-2.970091105E-1
5.023233768E0,-7.133602500E-1,9.176474571E0,-2.587239444E-1
5.025612154E0,-7.037889361E-1,9.174081802E0,-1.797607988E-1
5.027989810E0,-7.085745931E-1,9.190832138E0,-1.438684613E-1
5.030367518E0,-6.894320250E-1,9.222237587E0,-6.729813665E-2
5.032745956E0,-7.013961077E-1,9.243772507E0,-1.196411345E-2
5.035124393E0,-7.109674215E-1,9.272486687E0,3.110669367E-2
5.037502050E0,-7.085745931E-1,9.289237022E0,8.614161611E-2
5.039879706E0,-7.109674215E-1,9.346664429E0,1.316052526E-1
5.042258143E0,-6.750751138E-1,9.406484604E0,2.009970993E-1
5.044636581E0,-6.678966284E-1,9.444769859E0,2.344966233E-1
5.047014237E0,-6.942176819E-1,9.506983757E0,2.416750938E-1
5.049391893E0,-7.013961077E-1,9.552447319E0,2.656033039E-1
5.051770331E0,-7.229315639E-1,9.614660263E0,2.608176768E-1
5.054148716E0,-7.372884750E-1,9.669695854E0,2.608176768E-1
5.056526373E0,-7.396813035E-1,9.729516029E0,2.656033039E-1
5.058904081E0,-7.468597889E-1,9.772586823E0,2.416750938E-1
5.061282518E0,-7.660023570E-1,9.806385040E0,2.321037948E-1
5.063660904E0,-7.253243923E-1,9.897313118E0,2.249253243E-1
5.066038560E0,-7.205387354E-1,9.954740524E0,1.866401732E-1
5.068416268E0,-7.205387354E-1,9.993025780E0,1.555334777E-1
5.070794706E0,-7.325028181E-1,1.003131104E1,1.100698411E-1
5.073173143E0,-7.013961077E-1,1.008156013E1,1.076770201E-1
5.075550800E0,-6.990033388E-1,1.011266708E1,6.460621208E-2
5.077928456E0,-6.894320250E-1,1.017248726E1,1.674975827E-2
5.080306893E0,-6.583253145E-1,1.019162941E1,-4.785645381E-2
5.082685331E0,-6.200401783E-1,1.022273636E1,-6.251249462E-2
5.085062987E0,-5.889334679E-1,1.025862885E1,-1.295115203E-1
5.087440643E0,-5.745765567E-1,1.029452133E1,-1.797607988E-1
5.089819081E0,-5.410770178E-1,1.031366348E1,-2.371885478E-1
5.092197518E0,-5.051847100E-1,1.031366348E1,-2.730808854E-1
5.094575175E0,-4.857429862E-1,1.034985542E1,-3.137588799E-1
5.096952831E0,-4.474578202E-1,1.037378311E1,-3.472583890E-1
5.099331268E0,-4.450650215E-1,1.039292622E1,-3.927220106E-1
5.101709706E0,-4.570291340E-1,1.039053345E1,-3.879363835E-1
5.104087362E0,-4.139583111E-1,1.039771175E1,-3.999004960E-1
5.106465018E0,-4.067798555E-1,1.040249729E1,-4.190430641E-1
5.108843456E0,-4.450650215E-1,1.042164040E1,-4.214358926E-1
5.111221841E0,-4.570291340E-1,1.040489006E1,-4.070789516E-1
5.113599498E0,-4.474578202E-1,1.040728283E1,-4.286143482E-1
5.115977206E0,-4.761717021E-1,1.041685390E1,-4.190430641E-1
5.118355643E0,-5.075774789E-1,1.043838978E1,-4.046861231E-1
5.120734081E0,-5.410770178E-1,1.041446114E1,-4.118646085E-1
5.123111737E0,-5.650052428E-1,1.043838978E1,-3.831507266E-1
5.125489393E0,-6.056832075E-1,1.042403316E1,-3.711866140E-1
5.127867831E0,-5.985047817E-1,1.044317532E1,-3.544368446E-1
5.130246268E0,-6.032904387E-1,1.043838978E1,-3.185445070E-1
5.132623925E0,-6.296114326E-1,1.043838978E1,-3.065803945E-1
5.135001581E0,-6.439684033E-1,1.041446114E1,-2.898306549E-1
5.137380018E0,-6.535396576E-1,1.042881870E1,-2.850449979E-1
5.139758456E0,-6.750751138E-1,1.042403316E1,-2.539383173E-1
5.142136112E0,-6.702894568E-1,1.039053345E1,-2.659024298E-1
5.144513768E0,-6.846463680E-1,1.040010452E1,-2.515454888E-1
5.146892206E0,-7.205387354E-1,1.038574791E1,-2.252244353E-1
5.149270643E0,-7.205387354E-1,1.036421204E1,-2.180459648E-1
5.151648300E0,-7.325028181E-1,1.032323551E1,-2.012962103E-1
5.154025956E0,-7.396813035E-1,1.032323551E1,-1.893320978E-1
5.156404393E0,-7.468597889E-1,1.030648518E1,-1.845464408E-1
5.158782831E0,-7.444669604E-1,1.026341438E1,-1.677966863E-1
5.161160487E0,-7.564310431E-1,1.027298546E1,-2.012962103E-1
5.163538143E0,-7.612167001E-1,1.024187946E1,-1.893320978E-1
5.165916581E0,-7.564310431E-1,1.024187946E1,-1.821536273E-1
5.168295018E0,-7.612167001E-1,1.021795082E1,-1.893320978E-1
5.170672675E0,-7.492526174E-1,1.019402313E1,-1.630110443E-1
5.173050331E0,-7.277171612E-1,1.018923664E1,-1.462612897E-1
5.175428768E0,-7.444669604E-1,1.016530895E1,-1.606182158E-1
5.177807206E0,-7.325028181E-1,1.014855862E1,-1.654038578E-1
5.180184862E0,-7.181459069E-1,1.011027431E1,-1.582254022E-1
5.182562518E0,-7.013961077E-1,1.009352398E1,-1.630110443E-1
5.184940956E0,-7.133602500E-1,1.005523872E1,-1.414756328E-1
5.187319393E0,-7.348956466E-1,1.003131104E1,-1.773679852E-1
5.189697050E0,-7.348956466E-1,1.000977516E1,-1.893320978E-1
5.192074706E0,-7.588238716E-1,9.995418549E0,-1.989033818E-1
5.194453143E0,-7.875377536E-1,9.990633011E0,-2.419741899E-1
5.196831529E0,-8.282157183E-1,1.001456070E1,-2.682952285E-1
5.199209185E0,-8.401798606E-1,1.002891827E1,-2.898306549E-1
5.201586893E0,-8.234301209E-1,1.002891827E1,-2.706880569E-1
5.203965331E0,-8.569296002E-1,1.005763149E1,-2.898306549E-1
5.206343768E0,-8.473583460E-1,1.010070229E1,-2.730808854E-1
5.208721425E0,-8.401798606E-1,1.010309505E1,-2.587239444E-1
5.211099081E0,-8.473583460E-1,1.011745262E1,-2.395813614E-1
5.213477518E0,-8.425726891E-1,1.009591675E1,-2.132603228E-1
5.215855956E0,-8.569296002E-1,1.012223816E1,-2.204387933E-1
5.218233612E0,-8.617152572E-1,1.010309505E1,-2.395813614E-1
5.220611268E0,-8.569296002E-1,1.007916737E1,-2.706880569E-1
5.222989706E0,-8.569296002E-1,1.007438183E1,-2.754737139E-1
5.225368143E0,-8.641080856E-1,1.006241703E1,-3.113660514E-1
5.227745800E0,-8.641080856E-1,1.003609657E1,-3.424727321E-1
5.230123456E0,-8.688937426E-1,1.001456070E1,-3.496512175E-1
5.232501893E0,-8.593224287E-1,9.988240242E0,-3.640081584E-1
5.234880331E0,-8.736793399E-1,9.969097137E0,-3.711866140E-1
5.237257987E0,-8.784649968E-1,9.935597420E0,-3.711866140E-1
5.239635643E0,-8.928219676E-1,9.918848038E0,-3.831507266E-1
5.242014081E0,-8.952147961E-1,9.890133858E0,-3.975076675E-1
5.244392518E0,-8.928219676E-1,9.870991707E0,-4.310071766E-1
5.246770175E0,-8.617152572E-1,9.861420631E0,-4.357928336E-1
5.249147831E0,-8.569296002E-1,9.825528145E0,-4.334000051E-1
5.251526268E0,-8.353942037E-1,9.811170578E0,-4.477569461E-1
5.253904706E0,-8.521439433E-1,9.770194054E0,-4.525425732E-1
5.256282362E0,-8.521439433E-1,9.724730492E0,-4.262215197E-1
5.258660018E0,-8.617152572E-1,9.681659698E0,-4.046861231E-1
5.261038456E0,-8.712865710E-1,9.624231339E0,-4.142574072E-1
5.263416893E0,-8.712865710E-1,9.564411163E0,-3.711866140E-1
5.265794550E0,-8.784649968E-1,9.504590988E0,-3.879363835E-1
5.268172206E0,-8.784649968E-1,9.435198784E0,-3.735794425E-1
5.270550643E0,-8.856434822E-1,9.356235504E0,-3.664009571E-1
5.272929081E0,-8.880363107E-1,9.329915047E0,-3.472583890E-1
5.275306737E0,-8.928219676E-1,9.279664993E0,-3.305086195E-1
5.277684393E0,-8.952147961E-1,9.253344536E0,-3.185445070E-1
5.280062831E0,-9.071788788E-1,9.209974289E0,-2.754737139E-1
5.282441268E0,-9.095717072E-1,9.164510727E0,-2.635096014E-1
5.284818925E0,-9.047860503E-1,9.152546883E0,-2.252244353E-1
5.287196581E0,-9.119645357E-1,9.133403778E0,-2.012962103E-1
5.289575018E0,-9.191430211E-1,9.142974854E0,-2.012962103E-1
5.291953456E0,-9.215358496E-1,9.116654396E0,-1.797607988E-1
5.294331112E0,-9.263214469E-1,9.126225471E0,-1.271187067E-1
5.296708768E0,-9.239286184E-1,9.145368576E0,-1.127617657E-1
5.299087206E0,-9.263214469E-1,9.166903496E0,-8.165507019E-2
5.301465643E0,-9.119645357E-1,9.181260109E0,-5.024927482E-2
5.303843300E0,-8.688937426E-1,9.183652878E0,-4.546362907E-2
5.306220956E0,-8.306085467E-1,9.224630356E0,-1.196411345E-2
5.308599393E0,-8.330013752E-1,9.215059280E0,-7.178467698E-3
5.310977831E0,-8.282157183E-1,9.236594200E0,-1.435693540E-2
5.313355487E0,-8.018946648E-1,9.255737305E0,-3.589234129E-2
5.315733143E0,-7.923234105E-1,9.265308380E0,-4.785645381E-2
5.318111581E0,-7.468597889E-1,9.296415329E0,-6.729813665E-2
5.320490018E0,-7.013961077E-1,9.329915047E0,-1.031904742E-1
5.322867675E0,-6.750751138E-1,9.389735222E0,-1.438684613E-1
5.325245331E0,-6.559324861E-1,9.418449402E0,-1.989033818E-1
5.327623768E0,-6.607181430E-1,9.478269577E0,-2.347957194E-1
5.330002206E0,-6.367899179E-1,9.535696983E0,-2.682952285E-1
5.332379862E0,-6.320042610E-1,9.600303650E0,-2.922234535E-1
5.334757518E0,-5.889334679E-1,9.650552750E0,-3.305086195E-1
5.337135956E0,-5.458626747E-1,9.717552185E0,-3.616153300E-1
5.339514393E0,-5.075774789E-1,9.767801285E0,-3.903291821E-1
5.341892050E0,-4.977070987E-1,9.780064583E0,-4.453641176E-1
5.344269706E0,-4.809573591E-1,9.832706451E0,-4.740779996E-1
5.346648143E0,-4.785645306E-1,9.847063065E0,-4.764707983E-1
5.349026581E0,-4.546363056E-1,9.861420631E0,-5.075774789E-1
5.351404237E0,-4.402793646E-1,9.863813400E0,-5.243272781E-1
5.353781893E0,-4.019941986E-1,9.902098656E0,-5.673980713E-1
5.356160331E0,-3.756731451E-1,9.928419113E0,-5.961119533E-1
5.358538768E0,-3.972085714E-1,9.959526062E0,-6.370890141E-1
5.360916425E0,-3.756731451E-1,9.969097137E0,-6.825526357E-1
5.363294081E0,-3.828516304E-1,9.995418549E0,-7.040880919E-1
5.365672518E0,-3.565305769E-1,9.985847473E0,-7.304090858E-1
5.368050956E0,-3.469592929E-1,1.000977516E1,-7.016952634E-1
5.370428612E0,-3.326023519E-1,1.000259686E1,-7.136593461E-1
5.372806268E0,-3.278166950E-1,1.000738239E1,-7.280163169E-1
5.375184706E0,-3.349951804E-1,1.000498962E1,-7.184450030E-1
5.377563143E0,-3.373879790E-1,1.000977516E1,-7.184450030E-1
5.379940800E0,-3.445664644E-1,1.001934624E1,-7.064808607E-1
5.382318456E0,-3.493520916E-1,1.001456070E1,-7.471588850E-1
5.384696893E0,-3.134597540E-1,1.000020409E1,-7.184450030E-1
5.387075331E0,-3.230310678E-1,1.000738239E1,-7.064808607E-1
5.389452987E0,-3.182454109E-1,1.000498962E1,-7.064808607E-1
5.391830643E0,-3.254238665E-1,1.000738239E1,-6.873382926E-1
5.394209081E0,-3.278166950E-1,1.000259686E1,-6.873382926E-1
5.396587518E0,-3.421736360E-1,9.971489906E0,-6.945167780E-1
5.398965175E0,-3.326023519E-1,9.988240242E0,-6.921239495E-1
5.401342831E0,-3.421736360E-1,1.002173901E1,-7.016952634E-1
5.403721268E0,-3.302095234E-1,1.002413273E1,-7.064808607E-1
5.406099706E0,-3.421736360E-1,1.001456070E1,-6.873382926E-1
5.408477362E0,-3.302095234E-1,1.001216793E1,-6.490531564E-1
5.410855018E0,-3.278166950E-1,1.001216793E1,-6.634100676E-1
5.413233456E0,-3.326023519E-1,1.001456070E1,-6.275177598E-1
5.415611893E0,-3.182454109E-1,1.000977516E1,-6.251249313E-1
5.417989550E0,-3.302095234E-1,9.969097137E0,-6.128616929E-1
5.420367206E0,-3.326023519E-1,9.988240242E0,-5.841478109E-1
5.422745643E0,-3.110669553E-1,9.961918831E0,-5.721837282E-1
5.425124081E0,-3.134597540E-1,9.981060982E0,-5.865406394E-1
5.427501737E0,-3.278166950E-1,9.971489906E0,-6.056832075E-1
5.429879393E0,-3.062812984E-1,1.002652550E1,-5.985047817E-1
5.432257831E0,-3.110669553E-1,1.002413273E1,-6.080760360E-1
5.434636268E0,-3.038884699E-1,1.004566765E1,-5.961119533E-1
5.437013925E0,-3.158525825E-1,1.006480980E1,-5.745765567E-1
5.439391581E0,-2.823530734E-1,1.006720352E1,-5.626124144E-1
5.441770018E0,-2.727817893E-1,1.007677460E1,-5.602195859E-1
5.444148456E0,-2.560320199E-1,1.010788059E1,-5.626124144E-1
5.446526112E0,-2.416750938E-1,1.010070229E1,-5.673980713E-1
5.448903768E0,-1.986042857E-1,1.010788059E1,-5.817549825E-1
5.451282206E0,-1.651047617E-1,1.011027431E1,-5.769693851E-1
5.453660643E0,-1.292124242E-1,1.012223816E1,-5.961119533E-1
5.456038300E0,-9.571290761E-2,1.012702370E1,-5.985047817E-1
5.458415956E0,-8.614161611E-2,1.009830952E1,-6.200401783E-1
5.460794393E0,-7.178468257E-2,1.009830952E1,-6.176473498E-1
5.463172831E0,-7.417750359E-2,1.010548782E1,-6.442674994E-1
5.465550487E0,-2.392822690E-2,1.009352398E1,-6.538388133E-1
5.467928143E0,-2.632104978E-2,1.008156013E1,-6.370890141E-1
5.470306581E0,-4.785645287E-3,1.010070229E1,-6.514459848E-1
5.472685018E0,7.178467698E-3,1.010309505E1,-6.251249313E-1
5.475062675E0,1.914258115E-2,1.011266708E1,-6.032904387E-1
5.477440331E0,1.914258115E-2,1.013180923E1,-5.673980713E-1
5.479818768E0,5.264209956E-2,1.013659477E1,-5.099703074E-1
5.482197206E0,3.110669367E-2,1.015813065E1,-4.716851711E-1
5.484574862E0,5.264209956E-2,1.017727280E1,-4.166502357E-1
5.486952518E0,8.644071966E-2,1.018205833E1,-4.262215197E-1
5.489330956E0,8.404789865E-2,1.022512913E1,-4.094717801E-1
5.491709393E0,8.644071966E-2,1.024905777E1,-4.070789516E-1
5.494087050E0,7.447660714E-2,1.022991467E1,-4.046861231E-1
5.496464706E0,6.969095767E-2,1.025384331E1,-4.046861231E-1
5.498843143E0,6.490531564E-2,1.027777100E1,-4.381856322E-1
5.501221581E0,7.926224917E-2,1.026580715E1,-4.477569461E-1
5.503599237E0,8.404789865E-2,1.028495026E1,-4.908277392E-1
5.505976893E0,6.490531564E-2,1.029691410E1,-4.836492836E-1
5.508355331E0,1.079761237E-1,1.027777100E1,-5.003990531E-1
5.510733768E0,9.122636169E-2,1.028016472E1,-5.027918816E-1
5.513111425E0,9.361918271E-2,1.030409241E1,-4.716851711E-1
5.515489081E0,8.165507019E-2,1.027777100E1,-5.219344497E-1
5.517867518E0,7.686942816E-2,1.026341438E1,-5.099703074E-1
5.520245956E0,6.729813665E-2,1.025145054E1,-5.434698462E-1
5.522623612E0,9.361918271E-2,1.025145054E1,-5.745765567E-1
5.525001268E0,9.840483218E-2,1.022752190E1,-5.410770178E-1
5.527379706E0,7.926224917E-2,1.018923664E1,-5.506483316E-1
5.529758143E0,9.840483218E-2,1.017248726E1,-5.482555032E-1
5.532135800E0,1.199402362E-1,1.014616585E1,-5.243272781E-1
5.534513456E0,1.007976532E-1,1.012463093E1,-5.051847100E-1
5.536891893E0,1.055833027E-1,1.010548782E1,-4.740779996E-1
5.539270331E0,8.404789865E-2,1.010788059E1,-4.621138871E-1
5.541647987E0,8.404789865E-2,1.009830952E1,-4.573282301E-1
5.544025643E0,7.686942816E-2,1.008156013E1,-4.286143482E-1
5.546404081E0,2.871387079E-2,1.008395290E1,-4.477569461E-1
5.548782518E0,3.349951655E-2,1.011745262E1,-4.070789516E-1
5.551160175E0,2.392822644E-3,1.011266708E1,-4.070789516E-1
5.553537831E0,2.871387079E-2,1.011027431E1,-3.903291821E-1
5.555916268E0,2.871387079E-2,1.010309505E1,-3.687937856E-1
5.558294706E0,3.349951655E-2,1.009591675E1,-2.802593410E-1
5.560672362E0,9.122636169E-2,1.008634567E1,-2.180459648E-1
5.563050018E0,9.601201117E-2,1.007438183E1,-2.084746659E-1
5.565428456E0,1.223330572E-1,1.003370380E1,-1.701895148E-1
5.567806893E0,1.630110443E-1,1.000738239E1,-1.271187067E-1
5.570184550E0,1.725823283E-1,9.957133293E0,-1.390828192E-1
5.572562206E0,1.773679852E-1,9.935597420E0,-8.644071966E-2
5.574940643E0,1.701895148E-1,9.911669731E0,-9.361918271E-2
5.577319081E0,1.797607988E-1,9.894919395E0,-1.247258782E-1
5.579696737E0,1.366899908E-1,9.887741089E0,-1.606182158E-1
5.582074393E0,1.055833027E-1,9.906884193E0,-2.108674943E-1
5.584452831E0,7.686942816E-2,9.887741089E0,-2.682952285E-1
5.586831268E0,5.264209956E-2,9.890133858E0,-3.281157911E-1
5.589208925E0,-7.178467698E-3,9.892526627E0,-3.975076675E-1
5.591586581E0,-5.982056633E-2,9.890133858E0,-4.334000051E-1
5.593965018E0,-7.657032460E-2,9.875777245E0,-5.075774789E-1
5.596343404E0,-1.100698411E-1,9.851848602E0,-5.362913609E-1
5.598721060E0,-1.244267747E-1,9.868598938E0,-5.602195859E-1
5.601098768E0,-1.387837082E-1,9.854242325E0,-5.745765567E-1
5.603477206E0,-1.603191197E-1,9.825528145E0,-5.985047817E-1
5.605855643E0,-1.818545163E-1,9.830313683E0,-6.418746710E-1
5.608233300E0,-1.914258152E-1,9.849455833E0,-6.586244106E-1
5.610610956E0,-2.153540403E-1,9.894919395E0,-6.969096065E-1
5.612989393E0,-2.632105052E-1,9.914062500E0,-7.543373108E-1
5.615367779E0,-2.871387303E-1,9.954740524E0,-7.519445419E-1
5.617745435E0,-3.158525825E-1,9.971489906E0,-7.567301393E-1
5.620123143E0,-3.254238665E-1,1.000020409E1,-7.878368497E-1
5.622501581E0,-2.967100143E-1,1.005523872E1,-7.734799385E-1
5.624880018E0,-2.895315289E-1,1.006480980E1,-7.878368497E-1
5.627257675E0,-2.656033039E-1,1.008156013E1,-7.567301393E-1
5.629635331E0,-2.727817893E-1,1.009830952E1,-7.495517135E-1
5.632013768E0,-2.416750938E-1,1.011266708E1,-7.519445419E-1
5.634392206E0,-2.225325108E-1,1.012223816E1,-7.471588850E-1
5.636769862E0,-2.225325108E-1,1.013420200E1,-7.710871100E-1
5.639147518E0,-1.794617027E-1,1.012702370E1,-7.782655358E-1
5.641525956E0,-1.962114573E-1,1.011266708E1,-8.021938205E-1
5.643904341E0,-1.962114573E-1,1.009591675E1,-8.141579032E-1
5.646281998E0,-1.962114573E-1,1.007916737E1,-8.141579032E-1
5.648659706E0,-1.914258152E-1,1.005284595E1,-8.165507317E-1
5.651038143E0,-1.579262912E-1,1.000259686E1,-8.261220455E-1
5.653416581E0,-1.674975902E-1,9.961918831E0,-8.333004713E-1
5.655794237E0,-1.746760458E-1,9.906884193E0,-8.356932998E-1
5.658171893E0,-1.411765367E-1,9.894919395E0,-8.356932998E-1
5.660550331E0,-1.531406492E-1,9.849455833E0,-8.021938205E-1
5.662928716E0,-1.316052526E-1,9.827920914E0,-8.309076428E-1
5.665306373E0,-1.220339537E-1,9.770194054E0,-7.806583643E-1
5.667684081E0,-1.244267747E-1,9.775279045E0,-7.639086246E-1
5.670062518E0,-1.363908947E-1,9.722337723E0,-7.304090858E-1
5.672440956E0,-1.387837082E-1,9.700801849E0,-7.016952634E-1
5.674818612E0,-1.387837082E-1,9.688838005E0,-6.705885530E-1
5.677196268E0,-1.172483116E-1,9.652945518E0,-6.275177598E-1
5.679574706E0,-1.651047617E-1,9.648159981E0,-5.793621540E-1
5.681953091E0,-1.698904037E-1,9.614660263E0,-5.673980713E-1
5.684330748E0,-1.698904037E-1,9.597910881E0,-5.291129351E-1
5.686708456E0,-1.890329868E-1,9.583553314E0,-5.219344497E-1
5.689086893E0,-2.129612118E-1,9.564411163E0,-5.003990531E-1
5.691465279E0,-2.344966233E-1,9.564411163E0,-4.884349108E-1
5.693842935E0,-2.656033039E-1,9.562018394E0,-4.956133962E-1
5.696220643E0,-2.679961324E-1,9.569196701E0,-4.764707983E-1
5.698599081E0,-2.847459018E-1,9.552447319E0,-4.812564552E-1
5.700977518E0,-2.799602449E-1,9.583553314E0,-4.836492836E-1
5.703355175E0,-2.919243574E-1,9.576375008E0,-5.051847100E-1
5.705732831E0,-2.919243574E-1,9.573982239E0,-4.980062246E-1
5.708111268E0,-3.014956415E-1,9.571589470E0,-4.860421121E-1
5.710489654E0,-3.038884699E-1,9.559625626E0,-4.573282301E-1
5.712867310E0,-2.991028428E-1,9.545269012E0,-4.668995142E-1
5.715245018E0,-2.991028428E-1,9.533304214E0,-4.716851711E-1
5.717623456E0,-3.206382394E-1,9.497411728E0,-4.573282301E-1
5.720001893E0,-3.134597540E-1,9.499805450E0,-4.764707983E-1
5.722379550E0,-2.823530734E-1,9.492626190E0,-4.932205677E-1
5.724757206E0,-2.943171859E-1,9.459127426E0,-5.075774789E-1
5.727135643E0,-3.086741269E-1,9.456734657E0,-5.410770178E-1
5.729514029E0,-3.062812984E-1,9.456734657E0,-5.506483316E-1
5.731891685E0,-3.134597540E-1,9.451948166E0,-5.362913609E-1
5.734269393E0,-3.206382394E-1,9.435198784E0,-5.434698462E-1
5.736647831E0,-3.206382394E-1,9.416056633E0,-5.554339290E-1
5.739026216E0,-2.847459018E-1,9.404091835E0,-5.554339290E-1
5.741403873E0,-2.799602449E-1,9.392127991E0,-5.410770178E-1
5.743781581E0,-2.584248483E-1,9.380164146E0,-5.171487927E-1
5.746160018E0,-2.536391914E-1,9.363413811E0,-5.051847100E-1
5.748538404E0,-2.823530734E-1,9.353842735E0,-4.812564552E-1
5.750916060E0,-2.895315289E-1,9.372985840E0,-4.764707983E-1
5.753293768E0,-2.919243574E-1,9.368199348E0,-4.453641176E-1
5.755672206E0,-2.871387303E-1,9.375378609E0,-4.214358926E-1
5.758050591E0,-2.895315289E-1,9.425627708E0,-4.238287210E-1
5.760428248E0,-3.038884699E-1,9.449555397E0,-4.046861231E-1
5.762805956E0,-3.326023519E-1,9.475876808E0,-4.094717801E-1
5.765184393E0,-3.469592929E-1,9.540482521E0,-4.094717801E-1
5.767562779E0,-3.541377485E-1,9.581160545E0,-3.951148391E-1
5.769940435E0,-3.445664644E-1,9.631410599E0,-3.855435550E-1
5.772318143E0,-3.589234054E-1,9.696016312E0,-3.640081584E-1
5.774696581E0,-3.541377485E-1,9.722337723E0,-3.161516786E-1
5.777074966E0,-3.373879790E-1,9.760622978E0,-3.209373355E-1
5.779452623E0,-3.182454109E-1,9.830313683E0,-3.161516786E-1
5.781830279E0,-3.086741269E-1,9.830313683E0,-2.946162820E-1
5.784208716E0,-3.038884699E-1,9.885348320E0,-3.161516786E-1
5.786587154E0,-2.871387303E-1,9.878170013E0,-2.874378264E-1
5.788964810E0,-2.703889608E-1,9.880562782E0,-2.970091105E-1
5.791342518E0,-2.632105052E-1,9.892526627E0,-3.137588799E-1
5.793720956E0,-2.560320199E-1,9.882955551E0,-3.496512175E-1
5.796099341E0,-2.536391914E-1,9.859027863E0,-3.807578981E-1
5.798476998E0,-2.392822653E-1,9.849455833E0,-4.118646085E-1
5.800854706E0,-2.321037948E-1,9.844670296E0,-4.477569461E-1
5.803233143E0,-2.392822653E-1,9.815957069E0,-4.645066857E-1
5.805611529E0,-2.321037948E-1,9.825528145E0,-4.980062246E-1
5.807989185E0,-2.153540403E-1,9.777671814E0,-4.980062246E-1
5.810366893E0,-1.914258152E-1,9.799206734E0,-5.171487927E-1
5.812745331E0,-2.225325108E-1,9.777671814E0,-5.267201066E-1
5.815123716E0,-2.273181528E-1,9.780064583E0,-5.506483316E-1
5.817501373E0,-2.129612118E-1,9.772586823E0,-5.338985324E-1
5.819879029E0,-2.273181528E-1,9.770194054E0,-5.291129351E-1
5.822257466E0,-2.321037948E-1,9.796813965E0,-5.458626747E-1
5.824635904E0,-2.297109663E-1,9.808777809E0,-5.793621540E-1
5.827013560E0,-2.249253243E-1,9.808777809E0,-5.506483316E-1
5.829391268E0,-2.344966233E-1,9.818349838E0,-5.482555032E-1
5.831769706E0,-2.536391914E-1,9.825528145E0,-5.482555032E-1
5.834148091E0,-2.703889608E-1,9.803992271E0,-5.291129351E-1
5.836525748E0,-2.344966233E-1,9.811170578E0,-5.315057039E-1
5.838903456E0,-2.273181528E-1,9.823135376E0,-4.956133962E-1
5.841281893E0,-2.368894368E-1,9.827920914E0,-5.410770178E-1
5.843660279E0,-2.536391914E-1,9.844670296E0,-5.554339290E-1
5.846037935E0,-2.297109663E-1,9.842277527E0,-5.721837282E-1
5.848415643E0,-2.392822653E-1,9.818349838E0,-5.745765567E-1
5.850794081E0,-2.368894368E-1,9.825528145E0,-5.841478109E-1
5.853172466E0,-2.488535494E-1,9.794421196E0,-5.985047817E-1
5.855550123E0,-2.344966233E-1,9.780064583E0,-5.817549825E-1
5.857927779E0,-2.584248483E-1,9.784850121E0,-5.769693851E-1
5.860306216E0,-2.632105052E-1,9.767801285E0,-5.961119533E-1
5.862684654E0,-2.560320199E-1,9.770194054E0,-6.080760360E-1
5.865062310E0,-2.703889608E-1,9.777671814E0,-6.224330068E-1
5.867439966E0,-2.679961324E-1,9.731908798E0,-6.080760360E-1
5.869818404E0,-2.727817893E-1,9.767801285E0,-6.251249313E-1
5.872196841E0,-2.823530734E-1,9.770194054E0,-5.865406394E-1
5.874574498E0,-2.823530734E-1,9.758230209E0,-6.128616929E-1
5.876952154E0,-3.086741269E-1,9.772586823E0,-5.673980713E-1
5.879330591E0,-3.158525825E-1,9.811170578E0,-5.721837282E-1
5.881709029E0,-2.991028428E-1,9.806385040E0,-5.458626747E-1
5.884086685E0,-3.158525825E-1,9.792028427E0,-5.219344497E-1
5.886464341E0,-3.182454109E-1,9.794421196E0,-4.836492836E-1
5.888842779E0,-3.397808075E-1,9.777671814E0,-4.381856322E-1
5.891221216E0,-3.182454109E-1,9.792028427E0,-4.190430641E-1
5.893598873E0,-3.086741269E-1,9.820742607E0,-3.999004960E-1
5.895976529E0,-3.158525825E-1,9.839884758E0,-3.807578981E-1
5.898354966E0,-3.326023519E-1,9.847063065E0,-3.903291821E-1
5.900733404E0,-3.373879790E-1,9.856635094E0,-4.094717801E-1
5.903111060E0,-3.182454109E-1,9.880562782E0,-4.214358926E-1
5.905488716E0,-3.326023519E-1,9.882955551E0,-4.166502357E-1
5.907867154E0,-3.014956415E-1,9.885348320E0,-4.310071766E-1
5.910245591E0,-2.895315289E-1,9.890133858E0,-4.477569461E-1
5.912623248E0,-2.584248483E-1,9.909276962E0,-4.334000051E-1
5.915000904E0,-2.799602449E-1,9.945169449E0,-4.525425732E-1
5.917379341E0,-2.488535494E-1,9.947562218E0,-4.597210586E-1
5.919757779E0,-2.584248483E-1,9.981060982E0,-4.764707983E-1
5.922135435E0,-2.847459018E-1,9.971489906E0,-5.075774789E-1
5.924513091E0,-3.014956415E-1,9.973882675E0,-4.956133962E-1
5.926891529E0,-3.182454109E-1,9.995418549E0,-5.195416212E-1
5.929269966E0,-3.182454109E-1,1.001216793E1,-5.147559643E-1
5.931647623E0,-2.991028428E-1,1.000259686E1,-5.075774789E-1
5.934025279E0,-2.727817893E-1,9.990633011E0,-5.027918816E-1
5.936403716E0,-2.679961324E-1,9.988240242E0,-4.692923427E-1
5.938782154E0,-2.512463629E-1,9.969097137E0,-4.764707983E-1
5.941159810E0,-2.679961324E-1,9.911669731E0,-4.549354017E-1
5.943537466E0,-2.632105052E-1,9.906884193E0,-4.501497746E-1
5.945915904E0,-2.656033039E-1,9.873384476E0,-4.381856322E-1
5.948294341E0,-2.847459018E-1,9.866206169E0,-4.022932947E-1
5.950671998E0,-2.536391914E-1,9.815957069E0,-4.022932947E-1
5.953049654E0,-2.512463629E-1,9.794421196E0,-4.142574072E-1
5.955428091E0,-2.656033039E-1,9.784850121E0,-3.879363835E-1
5.957806529E0,-2.991028428E-1,9.763015747E0,-3.759722710E-1
5.960184185E0,-3.086741269E-1,9.741479874E0,-3.616153300E-1
5.962561841E0,-3.086741269E-1,9.684052467E0,-3.352942765E-1
5.964940279E0,-2.895315289E-1,9.686445236E0,-2.730808854E-1
5.967318716E0,-3.134597540E-1,9.645767212E0,-2.730808854E-1
5.969696373E0,-3.373879790E-1,9.602696419E0,-2.635096014E-1
5.972074029E0,-3.589234054E-1,9.559625626E0,-2.443670183E-1
5.974452466E0,-3.732803464E-1,9.552447319E0,-2.850449979E-1
5.976830904E0,-3.972085714E-1,9.545269012E0,-2.539383173E-1
5.979208560E0,-4.259224236E-1,9.552447319E0,-2.659024298E-1
5.981586216E0,-4.331009090E-1,9.550054550E0,-2.778665423E-1
5.983964654E0,-4.187439680E-1,9.559625626E0,-2.347957194E-1
5.986343091E0,-4.354937077E-1,9.566803932E0,-2.467598319E-1
5.988720748E0,-4.474578202E-1,9.566803932E0,-2.252244353E-1
5.991098404E0,-4.689932466E-1,9.590732574E0,-1.725823283E-1
5.993476841E0,-4.618147612E-1,9.588339806E0,-1.749751568E-1
5.995855279E0,-4.594219327E-1,9.609874725E0,-1.414756328E-1
5.998232935E0,-4.857429862E-1,9.612267494E0,-1.510469317E-1
6.000610591E0,-4.905286431E-1,9.631410599E0,-1.295115203E-1
6.002989029E0,-4.761717021E-1,9.612267494E0,-1.510469317E-1
6.005367466E0,-4.857429862E-1,9.640981674E0,-1.319043487E-1
6.007745123E0,-4.953143001E-1,9.643374443E0,-1.199402362E-1
6.010122779E0,-5.171487927E-1,9.657731056E0,-1.438684613E-1
6.012501216E0,-5.243272781E-1,9.679266930E0,-1.462612897E-1
6.014879654E0,-5.291129351E-1,9.664909363E0,-1.438684613E-1
6.017257310E0,-5.506483316E-1,9.660123825E0,-1.725823283E-1
6.019634966E0,-5.386841893E-1,9.686445236E0,-1.534397453E-1
6.022013404E0,-5.530411601E-1,9.679266930E0,-1.654038578E-1
6.024391841E0,-5.482555032E-1,9.640981674E0,-1.510469317E-1
6.026769498E0,-5.673980713E-1,9.636196136E0,-1.534397453E-1
6.029147154E0,-5.650052428E-1,9.650552750E0,-1.654038578E-1
6.031525591E0,-5.841478109E-1,9.648159981E0,-1.749751568E-1
6.033904029E0,-5.937191248E-1,9.655338287E0,-1.773679852E-1
6.036281685E0,-6.296114326E-1,9.679266930E0,-2.276172489E-1
6.038659341E0,-6.248258352E-1,9.688838005E0,-2.347957194E-1
6.041037779E0,-6.463612318E-1,9.688838005E0,-2.300100774E-1
6.043416216E0,-6.631109715E-1,9.734301567E0,-2.347957194E-1
6.045793873E0,-6.894320250E-1,9.772586823E0,-2.180459648E-1
6.048171529E0,-7.157530785E-1,9.789635658E0,-2.180459648E-1
6.050549966E0,-7.085745931E-1,9.830313683E0,-1.965105534E-1
6.052928404E0,-7.085745931E-1,9.849455833E0,-1.797607988E-1
6.055306060E0,-7.085745931E-1,9.859027863E0,-1.319043487E-1
6.057683716E0,-7.013961077E-1,9.854242325E0,-1.223330572E-1
6.060062154E0,-7.157530785E-1,9.825528145E0,-6.969095767E-2
6.062440591E0,-6.846463680E-1,9.801599503E0,-2.632104978E-2
6.064818248E0,-6.655037999E-1,9.765408516E0,-1.435693540E-2
6.067195904E0,-6.726822853E-1,9.731908798E0,-1.196411345E-2
6.069574341E0,-6.702894568E-1,9.693623543E0,2.153540403E-2
6.071952779E0,-6.798607111E-1,9.648159981E0,-2.392822644E-3
6.074330435E0,-6.583253145E-1,9.583553314E0,-7.178467698E-3
6.076708091E0,-6.559324861E-1,9.526125908E0,-1.914258115E-2
6.079086529E0,-6.200401783E-1,9.478269577E0,-2.392822690E-2
6.081464966E0,-6.152545214E-1,9.406484604E0,-4.785645381E-2
6.083842623E0,-6.367899179E-1,9.353842735E0,-6.969095767E-2
6.086220279E0,-6.415755749E-1,9.258130074E0,-5.503492057E-2
6.088598716E0,-6.439684033E-1,9.217452049E0,-6.251249462E-2
6.090977154E0,-6.463612318E-1,9.140582085E0,-6.251249462E-2
6.093354810E0,-6.726822853E-1,9.109476089E0,-7.926224917E-2
6.095732466E0,-6.870391965E-1,9.083154678E0,-9.601201117E-2
6.098110904E0,-7.061817646E-1,9.035298347E0,-1.342971772E-1
6.100489341E0,-6.990033388E-1,9.006584167E0,-1.175474152E-1
6.102866998E0,-7.061817646E-1,9.016156197E0,-1.151545867E-1
6.105244654E0,-6.798607111E-1,8.985049248E0,-1.534397453E-1
6.107623091E0,-6.918248534E-1,8.968298912E0,-1.606182158E-1
6.110001529E0,-6.655037999E-1,8.963513374E0,-1.654038578E-1
6.112379185E0,-6.248258352E-1,8.932407379E0,-2.012962103E-1
6.114756841E0,-6.080760360E-1,8.913264275E0,-2.371885478E-1
6.117135279E0,-5.554339290E-1,8.884550095E0,-2.563311160E-1
6.119513716E0,-4.929214716E-1,8.913264275E0,-2.946162820E-1
6.121891373E0,-3.924229145E-1,8.915657043E0,-3.544368446E-1
6.124269029E0,-3.062812984E-1,8.891729355E0,-4.477569461E-1
6.126647466E0,-2.033899277E-1,8.898907661E0,-5.051847100E-1
6.129025904E0,-1.172483116E-1,8.932407379E0,-6.323033571E-1
6.131403560E0,-5.742774159E-2,8.910871506E0,-7.351947427E-1
6.133781216E0,-7.178467698E-3,8.906085968E0,-8.021938205E-1
6.136159654E0,1.674975827E-2,8.865407944E0,-8.763712645E-1
6.138538091E0,5.264209956E-2,8.874979019E0,-8.883354068E-1
6.140915748E0,3.349951655E-2,8.858229637E0,-9.194421172E-1
6.143293404E0,3.349951655E-2,8.851051331E0,-9.218349457E-1
6.145671841E0,2.632104978E-2,8.855836868E0,-9.242277741E-1
6.148050279E0,-9.571290575E-3,8.863015175E0,-9.481559992E-1
6.150427935E0,-5.024927482E-2,8.819944382E0,-9.529415965E-1
6.152805591E0,-7.896314561E-2,8.815158844E0,-9.337990284E-1
6.155184029E0,-1.028913707E-1,8.810373306E0,-8.859425783E-1
6.157562466E0,-1.387837082E-1,8.788837433E0,-8.093722463E-1
6.159940123E0,-1.698904037E-1,8.752944946E0,-7.447660565E-1
6.162317779E0,-2.177468538E-1,8.702695847E0,-6.394818425E-1
6.164696216E0,-2.560320199E-1,8.671588898E0,-5.338985324E-1
6.167074654E0,-3.182454109E-1,8.616254807E0,-3.711866140E-1
6.169452310E0,-3.780659735E-1,8.580363274E0,-2.324029058E-1
6.171829966E0,-4.713860750E-1,8.563612938E0,-1.725823283E-1
6.174208404E0,-5.243272781E-1,8.518149376E0,-5.982056633E-2
6.176586841E0,-5.793621540E-1,8.515756607E0,4.785645381E-2
6.178964498E0,-6.559324861E-1,8.482256889E0,1.387837082E-1
6.181342154E0,-7.372884750E-1,8.443971634E0,2.297109663E-1
6.183720591E0,-7.947162390E-1,8.439186096E0,3.158525825E-1
6.186099029E0,-8.449655175E-1,8.422436714E0,4.187439680E-1
6.188476685E0,-8.712865710E-1,8.424829483E0,5.147559643E-1
6.190854341E0,-8.760721684E-1,8.448758125E0,5.961119533E-1
6.193232779E0,-8.928219676E-1,8.479864120E0,6.224330068E-1
6.195611216E0,-8.976075649E-1,8.496614456E0,6.056832075E-1
6.197988873E0,-9.047860503E-1,8.542078018E0,6.152545214E-1
6.200366529E0,-8.832506537E-1,8.592327118E0,6.439684033E-1
6.202744966E0,-8.784649968E-1,8.647361755E0,6.918248534E-1
6.205123404E0,-8.880363107E-1,8.685946465E0,6.894320250E-1
6.207501060E0,-8.521439433E-1,8.798408508E0,6.655037999E-1
6.209878716E0,-9.334999323E-1,8.951549530E0,6.559324861E-1
6.212257154E0,-1.247258782E0,9.854242325E0,4.785645287E-3
6.214635591E0,-1.180259824E0,1.063220787E1,-4.453641176E-1
6.217013248E0,-8.545367718E-1,1.108475113E1,-3.687937856E-1
6.219390904E0,-5.075774789E-1,1.124985600E1,1.076770201E-1
6.221769341E0,-2.225325108E-1,1.116849995E1,7.372884750E-1
6.224147779E0,-1.914258115E-2,1.100818062E1,1.350150228E0
6.226525435E0,1.295115203E-1,1.089302635E1,1.675873160E0
6.228903091E0,1.845464408E-1,1.085234833E1,1.690230131E0
6.231281529E0,1.510469317E-1,1.091964626E1,1.474576950E0
6.233659966E0,-1.220339537E-1,1.111585712E1,1.230509043E0
6.236037623E0,-5.123631358E-1,1.133121204E1,9.023932219E-1
6.238415279E0,-7.540382147E-1,1.153490067E1,7.181459069E-1
6.240793716E0,-8.952147961E-1,1.169521999E1,5.961119533E-1
6.243172154E0,-1.007677436E0,1.176700401E1,4.187439680E-1
6.245549810E0,-1.173081279E0,1.184836006E1,2.129612118E-1
6.247927466E0,-1.398006678E0,1.195603752E1,-5.742774159E-2
6.250305904E0,-1.584646821E0,1.204487133E1,-2.778665423E-1
6.252684341E0,-1.649552107E0,1.214536953E1,-4.836492836E-1
6.255061998E0,-1.622931957E0,1.228415298E1,-6.562315822E-1
6.257439654E0,-1.500898004E0,1.238943768E1,-8.309076428E-1
6.259818091E0,-1.345364571E0,1.246361542E1,-9.696913958E-1
6.262196529E0,-1.187438250E0,1.250668621E1,-1.048654556E0
6.264574185E0,-1.029212832E0,1.251865005E1,-1.115653515E0
6.266951841E0,-8.665009141E-1,1.247318649E1,-1.144367456E0
6.269330279E0,-7.372884750E-1,1.239900875E1,-1.170688510E0
6.271708716E0,-5.434698462E-1,1.230329609E1,-1.173081279E0
6.274086373E0,-3.541377485E-1,1.222433281E1,-1.177866936E0
6.276464029E0,-1.459621787E-1,1.212144089E1,-1.108475089E0
6.278842466E0,3.349951655E-2,1.202094269E1,-1.046261668E0
6.281220904E0,1.701895148E-1,1.192253780E1,-9.912267923E-1
6.283598560E0,2.778665423E-1,1.178375435E1,-9.170492887E-1
6.285976216E0,3.664009571E-1,1.165693474E1,-8.069794178E-1
6.288354654E0,3.855435550E-1,1.151097202E1,-6.921239495E-1
6.290733091E0,4.214358926E-1,1.139821053E1,-5.673980713E-1
6.293110748E0,4.118646085E-1,1.123549843E1,-4.022932947E-1
6.295488404E0,3.496512175E-1,1.114935684E1,-2.730808854E-1
6.297866841E0,2.682952285E-1,1.104407310E1,-1.342971772E-1
6.300245279E0,1.941177398E-1,1.094836044E1,-7.178467698E-3
6.302622935E0,7.208377868E-2,1.085474110E1,8.614161611E-2
6.305000591E0,-3.828516230E-2,1.075424194E1,1.292124242E-1
6.307379029E0,-1.435693651E-1,1.066810036E1,1.483550072E-1
6.309757466E0,-2.416750938E-1,1.057478046E1,1.651047617E-1
6.312135123E0,-3.206382394E-1,1.048624611E1,1.555334777E-1
6.314512779E0,-3.708875179E-1,1.039292622E1,1.387837082E-1
6.316891216E0,-4.259224236E-1,1.029691410E1,1.148554832E-1
6.319269654E0,-4.761717021E-1,1.016770172E1,5.024927482E-2
6.321647310E0,-5.075774789E-1,1.009113121E1,-1.435693540E-2
6.324024966E0,-5.075774789E-1,9.993025780E0,-3.589234129E-2
6.326403404E0,-4.331009090E-1,9.897313118E0,-8.165507019E-2
6.328781841E0,-3.876372576E-1,9.825528145E0,-1.151545867E-1
6.331159498E0,-3.349951804E-1,9.717552185E0,-1.319043487E-1
6.333537154E0,-2.751746178E-1,9.636196136E0,-1.773679852E-1
6.335915591E0,-2.368894368E-1,9.559625626E0,-2.084746659E-1
6.338294029E0,-2.081755698E-1,9.463912964E0,-2.563311160E-1
6.340671685E0,-1.890329868E-1,9.392127991E0,-2.778665423E-1
6.343049341E0,-1.627119333E-1,9.334700584E0,-2.898306549E-1
6.345427779E0,-1.268195957E-1,9.262915611E0,-2.994019389E-1
6.347806216E0,-1.220339537E-1,9.231808662E0,-3.257229924E-1
6.350183873E0,-1.148554832E-1,9.174081802E0,-2.994019389E-1
6.352561529E0,-1.268195957E-1,9.188439369E0,-2.802593410E-1
6.354939966E0,-1.818545163E-1,9.234201431E0,-2.659024298E-1
6.357318404E0,-2.440679073E-1,9.296415329E0,-2.515454888E-1
6.359696060E0,-2.943171859E-1,9.416056633E0,-2.371885478E-1
6.362073716E0,-3.469592929E-1,9.511769295E0,-2.563311160E-1
6.364452154E0,-3.876372576E-1,9.600303650E0,-2.395813614E-1
6.366830591E0,-3.589234054E-1,9.676874161E0,-2.204387933E-1
6.369208248E0,-3.445664644E-1,9.710372925E0,-1.701895148E-1
6.371585904E0,-3.349951804E-1,9.741479874E0,-1.342971772E-1
6.373964341E0,-2.679961324E-1,9.760622978E0,-1.558325738E-1
6.376342779E0,-2.177468538E-1,9.820742607E0,-1.414756328E-1
6.378720435E0,-1.914258152E-1,9.825528145E0,-1.917249113E-1
6.381098091E0,-1.339980662E-1,9.861420631E0,-2.587239444E-1
6.383476529E0,-1.100698411E-1,9.859027863E0,-3.017947674E-1
6.385854966E0,-6.221338734E-2,9.875777245E0,-3.640081584E-1
6.388232623E0,4.785645287E-3,9.878170013E0,-4.190430641E-1
6.390610279E0,3.828516230E-2,9.902098656E0,-4.788636267E-1
6.392988716E0,5.503492057E-2,9.933204651E0,-5.434698462E-1
6.395367102E0,8.404789865E-2,9.933204651E0,-5.386841893E-1
6.397744758E0,1.319043487E-1,9.952347755E0,-5.482555032E-1
6.400122466E0,1.654038578E-1,9.961918831E0,-6.323033571E-1
6.402500904E0,2.443670183E-1,9.957133293E0,-6.658028960E-1
6.404879341E0,2.730808854E-1,9.966704369E0,-7.040880919E-1
6.407256998E0,3.137588799E-1,9.959526062E0,-7.423732281E-1
6.409634654E0,3.329014480E-1,9.959526062E0,-7.591229677E-1
6.412013091E0,3.376871049E-1,9.945169449E0,-7.830511928E-1
6.414391529E0,3.209373355E-1,9.983454704E0,-7.950153351E-1
6.416769185E0,2.563311160E-1,1.001695347E1,-8.261220455E-1
6.419146841E0,1.917249113E-1,1.006241703E1,-8.380861282E-1
6.421525279E0,1.247258782E-1,1.010788059E1,-8.309076428E-1
6.423903716E0,9.361918271E-2,1.015813065E1,-7.926225066E-1
6.426281373E0,9.601201117E-2,1.020120144E1,-7.495517135E-1
6.428659029E0,1.175474152E-1,1.024666500E1,-7.184450030E-1
6.431037466E0,1.606182158E-1,1.025384331E1,-6.729813814E-1
6.433415904E0,2.180459648E-1,1.024666500E1,-6.251249313E-1
6.435793560E0,2.204387933E-1,1.019402313E1,-6.128616929E-1
6.438171216E0,2.563311160E-1,1.016530895E1,-5.769693851E-1
6.440549654E0,2.706880569E-1,1.010548782E1,-6.200401783E-1
6.442928039E0,2.874378264E-1,1.006720352E1,-6.442674994E-1
6.445305695E0,2.802593410E-1,1.002413273E1,-6.634100676E-1
6.447683352E0,3.089732230E-1,9.966704369E0,-7.040880919E-1
6.450061789E0,3.161516786E-1,9.930811882E0,-7.088736892E-1
6.452440227E0,3.089732230E-1,9.892526627E0,-7.782655358E-1
6.454817883E0,3.496512175E-1,9.861420631E0,-8.285148144E-1
6.457195591E0,3.161516786E-1,9.801599503E0,-7.710871100E-1
6.459574029E0,2.587239444E-1,9.760622978E0,-7.471588850E-1
6.461952414E0,1.845464408E-1,9.748658180E0,-7.567301393E-1
6.464330070E0,1.582254022E-1,9.787242889E0,-7.663014531E-1
6.466707779E0,1.342971772E-1,9.799206734E0,-7.471588850E-1
6.469086216E0,9.361918271E-2,9.856635094E0,-7.136593461E-1
6.471464602E0,6.490531564E-2,9.909276962E0,-6.394818425E-1
6.473842258E0,-3.828516230E-2,9.957133293E0,-5.530411601E-1
6.476219914E0,-1.076770201E-1,1.004566765E1,-5.099703074E-1
6.478598352E0,-2.105683982E-1,1.014616585E1,-4.310071766E-1
6.480976789E0,-3.254238665E-1,1.025862885E1,-3.520440459E-1
6.483354445E0,-3.445664644E-1,1.039053345E1,-2.659024298E-1
6.485732154E0,-3.517449200E-1,1.052453136E1,-1.725823283E-1
6.488110591E0,-3.565305769E-1,1.062502956E1,-1.079761237E-1
6.490488977E0,-3.756731451E-1,1.069920731E1,-6.729813665E-2
6.492866633E0,-3.756731451E-1,1.073031425E1,-5.264209956E-2
6.495244341E0,-3.661018610E-1,1.076381397E1,-6.490531564E-2
6.497622779E0,-3.373879790E-1,1.074945641E1,-7.447660714E-2
6.500001164E0,-3.014956415E-1,1.072792149E1,-8.165507019E-2
6.502378820E0,-1.746760458E-1,1.075184917E1,6.699903309E-2
6.504756529E0,-3.613162339E-1,1.059870911E1,-2.153540403E-2
6.507134966E0,-5.219344497E-1,1.051256752E1,-4.166502357E-1
6.509513352E0,-4.139583111E-1,1.052213860E1,-6.346961856E-1
6.511891008E0,-4.474578202E-1,1.038335514E1,-7.064808607E-1
6.514268716E0,-4.642075896E-1,1.036660480E1,-8.955138922E-1
6.516647154E0,-5.386841893E-1,1.030887794E1,-1.043868899E0
6.519025539E0,-7.372884750E-1,1.023709393E1,-1.376770377E0
6.521403195E0,-9.095717072E-1,1.012941647E1,-1.565803289E0
6.523780852E0,-1.053141117E0,1.003609657E1,-1.781456470E0
6.526159289E0,-1.122832060E0,9.957133293E0,-1.901097536E0
6.528537727E0,-1.165902853E0,9.830313683E0,-2.047059774E0
6.530915383E0,-1.194616675E0,9.667302132E0,-2.164308071E0
6.533293039E0,-1.070189953E0,9.609874725E0,-2.013560295E0
6.535671477E0,-8.712865710E-1,9.552447319E0,-1.570588946E0
6.538049914E0,-7.013961077E-1,9.392127991E0,-1.163509965E0
6.540427570E0,-5.578267574E-1,9.193224907E0,-8.261220455E-1
6.542805279E0,-4.331009090E-1,9.142974854E0,-4.166502357E-1
6.545183716E0,-3.996013701E-1,8.934800148E0,-1.366899908E-1
6.547562102E0,-3.278166950E-1,8.831908226E0,1.459621787E-1
6.549939758E0,-3.014956415E-1,8.800801277E0,4.331009090E-1
6.552317414E0,-3.110669553E-1,8.678768158E0,5.458626747E-1
6.554695852E0,-3.230310678E-1,8.693124771E0,7.540382147E-1
6.557074289E0,-4.283152521E-1,8.554041862E0,8.090731502E-1
6.559451945E0,-4.737788737E-1,8.525327682E0,8.856434822E-1
6.561829654E0,-6.104688644E-1,8.475078583E0,9.837492108E-1
6.564208091E0,-6.918248534E-1,8.434400558E0,1.024427176E0
6.566586477E0,-8.282157183E-1,8.427222252E0,1.096511006E0
6.568964133E0,-9.167501926E-1,8.336295128E0,9.406784177E-1
6.571341789E0,-9.861420393E-1,8.338687897E0,8.904291391E-1
6.573720227E0,-9.334999323E-1,8.046463966E0,3.349951804E-1
6.576098664E0,-5.841478109E-1,7.874181271E0,-1.127617657E-1
6.578476320E0,-2.488535494E-1,7.570292473E0,-6.056832075E-1
6.580854029E0,3.329014480E-1,7.357032299E0,-7.208378315E-1
6.583232466E0,9.098708034E-1,7.146463871E0,-6.705885530E-1
6.585610852E0,1.618445396E0,6.899703979E0,-3.759722710E-1
6.587988508E0,2.411067963E0,6.825526714E0,5.841478109E-1
6.590366164E0,3.392424345E0,8.077570915E0,-3.113660514E-1
6.592744602E0,3.732504129E0,9.717552185E0,-2.300698996E0
6.595123039E0,3.397209883E0,1.109432220E1,-3.775574923E0
6.597500695E0,2.873181820E0,1.200628662E1,-3.818645954E0
6.599878352E0,2.353640079E0,1.232004547E1,-2.640778780E0
6.602256789E0,1.948953986E0,1.228654575E1,-1.235593796E0
6.604635227E0,1.618445396E0,1.201585770E1,-3.831507266E-1
6.607012883E0,1.355234981E0,1.170239830E1,-2.659024298E-1
6.609390539E0,1.046261668E0,1.140299606E1,-6.729813814E-1
6.611768977E0,7.423732281E-1,1.104885864E1,-1.125224829E0
6.614147414E0,3.951148391E-1,1.063220787E1,-1.513161182E0
6.616525070E0,1.414756328E-1,1.023230743E1,-1.659123421E0
6.618902727E0,2.392822644E-3,9.935597420E0,-1.599302888E0
6.621281164E0,4.785645287E-3,9.662516594E0,-1.472483277E0
6.623659602E0,1.295115203E-1,9.428020477E0,-1.017547846E0
6.626037258E0,2.850449979E-1,9.305986404E0,-6.442674994E-1
6.628414914E0,3.711866140E-1,9.408877373E0,-4.932205677E-1
6.630793352E0,3.783650696E-1,9.669695854E0,-5.171487927E-1
6.633171789E0,3.472583890E-1,9.906884193E0,-6.370890141E-1
6.635549445E0,3.185445070E-1,9.985847473E0,-5.985047817E-1
6.637927102E0,2.395813614E-1,9.990633011E0,-4.980062246E-1
6.640305539E0,1.917249113E-1,9.995418549E0,-3.496512175E-1
6.642683977E0,1.366899908E-1,9.937990189E0,-2.491526604E-1
6.645061633E0,9.122636169E-2,9.875777245E0,-2.204387933E-1
6.647439289E0,1.674975827E-2,9.780064583E0,-2.850449979E-1
6.649817727E0,0.000000000E0,9.748658180E0,-3.400799036E-1
6.652196164E0,-1.914258115E-2,9.710372925E0,-4.357928336E-1
6.654573820E0,-6.460621208E-2,9.672088623E0,-4.956133962E-1
6.656951477E0,-5.982056633E-2,9.679266930E0,-5.745765567E-1
6.659329914E0,-5.264209956E-2,9.684052467E0,-6.753742099E-1
6.661708352E0,-4.307080805E-2,9.688838005E0,-7.136593461E-1
6.664086008E0,2.153540403E-2,9.712766647E0,-7.280163169E-1
6.666463664E0,8.165507019E-2,9.758230209E0,-7.758727670E-1
6.668842102E0,1.031904742E-1,9.796813965E0,-7.806583643E-1
6.671220539E0,1.510469317E-1,9.861420631E0,-8.069794178E-1
6.673598195E0,1.845464408E-1,9.890133858E0,-8.428717852E-1
6.675975852E0,2.252244353E-1,9.935597420E0,-8.596215248E-1
6.678354289E0,2.635096014E-1,9.978668213E0,-8.572286963E-1
6.680732727E0,2.300100774E-1,1.001934624E1,-8.380861282E-1
6.683110383E0,2.443670183E-1,1.005523872E1,-7.830511928E-1
6.685488039E0,2.515454888E-1,1.009113121E1,-7.351947427E-1
6.687866477E0,2.371885478E-1,1.009352398E1,-6.729813814E-1
6.690244914E0,2.204387933E-1,1.006241703E1,-6.251249313E-1
6.692622570E0,1.821536273E-1,1.000259686E1,-6.128616929E-1
6.695000227E0,1.031904742E-1,9.902098656E0,-6.849454641E-1
6.697378664E0,0.000000000E0,9.799206734E0,-7.591229677E-1
6.699757102E0,-8.374879509E-2,9.684052467E0,-7.758727670E-1
6.702134758E0,-1.914258152E-1,9.593125343E0,-7.112665176E-1
6.704512414E0,-2.751746178E-1,9.454340935E0,-7.375875711E-1
6.706890852E0,-3.637090325E-1,9.332307816E0,-7.208378315E-1
6.709269289E0,-4.067798555E-1,9.236594200E0,-7.710871100E-1
6.711646945E0,-4.642075896E-1,9.131011009E0,-7.806583643E-1
6.714024602E0,-5.000999570E-1,9.107083321E0,-8.356932998E-1
6.716403039E0,-5.315057039E-1,9.087940216E0,-8.739784956E-1
6.718781477E0,-5.769693851E-1,9.140582085E0,-9.505487680E-1
6.721159133E0,-5.793621540E-1,9.142974854E0,-1.027119160E0
6.723536789E0,-5.530411601E-1,9.140582085E0,-1.043868899E0
6.725915227E0,-5.434698462E-1,9.236594200E0,-1.019940615E0
6.728293664E0,-5.315057039E-1,9.236594200E0,-1.031904817E0
6.730671320E0,-4.881358147E-1,9.277272224E0,-1.067797065E0
6.733048977E0,-4.666004181E-1,9.317950249E0,-1.106082320E0
6.735427414E0,-4.857429862E-1,9.227023125E0,-1.156331539E0
6.737805852E0,-6.056832075E-1,8.762516975E0,-9.098708034E-1
6.740183508E0,-5.434698462E-1,8.479864120E0,-8.691928387E-1
6.742561164E0,-4.905286431E-1,8.336295128E0,-1.036690354E0
6.744939602E0,-4.857429862E-1,8.250153542E0,-1.216451168E0
6.747318039E0,-5.075774789E-1,8.178368568E0,-1.237986565E0
6.749695695E0,-5.267201066E-1,8.154440880E0,-1.187737346E0
6.752073352E0,-5.315057039E-1,8.197511673E0,-1.206879973E0
6.754451789E0,-5.386841893E-1,8.202297211E0,-1.302592874E0
6.756830227E0,-4.977070987E-1,8.185546875E0,-1.355234981E0
6.759207883E0,-4.331009090E-1,8.190332413E0,-1.393520117E0
6.761585539E0,-3.780659735E-1,8.219046593E0,-1.434198022E0
6.763963977E0,-3.038884699E-1,8.228617668E0,-1.494018674E0
6.766342414E0,-2.967100143E-1,8.278866768E0,-1.527518153E0
6.768720070E0,-4.881358147E-1,8.254939079E0,-1.503589988E0
6.771097727E0,-4.618147612E-1,8.197511673E0,-1.489233017E0
6.773476164E0,-2.847459018E-1,8.183154106E0,-1.484447360E0
6.775854602E0,-1.627119333E-1,8.116155624E0,-1.453340650E0
6.778232258E0,-9.332008660E-2,8.094619751E0,-1.455733418E0
6.780609914E0,-3.637090325E-1,8.036892891E0,-1.395912886E0
6.782988352E0,-3.349951804E-1,8.034500122E0,-1.307378531E0
6.785366789E0,-2.847459018E-1,8.108976364E0,-1.223629713E0
6.787744445E0,-3.804588020E-1,8.233403206E0,-1.137188911E0
6.790122102E0,-4.953143001E-1,8.412865639E0,-1.043868899E0
6.792500539E0,-5.626124144E-1,8.455936432E0,-1.074975610E0
6.794878977E0,-5.817549825E-1,8.566005707E0,-1.132403374E0
6.797256633E0,-6.152545214E-1,8.817551613E0,-1.312164068E0
6.799634289E0,-6.774678826E-1,9.075976372E0,-1.520339727E0
6.802012727E0,-7.325028181E-1,9.262915611E0,-1.565803289E0
6.804391164E0,-7.396813035E-1,9.404091835E0,-1.410269856E0
6.806768820E0,-8.306085467E-1,9.617053032E0,-1.484447360E0
6.809146477E0,-9.191430211E-1,9.813564301E0,-1.663909078E0
6.811524914E0,-9.741778970E-1,9.921240807E0,-1.771885157E0
6.813903352E0,-9.263214469E-1,9.973882675E0,-1.769492388E0
6.816281008E0,-9.047860503E-1,1.009352398E1,-1.920240164E0
6.818658664E0,-9.047860503E-1,1.031127071E1,-2.008774519E0
6.821037102E0,-8.832506537E-1,1.049581718E1,-2.102094650E0
6.823415539E0,-7.899305820E-1,1.053410244E1,-2.030309916E0
6.825793195E0,-7.013961077E-1,1.046949673E1,-1.941775560E0
6.828170852E0,-7.061817646E-1,1.045753193E1,-1.965703845E0
6.830549289E0,-7.037889361E-1,1.045513916E1,-1.874776483E0
6.832927727E0,-6.726822853E-1,1.042642593E1,-1.936989903E0
6.835305383E0,-6.296114326E-1,1.034985542E1,-2.059023857E0
6.837683039E0,-5.506483316E-1,1.011984539E1,-2.147558212E0
6.840061477E0,-4.618147612E-1,9.894919395E0,-2.245664120E0
6.842439914E0,-3.708875179E-1,9.796813965E0,-2.336890459E0
6.844817570E0,-2.823530734E-1,9.712766647E0,-2.305484533E0
6.847195227E0,-2.201396823E-1,9.552447319E0,-2.315355062E0
6.849573664E0,-1.962114573E-1,9.284450531E0,-2.276770830E0
6.851952102E0,-2.464607358E-1,8.997013092E0,-2.281556368E0
6.854329758E0,-2.512463629E-1,9.032905579E0,-2.399103880E0
6.856707414E0,-1.531406492E-1,9.090332985E0,-2.528316259E0
6.859085852E0,-1.674975827E-2,9.006584167E0,-2.765205622E0
6.861464289E0,1.271187067E-1,8.839086533E0,-2.832204819E0
6.863841945E0,2.180459648E-1,8.757730484E0,-2.839383125E0
6.866219602E0,2.395813614E-1,8.669196129E0,-2.686242580E0
6.868598039E0,9.361918271E-2,8.599505424E0,-2.772384167E0
6.870976477E0,0.000000000E0,8.573184013E0,-2.961716175E0
6.873354133E0,-5.024927482E-2,8.695517540E0,-3.038286448E0
6.875731789E0,-4.067798331E-2,8.733802795E0,-2.827419043E0
6.878110227E0,-8.135596663E-2,8.611469269E0,-2.590529680E0
6.880488664E0,-2.344966233E-1,8.693124771E0,-2.841775894E0
6.882866320E0,-4.283152521E-1,8.707481384E0,-2.841775894E0
6.885243977E0,-4.977070987E-1,8.499007225E0,-2.344068766E0
6.887622414E0,-6.200401783E-1,8.953942299E0,-2.952144861E0
6.890000852E0,-8.545367718E-1,9.483055115E0,-3.167499065E0
6.892378508E0,-1.014855862E0,9.672088623E0,-2.877967358E0
6.894756164E0,-1.043569803E0,9.605089188E0,-2.434996128E0
6.897134602E0,-9.693922997E-1,9.186046600E0,-1.202094316E0
6.899513039E0,-8.497511148E-1,8.965906143E0,-5.817549825E-1
6.901890695E0,-8.521439433E-1,8.671588898E0,-4.310071766E-1
6.904268352E0,-8.425726891E-1,8.144868851E0,-2.324029058E-1
6.906646789E0,-1.065105200E0,8.563612938E0,-1.592124343E0
6.909025227E0,-1.462612867E0,9.516554832E0,-3.071786165E0
6.911402883E0,-1.390828133E0,9.590732574E0,-2.518744946E0
6.913780591E0,-1.033998489E0,9.669695854E0,-2.432603359E0
6.916159029E0,-6.415755749E-1,9.234201431E0,-1.791027784E0
6.918537414E0,-3.876372576E-1,9.207581520E0,-2.061416626E0
6.920915070E0,-3.158525825E-1,9.248558998E0,-2.195414782E0
6.923292727E0,-2.608176768E-1,9.243772507E0,-2.346461773E0
6.925671164E0,-2.967100143E-1,9.308379173E0,-2.365604401E0
6.928049602E0,-3.182454109E-1,9.258130074E0,-2.212164640E0
6.930427258E0,-3.182454109E-1,9.406484604E0,-2.166700840E0
6.932804914E0,-4.283152521E-1,9.763015747E0,-2.166700840E0
6.935183352E0,-3.613162339E-1,9.562018394E0,-1.403091431E0
6.937561789E0,-2.751746178E-1,9.614660263E0,-1.024726272E0
6.939939445E0,-3.804588020E-1,9.823135376E0,-1.015154958E0
6.942317102E0,-2.967100143E-1,9.550054550E0,-4.740779996E-1
6.944695539E0,-1.986042857E-1,9.109476089E0,-1.414756328E-1
6.947073977E0,-3.637090325E-1,8.901300430E0,-3.711866140E-1
6.949451633E0,-4.737788737E-1,8.623434067E0,4.307080805E-2
6.951829289E0,-3.732803464E-1,8.817551613E0,9.092725813E-2
6.954207727E0,-2.105683982E-1,8.930013657E0,-5.386841893E-1
6.956586164E0,-3.230310678E-1,9.013762474E0,-1.767099500E0
6.958963820E0,-4.618147612E-1,9.418449402E0,-3.019144058E0
6.961341477E0,-1.722832322E-1,9.215059280E0,-2.916252613E0
6.963719914E0,3.975076675E-1,8.846264839E0,-2.923431158E0
6.966098352E0,7.519445419E-1,8.925228119E0,-3.373281717E0
6.968476008E0,8.955138922E-1,9.227023125E0,-3.565006733E0
6.970853664E0,1.043868899E0,9.597910881E0,-3.897608995E0
6.973232102E0,1.283450246E0,9.767801285E0,-3.734897137E0
6.975610539E0,1.620838284E0,9.573982239E0,-3.148356438E0
6.977988195E0,1.908276081E0,9.480662346E0,-2.760420084E0
6.980365904E0,2.025524378E0,9.614660263E0,-2.542673111E0
6.982744341E0,2.070987940E0,9.799206734E0,-2.236092806E0
6.985122727E0,2.154736757E0,9.787242889E0,-2.080559254E0
6.987500383E0,2.104487419E0,9.576375008E0,-2.032702923E0
6.989878091E0,1.805384636E0,9.684052467E0,-2.173879385E0
6.992256529E0,1.728515267E0,9.626625061E0,-2.037488461E0
6.994634914E0,1.922633052E0,9.313164711E0,-1.946561217E0
6.997012570E0,1.996810555E0,9.523733139E0,-2.305484533E0
6.999390279E0,2.059023857E0,9.746265411E0,-2.348854542E0
7.001768716E0,2.157129526E0,9.590732574E0,-2.020738840E0
7.004147102E0,2.332104683E0,9.396913528E0,-2.001596212E0
7.006524758E0,2.442174673E0,9.691230774E0,-2.310569286E0
7.008902466E0,2.497209549E0,9.868598938E0,-2.298306227E0
7.011280904E0,2.521137714E0,9.983454704E0,-2.406282187E0
7.013659341E0,2.576172590E0,1.006720352E1,-2.363211393E0
7.016036998E0,2.566601276E0,1.013420200E1,-2.219342947E0
7.018414654E0,2.470888376E0,1.036660480E1,-2.228914261E0
7.020793091E0,2.401496649E0,1.046231747E1,-2.202593327E0
7.023171477E0,2.298306227E0,1.065852928E1,-2.293520451E0
7.025549133E0,2.185843468E0,1.084995556E1,-2.133201361E0
7.027926841E0,2.271985054E0,1.077338505E1,-1.604088426E0
7.030305279E0,2.312962294E0,1.078534889E1,-1.628016710E0
7.032683664E0,2.320140600E0,1.074945641E1,-1.565803289E0
7.035061320E0,2.291127682E0,1.077338505E1,-1.496411443E0
7.037439029E0,2.403889418E0,1.075184917E1,-1.465304732E0
7.039817466E0,2.492423773E0,1.085713387E1,-1.472483277E0
7.042195852E0,2.513959408E0,1.102493000E1,-1.656730533E0
7.044573508E0,2.805883646E0,1.056760216E1,-1.477268934E0
7.046951216E0,3.303889751E0,9.655338287E0,-1.417448282E0
7.049329654E0,3.332603693E0,9.171689034E0,-2.075773716E0
7.051708091E0,2.887538671E0,9.274879456E0,-2.779562712E0
7.054085748E0,2.650350094E0,9.356235504E0,-2.877967358E0
7.056463404E0,2.473281384E0,9.468698502E0,-2.681456804E0
7.058841841E0,2.147558212E0,1.006480980E1,-2.430210590E0
7.061220279E0,2.305783749E0,1.075424194E1,-1.850848317E0
7.063597935E0,2.767598391E0,1.088345432E1,-1.017547846E0
7.065975591E0,2.901895761E0,1.131924725E1,-1.031904817E0
7.068354029E0,2.873181820E0,1.138385391E1,-9.864411354E-1
7.070732466E0,2.779562712E0,1.129771233E1,-9.768698215E-1
7.073110123E0,2.655135870E0,1.153011513E1,-1.338485122E0
7.075487779E0,2.707777977E0,1.126181984E1,-1.367199063E0
7.077866216E0,2.767598391E0,1.107757282E1,-1.467697620E0
7.080244602E0,2.698206663E0,1.103210926E1,-1.570588946E0
7.082622258E0,2.676671267E0,1.083559799E1,-1.661516190E0
7.084999966E0,2.585743904E0,1.073031425E1,-1.843669891E0
7.087378404E0,2.492423773E0,1.055085278E1,-1.850848317E0
7.089756841E0,2.456531525E0,1.034985542E1,-1.716551185E0
7.092134498E0,2.358425856E0,1.022752190E1,-1.716551185E0
7.094512154E0,2.370389938E0,9.952347755E0,-1.501197100E0
7.096890591E0,2.425424814E0,9.578767776E0,-1.446162224E0
7.099269029E0,2.344068766E0,9.435198784E0,-1.527518153E0
7.101646685E0,2.267199516E0,9.270093918E0,-1.436590910E0
7.104024341E0,2.214557409E0,9.361021042E0,-1.489233017E0
7.106402779E0,2.176272154E0,9.523733139E0,-1.438983679E0
7.108781216E0,2.054238319E0,9.696016312E0,-1.604088426E0
7.111158873E0,1.977667928E0,9.633803368E0,-1.532303810E0
7.113536529E0,1.869990945E0,9.633803368E0,-1.620838284E0
7.115914966E0,1.695015788E0,9.792028427E0,-1.767099500E0
7.118293404E0,1.613659739E0,9.717552185E0,-1.654337764E0
7.120671060E0,1.637588024E0,9.557232857E0,-1.405484200E0
7.123048716E0,1.635195136E0,9.377771378E0,-1.376770377E0
7.125427154E0,1.668694735E0,9.605089188E0,-1.324128270E0
7.127805591E0,1.819741607E0,9.526125908E0,-9.792626500E-1
7.130183248E0,1.939382792E0,9.727123260E0,-7.974081635E-1
7.132560904E0,2.133201361E0,9.770194054E0,-2.419741899E-1
7.134939341E0,2.025524378E0,9.959526062E0,-2.802593410E-1
7.137317779E0,1.795813441E0,1.023709393E1,-4.788636267E-1
7.139695435E0,1.498804331E0,1.039531898E1,-1.077368379E0
7.142073091E0,1.269093275E0,1.037139034E1,-1.022333503E0
7.144451529E0,1.003190875E0,1.063699436E1,-1.034297585E0
7.146829966E0,8.093722463E-1,1.059153080E1,-8.189435601E-1
7.149207623E0,6.442674994E-1,1.074227810E1,-6.346961856E-1
7.151585279E0,5.865406394E-1,1.070638561E1,-4.429712892E-1
7.153963716E0,5.554339290E-1,1.075902748E1,-2.371885478E-1
7.156342154E0,5.961119533E-1,1.090528965E1,5.982056633E-2
7.158719810E0,8.452646136E-1,1.157079315E1,4.283152521E-1
7.161097466E0,5.458626747E-1,1.108714390E1,2.105683982E-1
7.163475904E0,9.170492887E-1,1.226261806E1,3.684946895E-1
7.165854341E0,1.060618639E0,1.261226940E1,1.986042857E-1
7.168231998E0,1.072582722E0,1.283001614E1,1.172483116E-1
7.170609654E0,1.012762189E0,1.283480167E1,-1.534397453E-1
7.172988091E0,8.309076428E-1,1.263380432E1,-3.520440459E-1
7.175366529E0,7.495517135E-1,1.199671555E1,-3.520440459E-1
7.177744185E0,5.721837282E-1,1.153729343E1,-4.334000051E-1
7.180121841E0,3.349951655E-2,1.183878899E1,-1.096511006E0
7.182500279E0,-2.464607358E-1,1.155404282E1,-8.548358679E-1
7.184878716E0,-3.062812984E-1,1.089571762E1,-3.592225015E-1
7.187256373E0,3.544368446E-1,9.557232857E0,7.037889361E-1
7.189634029E0,7.567301393E-1,8.946763992E0,5.817549825E-1
7.192012466E0,2.635096014E-1,9.734301567E0,-8.213363886E-1
7.194390904E0,9.984052777E-1,8.944371223E0,5.027918816E-1
7.196768560E0,9.409775138E-1,9.121439934E0,-5.961119533E-1
7.199146216E0,1.079761267E0,9.229415894E0,-6.562315822E-1
7.201524654E0,1.161117196E0,9.142974854E0,-8.979067206E-1
7.203903091E0,1.321735382E0,9.111868858E0,-9.505487680E-1
7.206280748E0,1.041476011E0,9.605089188E0,-1.836491346E0
7.208658404E0,1.326521039E0,9.190832138E0,-6.394818425E-1
7.211036841E0,1.374377489E0,9.119047165E0,-9.050851464E-1
7.213415279E0,1.321735382E0,9.186046600E0,-1.106082320E0
7.215792935E0,1.194915771E0,9.377771378E0,-9.888339639E-1
7.218170591E0,1.036690354E0,9.600303650E0,-9.266205430E-1
7.220549029E0,8.428717852E-1,9.696016312E0,-6.801598072E-1
7.222927466E0,8.117650747E-1,9.566803932E0,-5.171487927E-1
7.225305123E0,6.993024349E-1,9.626625061E0,-5.769693851E-1
7.227682779E0,4.788636267E-1,9.772586823E0,-5.697908998E-1
7.230061216E0,3.329014480E-1,9.823135376E0,-5.937191248E-1
7.232439654E0,1.438684613E-1,9.851848602E0,-3.089732230E-1
7.234817310E0,1.127617657E-1,9.878170013E0,-4.142574072E-1
7.237194966E0,4.785645287E-3,9.904491425E0,-1.414756328E-1
7.239573404E0,-9.810572863E-2,1.005045319E1,-3.544368446E-1
7.241951841E0,-1.052841991E-1,1.002173901E1,-1.773679852E-1
7.244329498E0,-4.785645381E-2,9.801599503E0,1.339980662E-1
7.246707154E0,4.307080805E-2,9.715159416E0,-7.926224917E-2
7.249085591E0,-3.589234129E-2,9.767801285E0,-1.007976532E-1
7.251464029E0,-5.982056633E-2,9.811170578E0,-2.563311160E-1
7.253841685E0,-7.657032460E-2,9.684052467E0,-9.122636169E-2
7.256219341E0,5.503492057E-2,9.437591553E0,-7.447660714E-2
7.258597779E0,8.165507019E-2,9.375378609E0,-1.366899908E-1
7.260976216E0,4.307080805E-2,9.463912964E0,-3.400799036E-1
7.263353873E0,-1.196411345E-2,9.447162628E0,-2.539383173E-1
7.265731529E0,-3.828516230E-2,9.509376526E0,-3.807578981E-1
7.268109966E0,-3.349951655E-2,9.425627708E0,-2.635096014E-1
7.270488404E0,-7.657032460E-2,9.370592117E0,-4.118646085E-1
7.272866060E0,-1.962114573E-1,9.447162628E0,-4.357928336E-1
7.275243716E0,-1.555334777E-1,9.212666512E0,-2.682952285E-1
7.277622154E0,-1.938186288E-1,9.265308380E0,-3.305086195E-1
7.280000591E0,-3.278166950E-1,9.351449966E0,-3.783650696E-1
7.282378248E0,-3.613162339E-1,9.303593636E0,-4.046861231E-1
7.284755904E0,-3.206382394E-1,9.162117958E0,-2.706880569E-1
7.287134341E0,-2.656033039E-1,9.047262192E0,-3.161516786E-1
7.289512779E0,-2.560320199E-1,9.032905579E0,-4.453641176E-1
7.291890435E0,-3.684946895E-1,8.908478737E0,-7.399803996E-1
7.294268091E0,-3.565305769E-1,9.102297783E0,-5.865406394E-1
7.296646529E0,-4.211367965E-1,8.697910309E0,-7.304090858E-1
7.299024966E0,-4.785645306E-1,8.807980537E0,-8.620143533E-1
7.301402623E0,-4.211367965E-1,8.944371223E0,-6.801598072E-1
7.303780279E0,-4.570291340E-1,8.209475517E0,-7.232306600E-1
7.306158716E0,-3.876372576E-1,8.216653824E0,-7.495517135E-1
7.308537154E0,-4.091726840E-1,7.950751305E0,-1.070189953E0
7.310914810E0,-4.067798555E-1,7.637291908E0,-1.019940615E0
7.313292466E0,-4.235295951E-1,7.835896015E0,-1.477268934E0
7.315670904E0,-3.828516304E-1,7.797610760E0,-1.441376567E0
7.318049341E0,-2.608176768E-1,7.771289825E0,-1.472483277E0
7.320426998E0,-9.092725813E-2,7.733004570E0,-1.438983679E0
7.322804654E0,4.785645287E-3,7.749754429E0,-1.508375525E0
7.325183091E0,5.264209956E-2,7.917252064E0,-1.592124343E0
7.327561529E0,3.828516230E-2,8.036892891E0,-1.639980793E0
7.329939185E0,2.392822644E-3,8.187939644E0,-1.843669891E0
7.332316841E0,2.012962103E-1,8.111370087E0,-1.649552107E0
7.334695279E0,2.443670183E-1,8.106583595E0,-1.690230131E0
7.337073716E0,2.347957194E-1,8.147261620E0,-1.575374603E0
7.339451373E0,2.276172489E-1,8.029714584E0,-1.438983679E0
7.341829029E0,2.276172489E-1,7.931608677E0,-1.558624864E0
7.344207466E0,1.749751568E-1,8.079963684E0,-1.654337764E0
7.346585904E0,3.828516230E-2,8.130512238E0,-1.656730533E0
7.348963560E0,-4.546362907E-2,8.171190262E0,-1.668694735E0
7.351341216E0,2.632104978E-2,8.048856735E0,-1.458126307E0
7.353719654E0,-1.076770201E-1,8.003393173E0,-1.668694735E0
7.356098091E0,-1.603191197E-1,8.056035995E0,-1.364806175E0
7.358475748E0,-3.230310678E-1,8.159226418E0,-1.333699465E0
7.360853456E0,-4.139583111E-1,8.312366486E0,-1.276271820E0
7.363231893E0,-5.195416212E-1,8.353044510E0,-1.295414329E0
7.365610279E0,-5.554339290E-1,8.391329765E0,-1.173081279E0
7.367987935E0,-5.195416212E-1,8.678768158E0,-1.153938770E0
7.370365591E0,-5.817549825E-1,8.518149376E0,-1.029511929E0
7.372744029E0,-6.200401783E-1,8.460721970E0,-1.063011408E0
7.375122466E0,-7.683951855E-1,8.611469269E0,-1.230808139E0
7.377500123E0,-7.396813035E-1,8.518149376E0,-1.245165110E0
7.379877831E0,-6.894320250E-1,8.429615021E0,-1.211665511E0
7.382256268E0,-7.061817646E-1,8.640183449E0,-1.407876968E0
7.384634654E0,-8.401798606E-1,8.712266922E0,-1.367199063E0
7.387012310E0,-7.157530785E-1,8.549256325E0,-1.182652593E0
7.389390018E0,-7.181459069E-1,8.693124771E0,-1.180259824E0
7.391768456E0,-7.348956466E-1,8.863015175E0,-1.153938770E0
7.394146893E0,-7.971090674E-1,9.025727272E0,-1.115653515E0
7.396524550E0,-8.330013752E-1,8.925228119E0,-1.130010486E0
7.398902206E0,-7.612167001E-1,9.011369705E0,-1.316949725E0
7.401280643E0,-7.229315639E-1,9.128618240E0,-1.309771299E0
7.403659029E0,-6.894320250E-1,9.229415894E0,-1.266700506E0
7.406036685E0,-6.990033388E-1,9.270093918E0,-1.355234981E0
7.408414393E0,-7.301099896E-1,9.205188751E0,-1.161117196E0
7.410792831E0,-8.808578253E-1,9.123832703E0,-1.321735382E0
7.413171268E0,-8.234301209E-1,9.248558998E0,-1.245165110E0
7.415548925E0,-7.827520967E-1,9.315557480E0,-1.221236825E0
7.417926581E0,-7.707880139E-1,9.325128555E0,-1.233201027E0
7.420305018E0,-8.377870321E-1,9.554840088E0,-1.214058399E0
7.422683456E0,-8.712865710E-1,9.640981674E0,-1.249950767E0
7.425061112E0,-8.114659786E-1,9.607481956E0,-1.063011408E0
7.427438768E0,-8.593224287E-1,9.636196136E0,-1.098903775E0
7.429817206E0,-8.449655175E-1,9.849455833E0,-1.149153113E0
7.432195643E0,-9.191430211E-1,1.001216793E1,-1.141974568E0
7.434573300E0,-9.454640746E-1,1.010788059E1,-1.022333503E0
7.436950956E0,-8.784649968E-1,1.006480980E1,-9.529415965E-1
7.439329393E0,-1.067797065E0,1.015334511E1,-1.158724308E0
7.441707831E0,-1.077368379E0,1.028734303E1,-1.063011408E0
7.444085487E0,-1.072582722E0,1.033789158E1,-1.029511929E0
7.446463143E0,-1.079761267E0,1.055324554E1,-1.048654556E0
7.448841581E0,-1.089332461E0,1.084038353E1,-1.053440213E0
7.451220018E0,-1.014855862E0,1.094836044E1,-9.409775138E-1
7.453597675E0,-8.904291391E-1,1.121635628E1,-8.955138922E-1
7.455975331E0,-8.832506537E-1,1.137189007E1,-8.883354068E-1
7.458353768E0,-9.215358496E-1,1.173589802E1,-8.548358679E-1
7.460732206E0,-1.019641519E0,1.175264740E1,-8.596215248E-1
7.463109862E0,-1.089332461E0,1.201107216E1,-9.457631707E-1
7.465487518E0,-1.106082320E0,1.197757244E1,-9.385846853E-1
7.467865956E0,-1.153938770E0,1.215254784E1,-9.601200819E-1
7.470244393E0,-1.153938770E0,1.236311626E1,-9.026923180E-1
7.472622050E0,-1.091725349E0,1.236550903E1,-8.285148144E-1
7.474999706E0,-1.089332461E0,1.238943768E1,-9.337990284E-1
7.477378143E0,-1.237687469E0,1.255932808E1,-1.137188911E0
7.479756581E0,-1.285543919E0,1.262423325E1,-1.127617717E0
7.482134237E0,-1.259222865E0,1.257368469E1,-1.012762189E0
7.484511893E0,-1.295115232E0,1.263858986E1,-1.190130115E0
7.486890331E0,-1.072582722E0,1.266012573E1,-1.027119160E0
7.489268768E0,-1.017248750E0,1.281326580E1,-1.096511006E0
7.491646425E0,-1.036391258E0,1.238704491E1,-1.024726272E0
7.494024081E0,-1.120439172E0,1.214058399E1,-1.144367456E0
7.496402518E0,-1.173081279E0,1.195603752E1,-1.130010486E0
7.498780956E0,-1.211366415E0,1.189382362E1,-1.110867858E0
7.501158612E0,-1.137188911E0,1.170479107E1,-9.792626500E-1
7.503536268E0,-8.736793399E-1,1.181246853E1,-8.045865893E-1
7.505914706E0,-7.971090674E-1,1.180050373E1,-7.830511928E-1
7.508293143E0,-8.904291391E-1,1.194885921E1,-1.019940615E0
7.510670800E0,-1.398006678E0,1.325862980E1,-2.070987940E0
7.513048456E0,-1.220937729E0,1.399352551E1,-1.889133453E0
7.515426893E0,-9.143573642E-1,1.431685638E1,-8.356932998E-1
7.517805331E0,-9.382855892E-1,1.399352551E1,1.914258115E-2
7.520182987E0,-7.636095285E-1,1.214776230E1,9.571290575E-3
7.522560643E0,-6.894320250E-1,1.061785126E1,-5.195416212E-1
7.524939081E0,-9.071788788E-1,9.825528145E0,-1.240379453E0
7.527317518E0,-1.127617717E0,9.590732574E0,-1.726122379E0
7.529695175E0,-1.115653515E0,9.578767776E0,-1.999203324E0
7.532072831E0,-9.646066427E-1,9.696016312E0,-1.999203324E0
7.534451268E0,-7.157530785E-1,9.748658180E0,-1.925025821E0
7.536829706E0,-5.099703074E-1,9.736694336E0,-1.831705689E0
7.539207362E0,-4.713860750E-1,9.640981674E0,-1.819741607E0
7.541585018E0,-5.745765567E-1,9.526125908E0,-1.807777524E0
7.543963456E0,-7.396813035E-1,9.480662346E0,-1.822134495E0
7.546341893E0,-8.856434822E-1,9.497411728E0,-1.771885157E0
7.548719550E0,-9.909276962E-1,9.535696983E0,-1.728515267E0
7.551097206E0,-9.622138143E-1,9.602696419E0,-1.697408557E0
7.553475643E0,-9.143573642E-1,9.636196136E0,-1.668694735E0
7.555854081E0,-8.688937426E-1,9.652945518E0,-1.690230131E0
7.558231737E0,-8.353942037E-1,9.660123825E0,-1.733300924E0
7.560609393E0,-7.971090674E-1,9.614660263E0,-1.769492388E0
7.562987831E0,-7.851449251E-1,9.588339806E0,-1.781456470E0
7.565366268E0,-7.971090674E-1,9.590732574E0,-1.826920033E0
7.567743925E0,-7.779664397E-1,9.576375008E0,-1.860419631E0
7.570121581E0,-7.851449251E-1,9.557232857E0,-1.836491346E0
7.572500018E0,-7.851449251E-1,9.569196701E0,-1.841277003E0
7.574878456E0,-7.588238716E-1,9.588339806E0,-1.834098577E0
7.577256112E0,-7.516453862E-1,9.607481956E0,-1.805384636E0
7.579633768E0,-7.468597889E-1,9.619445801E0,-1.798206210E0
7.582012206E0,-7.061817646E-1,9.633803368E0,-1.788634896E0
7.584390643E0,-6.559324861E-1,9.640981674E0,-1.807777524E0
7.586768300E0,-6.678966284E-1,9.624231339E0,-1.783849239E0
7.589145956E0,-6.511468887E-1,9.619445801E0,-1.795813441E0
7.591524393E0,-6.750751138E-1,9.640981674E0,-1.745265007E0
7.593902831E0,-6.918248534E-1,9.664909363E0,-1.735693693E0
7.596280487E0,-7.181459069E-1,9.696016312E0,-1.721336842E0
7.598658143E0,-7.205387354E-1,9.688838005E0,-1.678265929E0
7.601036581E0,-7.564310431E-1,9.691230774E0,-1.596910000E0
7.603415018E0,-7.731808424E-1,9.705587387E0,-1.565803289E0
7.605792675E0,-7.899305820E-1,9.712766647E0,-1.534696579E0
7.608170331E0,-7.947162390E-1,9.710372925E0,-1.496411443E0
7.610548768E0,-8.162516356E-1,9.748658180E0,-1.501197100E0
7.612927206E0,-7.875377536E-1,9.739087105E0,-1.482054472E0
7.615304862E0,-8.066803217E-1,9.748658180E0,-1.496411443E0
7.617682518E0,-7.875377536E-1,9.741479874E0,-1.494018674E0
7.620060956E0,-7.923234105E-1,9.734301567E0,-1.510768414E0
7.622439393E0,-7.731808424E-1,9.758230209E0,-1.484447360E0
7.624817050E0,-7.971090674E-1,9.758230209E0,-1.479661703E0
7.627194706E0,-7.899305820E-1,9.775279045E0,-1.465304732E0
7.629573143E0,-8.090731502E-1,9.760622978E0,-1.434198022E0
7.631951581E0,-8.258228898E-1,9.775279045E0,-1.388734460E0
7.634329237E0,-8.258228898E-1,9.767801285E0,-1.422233939E0
7.636706893E0,-8.593224287E-1,9.751050949E0,-1.388734460E0
7.639085331E0,-8.353942037E-1,9.784850121E0,-1.340878010E0
7.641463768E0,-8.066803217E-1,9.794421196E0,-1.338485122E0
7.643841425E0,-8.497511148E-1,9.758230209E0,-1.336092353E0
7.646219081E0,-8.306085467E-1,9.792028427E0,-1.290628672E0
7.648597518E0,-8.090731502E-1,9.806385040E0,-1.290628672E0
7.650975956E0,-8.904291391E-1,9.674481392E0,-1.300199986E0
7.653353612E0,-9.430712461E-1,9.676874161E0,-1.271486163E0
7.655731268E0,-9.382855892E-1,9.643374443E0,-1.307378531E0
7.658109706E0,-1.235294700E0,9.025727272E0,-1.386341572E0
7.660488143E0,-1.814656854E0,8.063214302E0,-1.601695657E0
7.662865800E0,-1.769193292E0,8.202297211E0,-1.599302888E0
7.665243508E0,-1.869691849E0,7.807182312E0,-1.630409479E0
7.667621945E0,-1.692622900E0,8.362615585E0,-1.417448282E0
7.670000331E0,-1.002891779E0,7.699504852E0,-1.458126307E0
7.672377987E0,-8.569296002E-1,7.354639530E0,-1.264307618E0
7.674755695E0,-1.038784146E0,7.553543091E0,-1.228415370E0
7.677134133E0,3.281157911E-1,4.759623528E0,1.060618639E0
7.679512518E0,-1.435693651E-1,3.849752426E0,4.737788737E-1
7.681890175E0,-1.548754454E0,3.780360699E0,1.690230131E0
7.684267883E0,-1.575075507E0,5.094618320E0,-9.960124493E-1
7.686646320E0,-4.115654826E-1,6.813562393E0,-2.411067963E0
7.689024706E0,-2.943171859E-1,7.316354275E0,-3.969393730E0
7.691402362E0,-8.497511148E-1,6.899703979E0,-4.134797573E0
7.693780070E0,-1.144367456E0,6.507281303E0,-3.557828188E0
7.696158508E0,-9.406784177E-1,6.457031727E0,-2.425424814E0
7.698536945E0,-6.487540603E-1,6.595815659E0,-1.364806175E0
7.700914602E0,-3.613162339E-1,6.591030121E0,-6.224330068E-1
7.703292258E0,-2.440679073E-1,6.229414463E0,-3.640081584E-1
7.705670695E0,-6.224330068E-1,6.188736439E0,-5.626124144E-1
7.708049081E0,-1.043569803E0,6.085845470E0,-7.567301393E-1
7.710426737E0,-1.139581800E0,6.212665081E0,-6.104688644E-1
7.712804445E0,-1.280758262E0,6.729813576E0,-9.505487680E-1
7.715182883E0,-1.393221021E0,6.892525673E0,-1.019940615E0
7.717561320E0,-1.230509043E0,6.736992359E0,-8.428717852E-1
7.719938977E0,-1.505683661E0,6.430710793E0,-7.782655358E-1
7.722316633E0,-1.484148264E0,6.176772594E0,-4.764707983E-1
7.724695070E0,-1.194616675E0,7.069893837E0,-7.902296782E-1
7.727073508E0,-1.120439172E0,7.435995579E0,-7.280163169E-1
7.729451164E0,-1.045962572E0,7.802396297E0,-9.960124493E-1
7.731828820E0,-1.103689432E0,8.044071198E0,-1.168295622E0
7.734207258E0,-1.065105200E0,7.663612843E0,-9.457631707E-1
7.736585695E0,-1.062712312E0,8.286046028E0,-1.077368379E0
7.738963352E0,-1.041176915E0,8.815158844E0,-1.024726272E0
7.741341008E0,-9.550353289E-1,9.320343018E0,-8.715856671E-1
7.743719445E0,-9.741778970E-1,8.932407379E0,-4.716851711E-1
7.746097883E0,-1.019641519E0,8.915657043E0,-2.467598319E-1
7.748475539E0,-8.688937426E-1,9.679266930E0,-5.075774789E-1
7.750853195E0,-7.660023570E-1,9.887741089E0,-4.668995142E-1
7.753231633E0,-5.985047817E-1,9.993025780E0,-6.299105883E-1
7.755610070E0,-5.219344497E-1,1.033789158E1,-6.777670383E-1
7.757987727E0,-5.673980713E-1,1.109192944E1,-1.141974568E0
7.760365383E0,-5.410770178E-1,1.149661541E1,-1.209272742E0
7.762743820E0,-8.712865710E-1,1.186989594E1,-1.405484200E0
7.765122258E0,-7.923234105E-1,1.224826050E1,-1.328913927E0
7.767499914E0,-3.278166950E-1,1.219561863E1,-7.399803996E-1
7.769877570E0,-1.076770201E-1,1.267448235E1,-8.285148144E-1
7.772256008E0,4.546362907E-2,1.291137218E1,-6.729813814E-1
7.774634445E0,6.729813665E-2,1.319880962E1,-7.878368497E-1
7.777012102E0,1.247258782E-1,1.306211948E1,-6.969096065E-1
7.779389758E0,3.110669367E-2,1.304297733E1,-8.476574421E-1
7.781768195E0,3.113660514E-1,1.314138222E1,-6.490531564E-1
7.784146633E0,6.056832075E-1,1.355294704E1,-7.184450030E-1
7.786524289E0,5.985047817E-1,1.373510075E1,-1.173081279E0
7.788901945E0,6.610172391E-1,1.333520031E1,-1.216451168E0
7.791280383E0,5.530411601E-1,1.282762337E1,-1.405484200E0
7.793658820E0,4.932205677E-1,1.199910831E1,-1.393520117E0
7.796036477E0,5.362913609E-1,1.176700401E1,-1.395912886E0
7.798414133E0,5.578267574E-1,1.166889858E1,-1.594517231E0
7.800792570E0,5.650052428E-1,1.181964684E1,-1.783849239E0
7.803171008E0,5.315057039E-1,1.204247856E1,-1.968096614E0
7.805548664E0,4.310071766E-1,1.226261806E1,-2.104487419E0
7.807926320E0,4.621138871E-1,1.253061390E1,-1.987239242E0
7.810304758E0,6.008976102E-1,1.239422321E1,-1.561017632E0
7.812683195E0,7.375875711E-1,1.214058399E1,-1.326521039E0
7.815060852E0,7.926225066E-1,1.188664532E1,-1.304985642E0
7.817438508E0,9.146564603E-1,1.156122208E1,-1.209272742E0
7.819816945E0,8.524430394E-1,1.128335476E1,-1.441376567E0
7.822195383E0,9.337990284E-1,1.089811039E1,-1.455733418E0
7.824573039E0,9.720842242E-1,1.036660480E1,-1.489233017E0
7.826950695E0,9.529415965E-1,1.013420200E1,-1.678265929E0
7.829329133E0,1.077368379E0,9.617053032E0,-1.522732496E0
7.831707570E0,1.371984720E0,8.120941162E0,-1.074975610E0
7.834085227E0,9.720842242E-1,7.510172844E0,-1.632802367E0
7.836462883E0,3.879363835E-1,8.721838951E0,-2.904288530E0
7.838841320E0,7.686942816E-2,9.664909363E0,-3.380460262E0
7.841219758E0,7.447660714E-2,1.032084274E1,-3.040679455E0
7.843597414E0,4.070789516E-1,1.056999493E1,-2.370389938E0
7.845975070E0,6.370890141E-1,1.043838978E1,-1.697408557E0
7.848353508E0,7.160521746E-1,1.020359421E1,-1.182652593E0
7.850731945E0,7.160521746E-1,9.875777245E0,-1.149153113E0
7.853109602E0,5.315057039E-1,9.794421196E0,-1.446162224E0
7.855487258E0,4.405784607E-1,9.911669731E0,-1.687837243E0
7.857865695E0,4.453641176E-1,1.001456070E1,-1.781456470E0
7.860244133E0,5.315057039E-1,1.018923664E1,-1.843669891E0
7.862621789E0,6.275177598E-1,1.016770172E1,-1.915454507E0
7.864999445E0,7.256234884E-1,1.008395290E1,-1.903490424E0
7.867377883E0,7.998009920E-1,1.005284595E1,-1.905883193E0
7.869756320E0,8.141579032E-1,9.954740524E0,-2.054238319E0
7.872133977E0,7.806583643E-1,9.911669731E0,-2.185843468E0
7.874511633E0,8.213363886E-1,9.851848602E0,-2.126022816E0
7.876890070E0,8.117650747E-1,9.684052467E0,-2.104487419E0
7.879268508E0,8.380861282E-1,9.619445801E0,-2.070987940E0
7.881646164E0,8.165507317E-1,9.349057198E0,-1.977667928E0
7.884023820E0,7.854440212E-1,9.260522842E0,-1.970489502E0
7.886402258E0,7.351947427E-1,9.150154114E0,-1.996810555E0
7.888780695E0,7.495517135E-1,8.956335068E0,-1.886740685E0
7.891158352E0,6.993024349E-1,8.757730484E0,-1.915454507E0
7.893536008E0,8.261220455E-1,8.300402641E0,-1.795813441E0
7.895914445E0,7.447660565E-1,8.058428764E0,-1.702194214E0
7.898292883E0,5.386841893E-1,7.878966808E0,-1.776670814E0
7.900670539E0,4.932205677E-1,7.599006653E0,-1.642373681E0
7.903048195E0,7.208378315E-1,6.672386169E0,-1.149153113E0
7.905426633E0,6.610172391E-1,5.578267574E0,-1.103689432E0
7.907805070E0,1.821536273E-1,5.738586903E0,-1.728515267E0
7.910182727E0,-8.614161611E-2,6.478567123E0,-2.346461773E0
7.912560383E0,-6.939185411E-2,7.297211647E0,-2.344068766E0
7.914938352E0,9.122636169E-2,7.725826263E0,-2.334497690E0
7.917316216E0,4.546362907E-2,7.955537319E0,-2.485245466E0
7.919694081E0,-6.699903309E-2,8.199904442E0,-2.432603359E0
7.922071945E0,-7.178468257E-2,8.319544792E0,-2.066202402E0
7.924449810E0,-4.067798331E-2,8.278866768E0,-1.843669891E0
7.926827675E0,8.883354068E-2,7.584649563E0,-1.314556956E0
7.929205539E0,-1.316052526E-1,7.902894974E0,-1.479661703E0
7.931583404E0,-1.531406492E-1,8.534899712E0,-1.584945917E0
7.933961268E0,-1.722832322E-1,9.238986969E0,-1.489233017E0
7.936339133E0,-1.339980662E-1,9.902098656E0,-1.340878010E0
7.938716998E0,0.000000000E0,9.971489906E0,-1.314556956E0
7.941094862E0,-3.589234129E-2,9.870991707E0,-1.242772222E0
7.943472727E0,-1.339980662E-1,9.978668213E0,-1.503589988E0
7.945850591E0,-3.326023519E-1,1.011745262E1,-1.618445396E0
7.948228456E0,-3.493520916E-1,1.017966557E1,-1.644766450E0
7.950606320E0,-2.297109663E-1,1.049103165E1,-1.659123421E0
7.952984185E0,-1.100698411E-1,1.064895821E1,-1.553839207E0
7.955362050E0,-2.249253243E-1,1.096032429E1,-2.118844509E0
7.957739914E0,-2.057827413E-1,1.114696407E1,-2.209771633E0
7.960119602E0,-8.374879509E-2,1.141735363E1,-1.989632010E0
7.962499758E0,-5.503492057E-2,1.156600761E1,-1.932204247E0
7.964878195E0,-9.810572863E-2,1.161386395E1,-1.996810555E0
7.967255852E0,-1.220339537E-1,1.166411304E1,-2.123630047E0
7.969633508E0,-1.890329868E-1,1.175982571E1,-2.149951220E0
7.972011945E0,-2.057827413E-1,1.199432278E1,-2.140379906E0
7.974390383E0,-1.651047617E-1,1.213340569E1,-2.013560295E0
7.976768039E0,-2.081755698E-1,1.231765270E1,-1.958525300E0
7.979145695E0,-2.321037948E-1,1.262662601E1,-2.133201361E0
7.981524133E0,-2.201396823E-1,1.240618706E1,-2.114058733E0
7.983902570E0,-3.517449200E-1,1.267687511E1,-2.580958366E0
7.986280227E0,-5.578267574E-1,1.346441269E1,-2.954537868E0
7.988657883E0,-8.306085467E-1,1.599512196E1,-4.582554340E0
7.991036320E0,-4.881358147E-1,1.702433395E1,-3.708575964E0
7.993414758E0,-5.937191248E-1,1.594696617E1,-1.917847395E0
7.995792414E0,-1.316650629E0,1.425434399E1,-8.021938205E-1
7.998170070E0,-1.247258782E0,1.244925785E1,-7.686942816E-1
8.000548508E0,-6.296114326E-1,1.122114182E1,-1.228415370E0
8.002926945E0,-3.349951804E-1,1.052453136E1,-1.716551185E0
8.005304602E0,-3.517449200E-1,1.016530895E1,-2.085345030E0
8.007682310E0,-3.684946895E-1,1.001456070E1,-2.509173632E0
8.010060748E0,-3.900300860E-1,9.916455269E0,-2.829811811E0
8.012439133E0,-4.019941986E-1,9.803992271E0,-2.921038151E0
8.014816789E0,-4.737788737E-1,9.629017830E0,-2.755634308E0
8.017194445E0,-5.195416212E-1,9.471091270E0,-2.580958366E0
8.019572883E0,-5.602195859E-1,9.435198784E0,-2.425424814E0
8.021951320E0,-5.338985324E-1,9.478269577E0,-2.358425856E0
8.024328977E0,-5.099703074E-1,9.621838570E0,-2.322533369E0
8.026706633E0,-4.402793646E-1,9.739087105E0,-2.332104683E0
8.029085070E0,-3.756731451E-1,9.830313683E0,-2.377568483E0
8.031463508E0,-3.397808075E-1,9.844670296E0,-2.427817583E0
8.033841164E0,-3.349951804E-1,9.820742607E0,-2.420639277E0
8.036218873E0,-2.799602449E-1,9.780064583E0,-2.384746790E0
8.038597310E0,-3.134597540E-1,9.717552185E0,-2.384746790E0
8.040975695E0,-3.541377485E-1,9.640981674E0,-2.363211393E0
8.043353352E0,-3.469592929E-1,9.597910881E0,-2.329711914E0
8.045731008E0,-3.158525825E-1,9.562018394E0,-2.281556368E0
8.048109445E0,-2.919243574E-1,9.562018394E0,-2.233700037E0
8.050487883E0,-2.416750938E-1,9.552447319E0,-2.204986095E0
8.052865539E0,-2.057827413E-1,9.504590988E0,-2.164308071E0
8.055243248E0,-1.603191197E-1,9.487840652E0,-2.169093609E0
8.057621685E0,-9.571290761E-2,9.502198219E0,-2.152343988E0
8.060000070E0,-8.614161611E-2,9.504590988E0,-2.130808592E0
8.062377727E0,-7.178468257E-2,9.540482521E0,-2.078166485E0
8.064755435E0,-7.178468257E-2,9.518947601E0,-2.059023857E0
8.067133873E0,-7.657032460E-2,9.528518677E0,-2.032702923E0
8.069512310E0,-7.417750359E-2,9.504590988E0,-2.025524378E0
8.071889966E0,-9.332008660E-2,9.475876808E0,-2.001596212E0
8.074267623E0,-1.004985496E-1,9.439984322E0,-1.982453585E0
8.076646060E0,-1.076770201E-1,9.418449402E0,-1.941775560E0
8.079024498E0,-1.435693651E-1,9.399306297E0,-1.932204247E0
8.081402154E0,-1.411765367E-1,9.413662910E0,-1.917847395E0
8.083779810E0,-1.627119333E-1,9.399306297E0,-1.898704767E0
8.086158248E0,-1.674975902E-1,9.413662910E0,-1.917847395E0
8.088536685E0,-1.459621787E-1,9.423234940E0,-1.905883193E0
8.090914341E0,-1.220339537E-1,9.425627708E0,-1.874776483E0
8.093291998E0,-9.571290761E-2,9.439984322E0,-1.934597135E0
8.095670435E0,-7.896314561E-2,9.463912964E0,-1.956132531E0
8.098048873E0,-6.699903309E-2,9.495018959E0,-1.941775560E0
8.100426529E0,-4.546362907E-2,9.504590988E0,-1.929811478E0
8.102804185E0,-4.067798331E-2,9.526125908E0,-1.946561217E0
8.105182623E0,-7.178468257E-2,9.533304214E0,-1.960918188E0
8.107561060E0,-3.828516230E-2,9.545269012E0,-1.980060697E0
8.109938716E0,-3.589234129E-2,9.540482521E0,-1.999203324E0
8.112316373E0,-2.871387079E-2,9.547661781E0,-2.035095692E0
8.114694810E0,-4.067798331E-2,9.516554832E0,-2.018345833E0
8.117073248E0,-4.546362907E-2,9.545269012E0,-2.015953064E0
8.119450904E0,-3.828516230E-2,9.557232857E0,-2.032702923E0
8.121828560E0,-5.742774159E-2,9.576375008E0,-2.044667006E0
8.124206998E0,-6.221338734E-2,9.581160545E0,-2.063809633E0
8.126585435E0,-7.178468257E-2,9.605089188E0,-2.087737799E0
8.128963091E0,-5.024927482E-2,9.614660263E0,-2.073380709E0
8.131340748E0,-2.871387079E-2,9.629017830E0,-2.044667006E0
8.133719185E0,-5.742774159E-2,9.640981674E0,-2.042274237E0
8.136097623E0,-2.871387079E-2,9.652945518E0,-2.078166485E0
8.138475279E0,-2.392822690E-2,9.657731056E0,-2.104487419E0
8.140852935E0,-1.076770201E-1,9.066405296E0,-2.214557409E0
8.143231373E0,-1.651047617E-1,7.756932735E0,-2.497209549E0
8.145609810E0,1.366899908E-1,6.648457527E0,-2.411067963E0
8.147987466E0,4.453641176E-1,6.037988663E0,-2.758027315E0
8.150365123E0,9.912267923E-1,5.769693375E0,-2.612065077E0
8.152743560E0,1.513161182E0,4.893621445E0,-1.869990945E0
8.155121998E0,1.769492388E0,6.207879066E0,-2.650350094E0
8.157499654E0,1.156331539E0,7.651648521E0,-3.040679455E0
8.159877310E0,3.305086195E-1,8.087141991E0,-3.385245800E0
8.162255748E0,-5.434698462E-1,6.746563435E0,-3.866502285E0
8.164634185E0,-3.732803464E-1,5.894419670E0,-5.276772022E0
8.167011841E0,5.315057039E-1,8.152048111E0,-4.860121727E0
8.169389498E0,1.223629713E0,9.751050949E0,-4.137190342E0
8.171767935E0,1.431805253E0,1.093878841E1,-3.425923824E0
8.174146373E0,1.745564103E0,1.195125198E1,-3.047857761E0
8.176524029E0,3.102892876E0,1.409881020E1,-2.940180779E0
8.178901685E0,1.364806175E0,1.369890976E1,-2.873181820E0
8.181280123E0,1.435693540E-2,1.445085430E1,4.091726840E-1
8.183658560E0,-1.733300924E0,1.357448292E1,9.598209858E-1
8.186036216E0,-2.973381281E0,1.247079372E1,5.386841893E-1
8.188413873E0,-3.447459221E0,1.204008579E1,-9.122636169E-2
8.190792310E0,-3.358924866E0,1.170239830E1,2.584248483E-1
8.193170748E0,-2.120938063E0,1.115174961E1,1.914258152E-1
8.195548404E0,-9.933205247E-1,1.075424194E1,-4.716851711E-1
8.197926060E0,-3.182454109E-1,1.052453136E1,-1.156331539E0
8.200304498E0,-7.178468257E-2,1.041206837E1,-1.460519075E0
8.202682935E0,5.772684515E-2,1.033549786E1,-1.922633052E0
8.205060591E0,-1.244267747E-1,1.027777100E1,-2.075773716E0
8.207438248E0,-1.244267747E-1,1.022752190E1,-2.250449657E0
8.209816685E0,-2.153540403E-1,1.014377308E1,-2.334497690E0
8.212195123E0,-3.493520916E-1,1.007677460E1,-2.439781904E0
8.214572779E0,-3.661018610E-1,1.001934624E1,-2.334497690E0
8.216950435E0,-4.331009090E-1,9.940383911E0,-2.243271112E0
8.219328873E0,-4.737788737E-1,9.882955551E0,-2.130808592E0
8.221707310E0,-4.881358147E-1,9.861420631E0,-2.087737799E0
8.224084966E0,-4.929214716E-1,9.844670296E0,-2.106880426E0
8.226462623E0,-4.809573591E-1,9.844670296E0,-2.152343988E0
8.228841060E0,-4.737788737E-1,9.847063065E0,-2.176272154E0
8.231219498E0,-4.522434771E-1,9.894919395E0,-2.214557409E0
8.233597154E0,-4.187439680E-1,9.897313118E0,-2.236092806E0
8.235974810E0,-3.756731451E-1,9.957133293E0,-2.224128723E0
8.238353248E0,-3.565305769E-1,9.969097137E0,-2.214557409E0
8.240731685E0,-3.302095234E-1,9.985847473E0,-2.221735716E0
8.243109341E0,-3.278166950E-1,1.003848934E1,-2.238485575E0
8.245486998E0,-3.278166950E-1,1.006480980E1,-2.255235434E0
8.247865435E0,-3.086741269E-1,1.002173901E1,-2.269592285E0
8.250243873E0,-3.206382394E-1,1.004566765E1,-2.283949137E0
8.252621529E0,-2.895315289E-1,1.003609657E1,-2.262413740E0
8.254999185E0,-3.110669553E-1,1.001216793E1,-2.260020971E0
8.257377623E0,-3.349951804E-1,9.971489906E0,-2.231307030E0
8.259756060E0,-3.541377485E-1,9.930811882E0,-2.221735716E0
8.262133716E0,-3.924229145E-1,9.861420631E0,-2.190629244E0
8.264511373E0,-3.828516304E-1,9.823135376E0,-2.159522533E0
8.266889810E0,-4.091726840E-1,9.755837440E0,-2.130808592E0
8.269268248E0,-4.283152521E-1,9.715159416E0,-2.090130568E0
8.271645904E0,-4.331009090E-1,9.664909363E0,-2.061416626E0
8.274023560E0,-4.354937077E-1,9.643374443E0,-2.047059774E0
8.276401998E0,-4.259224236E-1,9.629017830E0,-2.078166485E0
8.278780435E0,-4.091726840E-1,9.597910881E0,-2.068595171E0
8.281158091E0,-3.948157430E-1,9.564411163E0,-2.032702923E0
8.283535748E0,-3.732803464E-1,9.554840088E0,-2.075773716E0
8.285914185E0,-3.780659735E-1,9.526125908E0,-2.073380709E0
8.288292623E0,-3.708875179E-1,9.530911446E0,-2.073380709E0
8.290670279E0,-3.756731451E-1,9.506983757E0,-2.066202402E0
8.293047935E0,-3.421736360E-1,9.490233421E0,-2.035095692E0
8.295426373E0,-3.541377485E-1,9.506983757E0,-1.987239242E0
8.297804810E0,-3.541377485E-1,9.533304214E0,-1.956132531E0
8.300182466E0,-3.134597540E-1,9.535696983E0,-1.910668850E0
8.302560123E0,-3.302095234E-1,9.547661781E0,-1.860419631E0
8.304938560E0,-2.871387303E-1,9.547661781E0,-1.838884234E0
8.307316998E0,-3.110669553E-1,9.559625626E0,-1.846062660E0
8.309694654E0,-3.014956415E-1,9.593125343E0,-1.853241086E0
8.312072310E0,-2.871387303E-1,9.588339806E0,-1.862812400E0
8.314450748E0,-2.895315289E-1,9.578767776E0,-1.860419631E0
8.316829185E0,-2.871387303E-1,9.605089188E0,-1.846062660E0
8.319206841E0,-3.206382394E-1,9.600303650E0,-1.853241086E0
8.321584498E0,-2.967100143E-1,9.617053032E0,-1.853241086E0
8.323962935E0,-2.943171859E-1,9.612267494E0,-1.831705689E0
8.326341373E0,-2.991028428E-1,9.638588905E0,-1.826920033E0
8.328719029E0,-3.158525825E-1,9.614660263E0,-1.810170293E0
8.331096685E0,-3.158525825E-1,9.626625061E0,-1.800599098E0
8.333475123E0,-3.062812984E-1,9.645767212E0,-1.791027784E0
8.335853560E0,-2.991028428E-1,9.684052467E0,-1.810170293E0
8.338231216E0,-2.871387303E-1,9.729516029E0,-1.817348838E0
8.340608873E0,-2.775674164E-1,9.722337723E0,-1.826920033E0
8.342987310E0,-2.656033039E-1,9.729516029E0,-1.867598057E0
8.345365748E0,-2.392822653E-1,9.729516029E0,-1.872383714E0
8.347743404E0,-2.225325108E-1,9.767801285E0,-1.915454507E0
8.350121060E0,-2.201396823E-1,9.787242889E0,-1.920240164E0
8.352499498E0,-2.033899277E-1,9.789635658E0,-1.948953986E0
8.354877935E0,-2.440679073E-1,9.782457352E0,-1.968096614E0
8.357255591E0,-2.799602449E-1,9.758230209E0,-2.023131609E0
8.359633248E0,-2.775674164E-1,9.765408516E0,-1.992024899E0
8.362011685E0,-2.775674164E-1,9.629017830E0,-2.099701881E0
8.364390123E0,-1.172483116E-1,9.811170578E0,-1.968096614E0
8.366767779E0,-7.657032460E-2,9.870991707E0,-1.843669891E0
8.369145435E0,-8.614161611E-2,9.870991707E0,-1.791027784E0
8.371523873E0,-1.818545163E-1,9.844670296E0,-1.802991867E0
8.373902310E0,-1.986042857E-1,9.839884758E0,-1.841277003E0
8.376279966E0,-2.105683982E-1,9.782457352E0,-1.846062660E0
8.378657623E0,-1.890329868E-1,9.739087105E0,-1.853241086E0
8.381036060E0,-1.914258152E-1,9.731908798E0,-1.836491346E0
8.383414498E0,-1.531406492E-1,9.719944954E0,-1.841277003E0
8.385792154E0,-7.417750359E-2,9.698409081E0,-1.867598057E0
8.388169810E0,3.110669367E-2,9.731908798E0,-1.922633052E0
8.390548248E0,-4.785645287E-3,9.751050949E0,-1.939382792E0
8.392926685E0,-8.614161611E-2,9.717552185E0,-1.963310957E0
8.395304341E0,-2.033899277E-1,9.640981674E0,-2.030309916E0
8.397681998E0,-2.584248483E-1,9.578767776E0,-2.214557409E0
8.400060435E0,-2.560320199E-1,9.554840088E0,-2.372782707E0
8.402438873E0,-1.890329868E-1,9.521340370E0,-2.535494804E0
8.404816529E0,-1.890329868E-1,9.368199348E0,-3.081357241E0
8.407194185E0,-3.302095234E-1,8.693124771E0,-5.599802971E0
8.409572623E0,-3.326023519E-1,8.855836868E0,-5.101797104E0
8.411951060E0,-2.009970993E-1,9.571589470E0,-2.705385208E0
8.414328716E0,-1.459621787E-1,9.959526062E0,-1.371984720E0
8.416706373E0,-1.674975902E-1,1.003370380E1,-7.519445419E-1
8.419084810E0,-2.344966233E-1,9.933204651E0,-5.602195859E-1
8.421463248E0,-2.584248483E-1,9.830313683E0,-5.362913609E-1
8.423840904E0,-2.129612118E-1,9.722337723E0,-5.123631358E-1
8.426218560E0,-8.374879509E-2,9.588339806E0,-4.429712892E-1
8.428596998E0,-2.871387079E-2,9.583553314E0,-5.697908998E-1
8.430975435E0,-7.178468257E-2,9.571589470E0,-8.285148144E-1
8.433353091E0,-9.332008660E-2,9.545269012E0,-1.120439172E0
8.435730748E0,-1.387837082E-1,9.514162064E0,-1.324128270E0
8.438109185E0,-1.124626622E-1,9.502198219E0,-1.541875124E0
8.440487623E0,-8.374879509E-2,9.497411728E0,-1.706979871E0
8.442865279E0,-5.742774159E-2,9.466305733E0,-1.834098577E0
8.445242935E0,-1.674975827E-2,9.468698502E0,-1.958525300E0
8.447621373E0,-7.178467698E-3,9.495018959E0,-2.039881229E0
8.449999810E0,3.349951655E-2,9.483055115E0,-2.063809633E0
8.452377466E0,5.024927482E-2,9.454340935E0,-2.070987940E0
8.454755123E0,7.447660714E-2,9.442377090E0,-2.032702923E0
8.457133560E0,3.113660514E-1,9.332307816E0,-2.161915302E0
8.459511998E0,8.165507019E-2,9.334700584E0,-2.104487419E0
8.461889654E0,-2.440679073E-1,9.439984322E0,-1.874776483E0
8.464267310E0,-3.110669553E-1,9.497411728E0,-1.711765528E0
8.466645748E0,-2.249253243E-1,9.573982239E0,-1.592124343E0
8.469024185E0,-1.722832322E-1,9.597910881E0,-1.537089467E0
8.471401841E0,-1.268195957E-1,9.588339806E0,-1.515554070E0
8.473779498E0,-1.459621787E-1,9.600303650E0,-1.541875124E0
8.476157935E0,-1.483550072E-1,9.602696419E0,-1.577767372E0
8.478536373E0,-1.555334777E-1,9.629017830E0,-1.632802367E0
8.480914029E0,-1.387837082E-1,9.660123825E0,-1.685444474E0
8.483291685E0,-1.292124242E-1,9.662516594E0,-1.735693693E0
8.485670123E0,-1.172483116E-1,9.669695854E0,-1.795813441E0
8.488048560E0,-8.853443712E-2,9.684052467E0,-1.819741607E0
8.490426216E0,-8.614161611E-2,9.676874161E0,-1.843669891E0
8.492803873E0,-6.460621208E-2,9.691230774E0,-1.860419631E0
8.495182310E0,-5.024927482E-2,9.674481392E0,-1.884347796E0
8.497560748E0,-3.828516230E-2,9.688838005E0,-1.841277003E0
8.499938404E0,-5.503492057E-2,9.696016312E0,-1.848455548E0
8.502316060E0,-6.699903309E-2,9.684052467E0,-1.810170293E0
8.504694498E0,-7.896314561E-2,9.686445236E0,-1.817348838E0
8.507072935E0,-1.052841991E-1,9.688838005E0,-1.829312921E0
8.509450591E0,-1.292124242E-1,9.693623543E0,-1.817348838E0
8.511828248E0,-1.148554832E-1,9.691230774E0,-1.817348838E0
8.514206685E0,-1.531406492E-1,9.652945518E0,-1.831705689E0
8.516585123E0,-1.746760458E-1,9.667302132E0,-1.865205288E0
8.518962779E0,-1.890329868E-1,9.650552750E0,-1.865205288E0
8.521340435E0,-2.033899277E-1,9.662516594E0,-1.872383714E0
8.523718873E0,-1.866401732E-1,9.657731056E0,-1.858026743E0
8.526097310E0,-2.057827413E-1,9.686445236E0,-1.858026743E0
8.528474966E0,-2.081755698E-1,9.700801849E0,-1.865205288E0
8.530852623E0,-2.273181528E-1,9.703194618E0,-1.860419631E0
8.533231060E0,-2.225325108E-1,9.705587387E0,-1.867598057E0
8.535609498E0,-2.392822653E-1,9.712766647E0,-1.855633974E0
8.537987154E0,-2.297109663E-1,9.712766647E0,-1.841277003E0
8.540364810E0,-2.392822653E-1,9.731908798E0,-1.846062660E0
8.542743248E0,-2.656033039E-1,9.712766647E0,-1.795813441E0
8.545121685E0,-2.512463629E-1,9.736694336E0,-1.829312921E0
8.547499341E0,-2.273181528E-1,9.763015747E0,-1.814955950E0
8.549876998E0,-2.464607358E-1,9.736694336E0,-1.812563181E0
8.552255435E0,-2.416750938E-1,9.753444672E0,-1.791027784E0
8.554633873E0,-2.632105052E-1,9.743872643E0,-1.788634896E0
8.557011529E0,-2.560320199E-1,9.741479874E0,-1.822134495E0
8.559389185E0,-2.703889608E-1,9.736694336E0,-1.814955950E0
8.561767623E0,-2.512463629E-1,9.731908798E0,-1.814955950E0
8.564146060E0,-2.656033039E-1,9.705587387E0,-1.846062660E0
8.566523716E0,-2.608176768E-1,9.696016312E0,-1.850848317E0
8.568901373E0,-2.727817893E-1,9.674481392E0,-1.865205288E0
8.571279810E0,-2.751746178E-1,9.669695854E0,-1.862812400E0
8.573658248E0,-2.632105052E-1,9.662516594E0,-1.884347796E0
8.576035904E0,-2.751746178E-1,9.645767212E0,-1.865205288E0
8.578413560E0,-2.632105052E-1,9.640981674E0,-1.862812400E0
8.580791998E0,-2.584248483E-1,9.607481956E0,-1.838884234E0
8.583170435E0,-2.416750938E-1,9.617053032E0,-1.838884234E0
8.585548091E0,-2.536391914E-1,9.633803368E0,-1.822134495E0
8.587925748E0,-2.392822653E-1,9.626625061E0,-1.834098577E0
8.590304185E0,-2.416750938E-1,9.614660263E0,-1.819741607E0
8.592682623E0,-2.488535494E-1,9.619445801E0,-1.793420553E0
8.595060279E0,-2.321037948E-1,9.607481956E0,-1.805384636E0
8.597437935E0,-2.560320199E-1,9.629017830E0,-1.807777524E0
8.599816373E0,-2.632105052E-1,9.612267494E0,-1.800599098E0
8.602194810E0,-2.679961324E-1,9.655338287E0,-1.810170293E0
8.604572466E0,-2.656033039E-1,9.650552750E0,-1.802991867E0
8.606950123E0,-2.703889608E-1,9.664909363E0,-1.814955950E0
8.609328560E0,-2.919243574E-1,9.652945518E0,-1.822134495E0
8.611706998E0,-3.038884699E-1,9.660123825E0,-1.843669891E0
8.614084654E0,-2.871387303E-1,9.684052467E0,-1.838884234E0
8.616462310E0,-3.182454109E-1,9.681659698E0,-1.826920033E0
8.618840748E0,-3.493520916E-1,9.693623543E0,-1.862812400E0
8.621219185E0,-3.708875179E-1,9.700801849E0,-1.893919110E0
8.623596841E0,-3.756731451E-1,9.705587387E0,-1.869990945E0
8.625974498E0,-3.613162339E-1,9.712766647E0,-1.884347796E0
8.628352935E0,-3.756731451E-1,9.710372925E0,-1.860419631E0
8.630731373E0,-3.804588020E-1,9.707980156E0,-1.881955028E0
8.633109029E0,-3.924229145E-1,9.691230774E0,-1.865205288E0
8.635486685E0,-4.019941986E-1,9.700801849E0,-1.872383714E0
8.637865123E0,-3.900300860E-1,9.693623543E0,-1.841277003E0
8.640243560E0,-3.948157430E-1,9.724730492E0,-1.865205288E0
8.642621216E0,-3.900300860E-1,9.696016312E0,-1.843669891E0
8.644998873E0,-3.924229145E-1,9.688838005E0,-1.829312921E0
8.647377310E0,-3.876372576E-1,9.684052467E0,-1.800599098E0
8.649755748E0,-3.732803464E-1,9.681659698E0,-1.798206210E0
8.652133404E0,-3.804588020E-1,9.664909363E0,-1.771885157E0
8.654511060E0,-3.613162339E-1,9.681659698E0,-1.783849239E0
8.656889498E0,-3.445664644E-1,9.693623543E0,-1.752742529E0
8.659267935E0,-3.158525825E-1,9.676874161E0,-1.738086581E0
8.661645591E0,-2.895315289E-1,9.684052467E0,-1.728515267E0
8.664023248E0,-2.919243574E-1,9.681659698E0,-1.747956991E0
8.666401685E0,-2.632105052E-1,9.691230774E0,-1.747956991E0
8.668780123E0,-2.536391914E-1,9.722337723E0,-1.733300924E0
8.671157779E0,-2.225325108E-1,9.686445236E0,-1.723729610E0
8.673535435E0,-2.392822653E-1,9.688838005E0,-1.728515267E0
8.675913873E0,-2.464607358E-1,9.710372925E0,-1.759921074E0
8.678292310E0,-2.440679073E-1,9.710372925E0,-1.762313843E0
8.680669966E0,-2.201396823E-1,9.696016312E0,-1.759921074E0
8.683047623E0,-2.297109663E-1,9.705587387E0,-1.764706731E0
8.685426060E0,-2.129612118E-1,9.712766647E0,-1.791027784E0
8.687804498E0,-2.225325108E-1,9.712766647E0,-1.779063582E0
8.690182154E0,-2.105683982E-1,9.748658180E0,-1.807777524E0
8.692559810E0,-2.057827413E-1,9.731908798E0,-1.817348838E0
8.694938248E0,-2.273181528E-1,9.741479874E0,-1.831705689E0
8.697316685E0,-1.962114573E-1,9.753444672E0,-1.838884234E0
8.699694341E0,-2.249253243E-1,9.748658180E0,-1.853241086E0
8.702071998E0,-2.273181528E-1,9.741479874E0,-1.841277003E0
8.704450435E0,-1.938186288E-1,9.743872643E0,-1.869990945E0
8.706828873E0,-2.009970993E-1,9.746265411E0,-1.886740685E0
8.709206529E0,-1.866401732E-1,9.753444672E0,-1.886740685E0
8.711584185E0,-2.129612118E-1,9.736694336E0,-1.903490424E0
8.713962623E0,-1.770688742E-1,9.758230209E0,-1.898704767E0
8.716341060E0,-1.866401732E-1,9.782457352E0,-1.898704767E0
8.718718716E0,-1.818545163E-1,9.753444672E0,-1.920240164E0
8.721096373E0,-1.818545163E-1,9.753444672E0,-1.939382792E0
8.723474810E0,-1.914258152E-1,9.741479874E0,-1.913061738E0
8.725853248E0,-2.033899277E-1,9.746265411E0,-1.910668850E0
8.728230904E0,-2.105683982E-1,9.751050949E0,-1.905883193E0
8.730608560E0,-1.986042857E-1,9.743872643E0,-1.936989903E0
8.732986998E0,-2.297109663E-1,9.748658180E0,-1.922633052E0
8.735365435E0,-1.914258152E-1,9.743872643E0,-1.925025821E0
8.737743091E0,-2.105683982E-1,9.729516029E0,-1.932204247E0
8.740120748E0,-2.392822653E-1,9.734301567E0,-1.905883193E0
8.742499185E0,-2.344966233E-1,9.741479874E0,-1.898704767E0
8.744877623E0,-2.249253243E-1,9.712766647E0,-1.910668850E0
8.747255279E0,-2.249253243E-1,9.712766647E0,-1.908276081E0
8.749632935E0,-2.488535494E-1,9.739087105E0,-1.896311998E0
8.752011373E0,-2.656033039E-1,9.739087105E0,-1.917847395E0
8.754389810E0,-2.656033039E-1,9.739087105E0,-1.910668850E0
8.756767466E0,-2.656033039E-1,9.724730492E0,-1.917847395E0
8.759145123E0,-2.632105052E-1,9.736694336E0,-1.920240164E0
8.761523560E0,-2.632105052E-1,9.729516029E0,-1.901097536E0
8.763901998E0,-2.632105052E-1,9.751050949E0,-1.934597135E0
8.766279654E0,-2.943171859E-1,9.727123260E0,-1.915454507E0
8.768657310E0,-2.608176768E-1,9.727123260E0,-1.932204247E0
8.771035748E0,-2.632105052E-1,9.741479874E0,-1.939382792E0
8.773414185E0,-2.608176768E-1,9.736694336E0,-1.934597135E0
8.775791841E0,-2.656033039E-1,9.719944954E0,-1.927418590E0
8.778169498E0,-2.512463629E-1,9.731908798E0,-1.917847395E0
8.780547935E0,-2.225325108E-1,9.722337723E0,-1.917847395E0
8.782926373E0,-2.249253243E-1,9.731908798E0,-1.925025821E0
8.785304029E0,-2.153540403E-1,9.693623543E0,-1.896311998E0
8.787681685E0,-2.033899277E-1,9.696016312E0,-1.877169371E0
8.790060123E0,-1.674975902E-1,9.672088623E0,-1.869990945E0
8.792438560E0,-1.507478207E-1,9.684052467E0,-1.872383714E0
8.794816216E0,-1.555334777E-1,9.676874161E0,-1.836491346E0
8.797193873E0,-1.316052526E-1,9.633803368E0,-1.836491346E0
8.799572310E0,-1.004985496E-1,9.657731056E0,-1.791027784E0
8.801950748E0,-9.810572863E-2,9.621838570E0,-1.781456470E0
8.804328404E0,-8.374879509E-2,9.626625061E0,-1.767099500E0
8.806706060E0,-7.896314561E-2,9.617053032E0,-1.735693693E0
8.809084498E0,-5.264209956E-2,9.578767776E0,-1.714158297E0
8.811462935E0,-4.546362907E-2,9.547661781E0,-1.666301847E0
8.813840591E0,-4.546362907E-2,9.545269012E0,-1.673480392E0
8.816218248E0,-2.632104978E-2,9.533304214E0,-1.608874083E0
8.818596685E0,-2.632104978E-2,9.559625626E0,-1.594517231E0
8.820975123E0,-7.178467698E-3,9.518947601E0,-1.596910000E0
8.823352779E0,7.178467698E-3,9.540482521E0,-1.572981834E0
8.825730435E0,0.000000000E0,9.526125908E0,-1.556231976E0
8.828108873E0,-4.785645287E-3,9.516554832E0,-1.551446438E0
8.830487310E0,4.785645287E-3,9.530911446E0,-1.520339727E0
8.832864966E0,2.871387079E-2,9.511769295E0,-1.546660781E0
8.835242623E0,2.392822690E-2,9.523733139E0,-1.527518153E0
8.837621060E0,2.871387079E-2,9.533304214E0,-1.508375525E0
8.839999498E0,4.785645381E-2,9.538089752E0,-1.515554070E0
8.842377154E0,5.264209956E-2,9.550054550E0,-1.544267893E0
8.844754810E0,3.589234129E-2,9.557232857E0,-1.565803289E0
8.847133248E0,3.828516230E-2,9.564411163E0,-1.570588946E0
8.849511685E0,2.871387079E-2,9.578767776E0,-1.589731574E0
8.851889341E0,1.435693540E-2,9.602696419E0,-1.613659739E0
8.854266998E0,3.110669367E-2,9.600303650E0,-1.659123421E0
8.856645435E0,2.632104978E-2,9.626625061E0,-1.649552107E0
8.859023873E0,9.571290575E-3,9.648159981E0,-1.678265929E0
8.861401529E0,9.571290575E-3,9.657731056E0,-1.728515267E0
8.863779185E0,-2.871387079E-2,9.669695854E0,-1.750349760E0
8.866157623E0,-4.307080805E-2,9.703194618E0,-1.774278045E0
8.868536060E0,-7.417750359E-2,9.724730492E0,-1.802991867E0
8.870913716E0,-1.004985496E-1,9.743872643E0,-1.814955950E0
8.873291373E0,-1.172483116E-1,9.758230209E0,-1.865205288E0
8.875669810E0,-1.435693651E-1,9.792028427E0,-1.884347796E0
8.878048248E0,-1.603191197E-1,9.811170578E0,-1.884347796E0
8.880425904E0,-1.938186288E-1,9.835099220E0,-1.891526341E0
8.882803560E0,-2.105683982E-1,9.827920914E0,-1.891526341E0
8.885181998E0,-2.297109663E-1,9.844670296E0,-1.891526341E0
8.887560435E0,-2.512463629E-1,9.835099220E0,-1.874776483E0
8.889938091E0,-2.656033039E-1,9.825528145E0,-1.850848317E0
8.892315748E0,-2.512463629E-1,9.811170578E0,-1.834098577E0
8.894694185E0,-2.775674164E-1,9.803992271E0,-1.814955950E0
8.897072623E0,-2.895315289E-1,9.794421196E0,-1.810170293E0
8.899450279E0,-3.086741269E-1,9.784850121E0,-1.781456470E0
8.901827935E0,-2.967100143E-1,9.784850121E0,-1.730908036E0
8.904206373E0,-2.991028428E-1,9.784850121E0,-1.695015788E0
8.906584810E0,-2.871387303E-1,9.760622978E0,-1.692622900E0
8.908962466E0,-2.919243574E-1,9.731908798E0,-1.654337764E0
8.911340123E0,-2.632105052E-1,9.700801849E0,-1.642373681E0
8.913718560E0,-2.560320199E-1,9.676874161E0,-1.606481314E0
8.916096998E0,-2.416750938E-1,9.664909363E0,-1.572981834E0
8.918474654E0,-2.249253243E-1,9.621838570E0,-1.541875124E0
8.920852310E0,-1.914258152E-1,9.602696419E0,-1.489233017E0
8.923230748E0,-1.579262912E-1,9.597910881E0,-1.458126307E0
8.925609185E0,-1.387837082E-1,9.559625626E0,-1.424626827E0
8.927986841E0,-8.374879509E-2,9.538089752E0,-1.410269856E0
8.930364498E0,-3.828516230E-2,9.528518677E0,-1.381555915E0
8.932742935E0,-2.392822644E-3,9.514162064E0,-1.331306696E0
8.935121373E0,5.772684515E-2,9.533304214E0,-1.324128270E0
8.937499029E0,1.079761237E-1,9.499805450E0,-1.326521039E0
8.939876685E0,1.414756328E-1,9.516554832E0,-1.326521039E0
8.942255123E0,1.893320978E-1,9.516554832E0,-1.324128270E0
8.944633560E0,2.132603228E-1,9.547661781E0,-1.319342613E0
8.947011216E0,2.419741899E-1,9.559625626E0,-1.331306696E0
8.949388873E0,2.539383173E-1,9.550054550E0,-1.345663667E0
8.951767310E0,2.850449979E-1,9.564411163E0,-1.360020518E0
8.954145748E0,3.137588799E-1,9.585947037E0,-1.371984720E0
8.956523404E0,3.185445070E-1,9.602696419E0,-1.391127229E0
8.958901060E0,3.089732230E-1,9.595518112E0,-1.386341572E0
8.961279498E0,3.161516786E-1,9.593125343E0,-1.427019596E0
8.963657935E0,3.305086195E-1,9.609874725E0,-1.431805253E0
8.966035591E0,2.970091105E-1,9.597910881E0,-1.434198022E0
8.968413248E0,2.515454888E-1,9.597910881E0,-1.453340650E0
8.970791685E0,2.204387933E-1,9.590732574E0,-1.465304732E0
8.973170123E0,1.797607988E-1,9.597910881E0,-1.458126307E0
8.975547779E0,1.510469317E-1,9.607481956E0,-1.429412484E0
8.977925435E0,1.175474152E-1,9.626625061E0,-1.419841170E0
8.980303873E0,7.686942816E-2,9.633803368E0,-1.417448282E0
8.982682310E0,2.871387079E-2,9.662516594E0,-1.374377489E0
8.985059966E0,-4.785645287E-3,9.664909363E0,-1.379163146E0
8.987437623E0,-3.110669367E-2,9.696016312E0,-1.391127229E0
8.989816060E0,-6.460621208E-2,9.703194618E0,-1.362413406E0
8.992194498E0,-9.571290761E-2,9.710372925E0,-1.374377489E0
8.994572154E0,-1.196411327E-1,9.691230774E0,-1.391127229E0
8.996949810E0,-1.196411327E-1,9.712766647E0,-1.395912886E0
8.999328248E0,-1.579262912E-1,9.691230774E0,-1.434198022E0
9.001706685E0,-1.842473447E-1,9.717552185E0,-1.450947881E0
9.004084341E0,-1.938186288E-1,9.698409081E0,-1.460519075E0
9.006461998E0,-2.225325108E-1,9.705587387E0,-1.462911963E0
9.008840435E0,-2.177468538E-1,9.703194618E0,-1.472483277E0
9.011218873E0,-2.344966233E-1,9.722337723E0,-1.470090389E0
9.013596529E0,-2.488535494E-1,9.724730492E0,-1.474876046E0
9.015974185E0,-2.703889608E-1,9.705587387E0,-1.486840129E0
9.018352623E0,-2.871387303E-1,9.751050949E0,-1.465304732E0
9.020731060E0,-2.560320199E-1,9.767801285E0,-1.458126307E0
9.023108716E0,-3.014956415E-1,9.758230209E0,-1.446162224E0
9.025486373E0,-3.086741269E-1,9.772586823E0,-1.450947881E0
9.027864810E0,-3.182454109E-1,9.784850121E0,-1.446162224E0
9.030243248E0,-3.373879790E-1,9.808777809E0,-1.431805253E0
9.032620904E0,-3.469592929E-1,9.825528145E0,-1.465304732E0
9.034998560E0,-3.565305769E-1,9.851848602E0,-1.458126307E0
9.037376998E0,-3.852444589E-1,9.890133858E0,-1.501197100E0
9.039755435E0,-3.780659735E-1,9.930811882E0,-1.517946839E0
9.042133091E0,-3.972085714E-1,9.940383911E0,-1.570588946E0
9.044510748E0,-4.283152521E-1,9.969097137E0,-1.594517231E0
9.046889185E0,-4.498506486E-1,9.993025780E0,-1.630409479E0
9.049267623E0,-4.953143001E-1,9.997811317E0,-1.656730533E0
9.051645279E0,-5.099703074E-1,1.003609657E1,-1.730908036E0
9.054022935E0,-5.243272781E-1,1.004566765E1,-1.779063582E0
9.056401373E0,-5.889334679E-1,1.005284595E1,-1.788634896E0
9.058779810E0,-6.320042610E-1,1.005523872E1,-1.826920033E0
9.061157466E0,-6.774678826E-1,1.005284595E1,-1.893919110E0
9.063535123E0,-7.253243923E-1,1.001216793E1,-1.915454507E0
9.065913560E0,-7.444669604E-1,1.001456070E1,-1.953739643E0
9.068291998E0,-7.348956466E-1,1.003848934E1,-1.992024899E0
9.070669654E0,-7.540382147E-1,1.001934624E1,-1.992024899E0
9.073047310E0,-8.114659786E-1,9.997811317E0,-2.006381750E0
9.075425279E0,-8.401798606E-1,9.959526062E0,-2.030309916E0
9.077803143E0,-8.473583460E-1,9.918848038E0,-2.030309916E0
9.080181008E0,-7.995018363E-1,9.949954987E0,-2.061416626E0
9.082558873E0,-7.971090674E-1,9.954740524E0,-2.047059774E0
9.084936737E0,-7.827520967E-1,9.935597420E0,-2.051845312E0
9.087314602E0,-7.875377536E-1,9.933204651E0,-2.037488461E0
9.089692466E0,-7.875377536E-1,9.916455269E0,-2.015953064E0
9.092070331E0,-7.803592682E-1,9.885348320E0,-2.032702923E0
9.094448195E0,-7.516453862E-1,9.856635094E0,-2.025524378E0
9.096826060E0,-7.612167001E-1,9.842277527E0,-1.992024899E0
9.099203925E0,-7.468597889E-1,9.796813965E0,-1.960918188E0
9.101582883E0,-6.942176819E-1,9.839884758E0,-1.960918188E0
9.103962310E0,-6.726822853E-1,9.818349838E0,-1.922633052E0
9.106340748E0,-6.798607111E-1,9.801599503E0,-1.913061738E0
9.108718404E0,-6.942176819E-1,9.784850121E0,-1.915454507E0
9.111096060E0,-6.774678826E-1,9.758230209E0,-1.886740685E0
9.113474498E0,-6.774678826E-1,9.748658180E0,-1.874776483E0
9.115852935E0,-6.798607111E-1,9.727123260E0,-1.850848317E0
9.118230591E0,-6.918248534E-1,9.686445236E0,-1.824527264E0
9.120608248E0,-6.367899179E-1,9.703194618E0,-1.846062660E0
9.122986685E0,-5.961119533E-1,9.751050949E0,-1.848455548E0
9.125365123E0,-5.913262963E-1,9.748658180E0,-1.834098577E0
9.127742779E0,-5.985047817E-1,9.719944954E0,-1.824527264E0
9.130120435E0,-6.056832075E-1,9.693623543E0,-1.826920033E0
9.132498873E0,-6.104688644E-1,9.693623543E0,-1.817348838E0
9.134877310E0,-5.721837282E-1,9.679266930E0,-1.841277003E0
9.137254966E0,-5.506483316E-1,9.655338287E0,-1.855633974E0
9.139632623E0,-5.506483316E-1,9.640981674E0,-1.858026743E0
9.142011060E0,-5.530411601E-1,9.629017830E0,-1.850848317E0
9.144389498E0,-5.458626747E-1,9.609874725E0,-1.884347796E0
9.146767154E0,-5.410770178E-1,9.607481956E0,-1.877169371E0
9.149144810E0,-5.267201066E-1,9.590732574E0,-1.901097536E0
9.151523248E0,-5.243272781E-1,9.588339806E0,-1.891526341E0
9.153901685E0,-5.147559643E-1,9.588339806E0,-1.929811478E0
9.156279341E0,-5.171487927E-1,9.600303650E0,-1.956132531E0
9.158656998E0,-5.147559643E-1,9.607481956E0,-1.960918188E0
9.161035435E0,-5.291129351E-1,9.614660263E0,-1.992024899E0
9.163413873E0,-5.482555032E-1,9.614660263E0,-2.044667006E0
9.165791529E0,-5.458626747E-1,9.600303650E0,-2.056631088E0
9.168169185E0,-5.602195859E-1,9.605089188E0,-2.087737799E0
9.170547623E0,-5.841478109E-1,9.600303650E0,-2.090130568E0
9.172926060E0,-5.937191248E-1,9.578767776E0,-2.082952023E0
9.175303716E0,-5.961119533E-1,9.533304214E0,-2.090130568E0
9.177681373E0,-6.032904387E-1,9.523733139E0,-2.063809633E0
9.180059810E0,-5.817549825E-1,9.471091270E0,-2.008774519E0
9.182438248E0,-5.721837282E-1,9.432806015E0,-1.996810555E0
9.184815904E0,-5.626124144E-1,9.396913528E0,-1.932204247E0
9.187193560E0,-5.386841893E-1,9.344271660E0,-1.872383714E0
9.189571998E0,-5.075774789E-1,9.308379173E0,-1.819741607E0
9.191950435E0,-4.498506486E-1,9.277272224E0,-1.759921074E0
9.194328091E0,-4.115654826E-1,9.258130074E0,-1.685444474E0
9.196705748E0,-3.493520916E-1,9.222237587E0,-1.637588024E0
9.199084185E0,-3.134597540E-1,9.229415894E0,-1.570588946E0
9.201462623E0,-2.488535494E-1,9.207581520E0,-1.505982757E0
9.203840279E0,-1.794617027E-1,9.207581520E0,-1.438983679E0
9.206217935E0,-1.387837082E-1,9.181260109E0,-1.383948803E0
9.208596373E0,-8.614161611E-2,9.209974289E0,-1.312164068E0
9.210974810E0,-3.349951655E-2,9.190832138E0,-1.324128270E0
9.213352466E0,4.785645287E-3,9.229415894E0,-1.259521961E0
9.215730123E0,5.024927482E-2,9.231808662E0,-1.261914849E0
9.218108560E0,7.686942816E-2,9.265308380E0,-1.218844056E0
9.220486945E0,9.601201117E-2,9.301200867E0,-1.221236825E0
9.222864602E0,1.199402362E-1,9.351449966E0,-1.199701428E0
9.225242310E0,1.295115203E-1,9.399306297E0,-1.214058399E0
9.227620748E0,1.247258782E-1,9.461520195E0,-1.206879973E0
9.229999133E0,1.558325738E-1,9.521340370E0,-1.197308660E0
9.232376789E0,1.558325738E-1,9.588339806E0,-1.214058399E0
9.234754498E0,1.582254022E-1,9.640981674E0,-1.218844056E0
9.237132935E0,1.534397453E-1,9.674481392E0,-1.230808139E0
9.239511320E0,1.295115203E-1,9.734301567E0,-1.223629713E0
9.241888977E0,1.223330572E-1,9.727123260E0,-1.233201027E0
9.244266685E0,9.361918271E-2,9.741479874E0,-1.216451168E0
9.246645123E0,6.251249462E-2,9.755837440E0,-1.259521961E0
9.249023508E0,4.067798331E-2,9.763015747E0,-1.259521961E0
9.251401164E0,4.785645287E-3,9.746265411E0,-1.276271820E0
9.253778873E0,-1.914258115E-2,9.741479874E0,-1.271486163E0
9.256157310E0,-5.264209956E-2,9.727123260E0,-1.266700506E0
9.258535695E0,-8.614161611E-2,9.724730492E0,-1.252343535E0
9.260913352E0,-1.292124242E-1,9.705587387E0,-1.252343535E0
9.263291060E0,-1.651047617E-1,9.672088623E0,-1.249950767E0
9.265669498E0,-1.818545163E-1,9.657731056E0,-1.276271820E0
9.268047883E0,-2.057827413E-1,9.650552750E0,-1.261914849E0
9.270425539E0,-2.536391914E-1,9.640981674E0,-1.288235903E0
9.272803248E0,-2.799602449E-1,9.619445801E0,-1.278664589E0
9.275181685E0,-3.110669553E-1,9.621838570E0,-1.293021560E0
9.277560070E0,-3.541377485E-1,9.602696419E0,-1.302592874E0
9.279937727E0,-3.732803464E-1,9.609874725E0,-1.319342613E0
9.282315435E0,-4.354937077E-1,9.631410599E0,-1.345663667E0
9.284693873E0,-4.570291340E-1,9.662516594E0,-1.386341572E0
9.287072258E0,-4.977070987E-1,9.664909363E0,-1.395912886E0
9.289449914E0,-5.291129351E-1,9.696016312E0,-1.407876968E0
9.291827623E0,-5.673980713E-1,9.712766647E0,-1.448554993E0
9.294206060E0,-6.176473498E-1,9.724730492E0,-1.465304732E0
9.296584445E0,-6.320042610E-1,9.739087105E0,-1.491625786E0
9.298962102E0,-6.678966284E-1,9.765408516E0,-1.522732496E0
9.301339758E0,-7.109674215E-1,9.780064583E0,-1.529910922E0
9.303718195E0,-7.420741320E-1,9.806385040E0,-1.572981834E0
9.306096633E0,-7.707880139E-1,9.863813400E0,-1.580160260E0
9.308474289E0,-8.018946648E-1,9.882955551E0,-1.608874083E0
9.310851998E0,-8.162516356E-1,9.916455269E0,-1.666301847E0
9.313230435E0,-8.545367718E-1,9.952347755E0,-1.671087503E0
9.315608820E0,-8.760721684E-1,9.981060982E0,-1.709372640E0
9.317986477E0,-8.928219676E-1,1.001934624E1,-1.747956991E0
9.320364133E0,-9.167501926E-1,1.003131104E1,-1.769492388E0
9.322742570E0,-9.909276962E-1,9.976275444E0,-1.826920033E0
9.325121008E0,-9.957132936E-1,1.003848934E1,-1.831705689E0
9.327498664E0,-9.813563824E-1,1.010309505E1,-1.941775560E0
9.329876320E0,-9.047860503E-1,1.018923664E1,-1.951346874E0
9.332254758E0,-9.526425004E-1,1.017488003E1,-1.925025821E0
9.334633195E0,-1.036391258E0,1.011027431E1,-1.939382792E0
9.337010852E0,-1.108475089E0,1.008873844E1,-1.970489502E0
9.339388508E0,-1.082154036E0,1.017488003E1,-2.042274237E0
9.341766945E0,-1.091725349E0,1.018445110E1,-2.063809633E0
9.344145383E0,-1.141974568E0,1.015573788E1,-2.068595171E0
9.346523039E0,-1.177866936E0,1.023230743E1,-2.123630047E0
9.348900695E0,-1.153938770E0,1.029212856E1,-2.212164640E0
9.351279133E0,-1.201795220E0,1.027777100E1,-2.236092806E0
9.353657570E0,-1.261615753E0,1.028495026E1,-2.255235434E0
9.356035227E0,-1.266401410E0,1.028734303E1,-2.264806747E0
9.358412883E0,-1.297508121E0,1.026819992E1,-2.276770830E0
9.360791320E0,-1.273579836E0,1.024666500E1,-2.248056889E0
9.363169758E0,-1.290329576E0,1.017727280E1,-2.185843468E0
9.365547414E0,-1.213759303E0,1.015813065E1,-2.142772675E0
9.367925070E0,-1.197009563E0,1.010788059E1,-2.102094650E0
9.370303508E0,-1.156331539E0,1.000738239E1,-2.008774519E0
9.372681945E0,-1.120439172E0,9.914062500E0,-1.913061738E0
9.375059602E0,-1.057926655E0,9.796813965E0,-1.843669891E0
9.377437258E0,-9.789635539E-1,9.719944954E0,-1.740479350E0
9.379815695E0,-8.928219676E-1,9.636196136E0,-1.666301847E0
9.382194133E0,-8.090731502E-1,9.523733139E0,-1.575374603E0
9.384571789E0,-7.085745931E-1,9.428020477E0,-1.498804331E0
9.386949445E0,-6.008976102E-1,9.341878891E0,-1.403091431E0
9.389327883E0,-5.075774789E-1,9.258130074E0,-1.343270779E0
9.391706320E0,-4.450650215E-1,9.202795982E0,-1.252343535E0
9.394083977E0,-3.493520916E-1,9.133403778E0,-1.187737346E0
9.396461633E0,-2.608176768E-1,9.104690552E0,-1.137188911E0
9.398840070E0,-1.818545163E-1,9.042476654E0,-1.070189953E0
9.401218508E0,-1.028913707E-1,9.040083885E0,-1.039083242E0
9.403596164E0,-3.349951655E-2,9.047262192E0,-1.022333503E0
9.405973820E0,4.067798331E-2,9.075976372E0,-9.936196208E-1
9.408352258E0,7.926224917E-2,9.085547447E0,-9.864411354E-1
9.410730695E0,1.151545867E-1,9.104690552E0,-9.816554785E-1
9.413108352E0,1.630110443E-1,9.174081802E0,-1.019940615E0
9.415486008E0,1.821536273E-1,9.219844818E0,-1.039083242E0
9.417864445E0,1.582254022E-1,9.270093918E0,-1.103689432E0
9.420242883E0,1.797607988E-1,9.310771942E0,-1.165902853E0
9.422620539E0,1.510469317E-1,9.351449966E0,-1.211665511E0
9.424998195E0,1.414756328E-1,9.382556915E0,-1.288235903E0
9.427376633E0,1.151545867E-1,9.432806015E0,-1.295414329E0
9.429755070E0,7.926224917E-2,9.483055115E0,-1.369591832E0
9.432132727E0,3.828516230E-2,9.516554832E0,-1.438983679E0
9.434510383E0,-1.914258115E-2,9.559625626E0,-1.474876046E0
9.436888820E0,-4.307080805E-2,9.612267494E0,-1.498804331E0
9.439267258E0,-8.135596663E-2,9.640981674E0,-1.529910922E0
9.441644914E0,-1.387837082E-1,9.719944954E0,-1.546660781E0
9.444022570E0,-1.603191197E-1,9.746265411E0,-1.575374603E0
9.446401008E0,-1.914258152E-1,9.767801285E0,-1.604088426E0
9.448779445E0,-2.464607358E-1,9.780064583E0,-1.637588024E0
9.451157102E0,-2.919243574E-1,9.815957069E0,-1.678265929E0
9.453534758E0,-3.397808075E-1,9.830313683E0,-1.718943954E0
9.455913195E0,-4.331009090E-1,9.847063065E0,-1.723729610E0
9.458291633E0,-5.099703074E-1,9.880562782E0,-1.752742529E0
9.460669289E0,-5.769693851E-1,9.885348320E0,-1.745265007E0
9.463046945E0,-6.152545214E-1,9.875777245E0,-1.735693693E0
9.465425383E0,-7.109674215E-1,9.868598938E0,-1.730908036E0
9.467803820E0,-7.636095285E-1,9.875777245E0,-1.721336842E0
9.470181477E0,-8.162516356E-1,9.887741089E0,-1.740479350E0
9.472559133E0,-8.760721684E-1,9.866206169E0,-1.742872238E0
9.474937570E0,-9.143573642E-1,9.887741089E0,-1.723729610E0
9.477316008E0,-9.622138143E-1,9.887741089E0,-1.738086581E0
9.479693664E0,-1.005284667E0,9.902098656E0,-1.752742529E0
9.482071320E0,-1.048355460E0,9.918848038E0,-1.788634896E0
9.484449758E0,-1.101296663E0,9.921240807E0,-1.800599098E0
9.486828195E0,-1.115653515E0,9.959526062E0,-1.814955950E0
9.489205852E0,-1.149153113E0,9.949954987E0,-1.846062660E0
9.491583508E0,-1.175474167E0,9.947562218E0,-1.867598057E0
9.493961945E0,-1.197009563E0,9.973882675E0,-1.889133453E0
9.496340383E0,-1.228116274E0,1.000977516E1,-1.910668850E0
9.498718039E0,-1.211366415E0,1.000977516E1,-1.917847395E0
9.501095695E0,-1.230509043E0,1.002173901E1,-1.946561217E0
9.503474133E0,-1.237687469E0,1.003131104E1,-1.992024899E0
9.505852570E0,-1.242473125E0,1.003370380E1,-1.992024899E0
9.508230227E0,-1.223330617E0,1.003609657E1,-2.006381750E0
9.510607883E0,-1.204187989E0,1.001216793E1,-2.037488461E0
9.512986320E0,-1.173081279E0,9.983454704E0,-2.018345833E0
9.515364758E0,-1.153938770E0,9.964311600E0,-2.027917147E0
9.517742414E0,-1.130010486E0,9.947562218E0,-2.032702923E0
9.520120070E0,-1.108475089E0,9.904491425E0,-2.042274237E0
9.522498508E0,-1.065105200E0,9.875777245E0,-2.037488461E0
9.524876945E0,-1.031605721E0,9.849455833E0,-2.042274237E0
9.527254602E0,-1.005284667E0,9.842277527E0,-2.054238319E0
9.529632258E0,-9.669994712E-1,9.830313683E0,-2.075773716E0
9.532010695E0,-9.215358496E-1,9.825528145E0,-2.102094650E0
9.534389133E0,-8.832506537E-1,9.801599503E0,-2.087737799E0
9.536766789E0,-8.688937426E-1,9.755837440E0,-2.090130568E0
9.539144445E0,-8.210372925E-1,9.731908798E0,-2.094916344E0
9.541522883E0,-8.162516356E-1,9.712766647E0,-2.030309916E0
9.543901320E0,-7.923234105E-1,9.652945518E0,-2.013560295E0
9.546278977E0,-7.444669604E-1,9.590732574E0,-1.977667928E0
9.548656633E0,-7.277171612E-1,9.538089752E0,-1.920240164E0
9.551035070E0,-6.822535396E-1,9.473484039E0,-1.855633974E0
9.553413508E0,-6.272186637E-1,9.396913528E0,-1.771885157E0
9.555791164E0,-5.841478109E-1,9.339486122E0,-1.690230131E0
9.558168820E0,-5.338985324E-1,9.262915611E0,-1.608874083E0
9.560547258E0,-4.689932466E-1,9.195617676E0,-1.544267893E0
9.562925695E0,-4.211367965E-1,9.131011009E0,-1.467697620E0
9.565303352E0,-3.613162339E-1,9.104690552E0,-1.400698543E0
9.567681008E0,-3.038884699E-1,9.066405296E0,-1.324128270E0
9.570059445E0,-2.440679073E-1,9.028120041E0,-1.297807217E0
9.572437883E0,-2.057827413E-1,9.020941734E0,-1.247557878E0
9.574815539E0,-1.435693651E-1,9.040083885E0,-1.192523003E0
9.577193195E0,-9.810572863E-2,9.083154678E0,-1.182652593E0
9.579571633E0,-3.110669367E-2,9.092725754E0,-1.170688510E0
9.581950070E0,1.914258115E-2,9.131011009E0,-1.144367456E0
9.584327727E0,5.503492057E-2,9.183652878E0,-1.170688510E0
9.586705383E0,9.361918271E-2,9.243772507E0,-1.192523003E0
9.589083820E0,1.319043487E-1,9.294022560E0,-1.204487085E0
9.591462258E0,1.414756328E-1,9.346664429E0,-1.226022482E0
9.593839914E0,1.773679852E-1,9.430413246E0,-1.261914849E0
9.596217570E0,2.012962103E-1,9.471091270E0,-1.293021560E0
9.598596008E0,1.965105534E-1,9.509376526E0,-1.316949725E0
9.600974445E0,1.677966863E-1,9.578767776E0,-1.374377489E0
9.603352102E0,1.510469317E-1,9.602696419E0,-1.398305774E0
9.605729758E0,1.247258782E-1,9.657731056E0,-1.417448282E0
9.608108195E0,8.165507019E-2,9.705587387E0,-1.467697620E0
9.610486633E0,6.011966988E-2,9.731908798E0,-1.472483277E0
9.612864289E0,2.392822690E-2,9.767801285E0,-1.484447360E0
9.615241945E0,-2.632104978E-2,9.770194054E0,-1.477268934E0
9.617620383E0,-6.221338734E-2,9.789635658E0,-1.489233017E0
9.619998820E0,-1.507478207E-1,9.792028427E0,-1.508375525E0
9.622376477E0,-2.392822653E-1,9.808777809E0,-1.541875124E0
9.624754133E0,-3.038884699E-1,9.782457352E0,-1.539482236E0
9.627132570E0,-4.019941986E-1,9.784850121E0,-1.549053550E0
9.629511008E0,-4.642075896E-1,9.806385040E0,-1.544267893E0
9.631888664E0,-5.530411601E-1,9.820742607E0,-1.541875124E0
9.634266320E0,-6.272186637E-1,9.837491989E0,-1.582553029E0
9.636644758E0,-7.037889361E-1,9.849455833E0,-1.582553029E0
9.639023195E0,-7.875377536E-1,9.861420631E0,-1.587338686E0
9.641400852E0,-8.473583460E-1,9.866206169E0,-1.577767372E0
9.643778508E0,-9.334999323E-1,9.873384476E0,-1.584945917E0
9.646156945E0,-9.669994712E-1,9.859027863E0,-1.601695657E0
9.648535383E0,-1.005284667E0,9.847063065E0,-1.628016710E0
9.650913039E0,-1.043569803E0,9.878170013E0,-1.625623941E0
9.653290695E0,-1.079761267E0,9.835099220E0,-1.635195136E0
9.655669133E0,-1.106082320E0,9.830313683E0,-1.654337764E0
9.658047570E0,-1.091725349E0,9.808777809E0,-1.668694735E0
9.660425227E0,-1.115653515E0,9.792028427E0,-1.687837243E0
9.662802883E0,-1.132403374E0,9.801599503E0,-1.711765528E0
9.665181320E0,-1.146760225E0,9.780064583E0,-1.735693693E0
9.667559758E0,-1.139581800E0,9.787242889E0,-1.762313843E0
9.669937414E0,-1.132403374E0,9.770194054E0,-1.762313843E0
9.672315070E0,-1.122832060E0,9.775279045E0,-1.831705689E0
9.674693508E0,-1.146760225E0,9.789635658E0,-1.848455548E0
9.677071945E0,-1.149153113E0,9.789635658E0,-1.867598057E0
9.679449602E0,-1.137188911E0,9.787242889E0,-1.874776483E0
9.681827258E0,-1.158724308E0,9.806385040E0,-1.927418590E0
9.684205695E0,-1.141974568E0,9.825528145E0,-1.922633052E0
9.686584081E0,-1.158724308E0,9.799206734E0,-1.936989903E0
9.688961737E0,-1.197009563E0,9.818349838E0,-1.944168448E0
9.691339445E0,-1.182652593E0,9.835099220E0,-1.970489502E0
9.693717883E0,-1.189831018E0,9.849455833E0,-1.992024899E0
9.696096320E0,-1.187438250E0,9.854242325E0,-2.013560295E0
9.698473977E0,-1.211366415E0,9.861420631E0,-1.987239242E0
9.700851633E0,-1.240080357E0,9.851848602E0,-2.037488461E0
9.703230070E0,-1.232901812E0,9.847063065E0,-2.061416626E0
9.705608508E0,-1.254437327E0,9.854242325E0,-2.066202402E0
9.707986164E0,-1.213759303E0,9.844670296E0,-2.070987940E0
9.710363820E0,-1.173081279E0,9.859027863E0,-2.068595171E0
9.712742258E0,-1.115653515E0,9.885348320E0,-2.061416626E0
9.715120695E0,-1.072582722E0,9.837491989E0,-2.085345030E0
9.717498352E0,-1.062712312E0,9.870991707E0,-2.109273195E0
9.719876008E0,-1.074975610E0,9.863813400E0,-2.142772675E0
9.722254445E0,-1.082154036E0,9.866206169E0,-2.159522533E0
9.724632831E0,-1.072582722E0,9.866206169E0,-2.154736757E0
9.727010487E0,-1.072582722E0,9.849455833E0,-2.140379906E0
9.729388195E0,-1.048355460E0,9.844670296E0,-2.128415823E0
9.731766633E0,-1.033998489E0,9.830313683E0,-2.130808592E0
9.734145018E0,-1.029212832E0,9.813564301E0,-2.097309113E0
9.736522675E0,-1.022034407E0,9.760622978E0,-2.099701881E0
9.738900383E0,-9.909276962E-1,9.707980156E0,-2.032702923E0
9.741278820E0,-9.598209858E-1,9.657731056E0,-1.987239242E0
9.743657206E0,-9.191430211E-1,9.569196701E0,-1.922633052E0
9.746034862E0,-8.641080856E-1,9.523733139E0,-1.848455548E0
9.748412570E0,-8.138588071E-1,9.423234940E0,-1.800599098E0
9.750791008E0,-7.516453862E-1,9.377771378E0,-1.735693693E0
9.753169393E0,-6.678966284E-1,9.315557480E0,-1.673480392E0
9.755547050E0,-6.080760360E-1,9.255737305E0,-1.625623941E0
9.757924758E0,-5.578267574E-1,9.198010445E0,-1.546660781E0
9.760303195E0,-4.594219327E-1,9.152546883E0,-1.479661703E0
9.762681581E0,-4.426721931E-1,9.140582085E0,-1.424626827E0
9.765059237E0,-3.972085714E-1,9.123832703E0,-1.391127229E0
9.767436945E0,-3.326023519E-1,9.131011009E0,-1.362413406E0
9.769815383E0,-2.895315289E-1,9.140582085E0,-1.316949725E0
9.772193768E0,-2.464607358E-1,9.174081802E0,-1.304985642E0
9.774571425E0,-1.842473447E-1,9.188439369E0,-1.271486163E0
9.776949081E0,-1.555334777E-1,9.222237587E0,-1.247557878E0
9.779327518E0,-1.076770201E-1,9.270093918E0,-1.235593796E0
9.781705956E0,-9.092725813E-2,9.291629791E0,-1.223629713E0
9.784083612E0,-2.392822690E-2,9.298808098E0,-1.237986565E0
9.786461320E0,1.435693540E-2,9.353842735E0,-1.249950767E0
9.788839758E0,1.674975827E-2,9.389735222E0,-1.264307618E0
9.791218143E0,1.914258115E-2,9.406484604E0,-1.242772222E0
9.793595800E0,2.153540403E-2,9.447162628E0,-1.285843015E0
9.795973456E0,2.153540403E-2,9.502198219E0,-1.290628672E0
9.798351893E0,1.914258115E-2,9.521340370E0,-1.295414329E0
9.800730331E0,-3.110669367E-2,9.545269012E0,-1.357627749E0
9.803107987E0,-1.196411327E-1,9.573982239E0,-1.438983679E0
9.805485643E0,-2.009970993E-1,9.583553314E0,-1.462911963E0
9.807864081E0,-2.344966233E-1,9.621838570E0,-1.441376567E0
9.810242518E0,-2.727817893E-1,9.645767212E0,-1.429412484E0
9.812620175E0,-2.895315289E-1,9.662516594E0,-1.383948803E0
9.814997831E0,-3.397808075E-1,9.691230774E0,-1.422233939E0
9.817376268E0,-3.756731451E-1,9.719944954E0,-1.446162224E0
9.819754706E0,-4.235295951E-1,9.746265411E0,-1.474876046E0
9.822132362E0,-5.024927258E-1,9.792028427E0,-1.558624864E0
9.824510018E0,-6.224330068E-1,9.837491989E0,-1.625623941E0
9.826888456E0,-7.253243923E-1,9.873384476E0,-1.668694735E0
9.829266893E0,-8.306085467E-1,9.916455269E0,-1.721336842E0
9.831644550E0,-9.334999323E-1,9.969097137E0,-1.779063582E0
9.834022206E0,-1.014855862E0,9.983454704E0,-1.774278045E0
9.836400643E0,-1.070189953E0,1.001695347E1,-1.788634896E0
9.838779081E0,-1.110867858E0,1.005284595E1,-1.802991867E0
9.841156737E0,-1.149153113E0,1.005045319E1,-1.810170293E0
9.843534393E0,-1.156331539E0,1.006720352E1,-1.824527264E0
9.845912831E0,-1.199402332E0,1.007677460E1,-1.843669891E0
9.848291268E0,-1.242473125E0,1.007438183E1,-1.891526341E0
9.850668925E0,-1.278365493E0,1.009352398E1,-1.901097536E0
9.853046581E0,-1.295115232E0,1.011745262E1,-1.932204247E0
9.855425018E0,-1.340578914E0,1.010070229E1,-1.958525300E0
9.857803456E0,-1.371685624E0,1.013420200E1,-1.977667928E0
9.860181112E0,-1.400399446E0,1.015095139E1,-1.994417667E0
9.862558768E0,-1.426720500E0,1.016291618E1,-2.015953064E0
9.864937206E0,-1.455434322E0,1.018684387E1,-2.006381750E0
9.867315643E0,-1.448255897E0,1.021316528E1,-2.035095692E0
9.869693300E0,-1.448255897E0,1.022034359E1,-2.035095692E0
9.872070956E0,-1.453041553E0,1.022273636E1,-2.044667006E0
9.874449393E0,-1.426720500E0,1.024187946E1,-2.087737799E0
9.876827831E0,-1.393221021E0,1.025145054E1,-2.106880426E0
9.879205487E0,-1.352542996E0,1.022512913E1,-2.102094650E0
9.881583143E0,-1.285543919E0,1.017727280E1,-2.133201361E0
9.883961581E0,-1.254437327E0,1.014855862E1,-2.152343988E0
9.886340018E0,-1.170688510E0,1.010788059E1,-2.169093609E0
9.888717675E0,-1.118046403E0,1.006480980E1,-2.178664923E0
9.891095331E0,-1.060319543E0,1.001695347E1,-2.183450699E0
9.893473768E0,-1.005284667E0,9.935597420E0,-2.207378864E0
9.895852206E0,-9.239286184E-1,9.902098656E0,-2.200200319E0
9.898229862E0,-8.665009141E-1,9.847063065E0,-2.181057930E0
9.900607518E0,-7.947162390E-1,9.787242889E0,-2.176272154E0
9.902985956E0,-7.181459069E-1,9.753444672E0,-2.166700840E0
9.905364393E0,-6.631109715E-1,9.700801849E0,-2.157129526E0
9.907742050E0,-5.889334679E-1,9.652945518E0,-2.145165443E0
9.910119706E0,-5.315057039E-1,9.626625061E0,-2.128415823E0
9.912498143E0,-4.929214716E-1,9.612267494E0,-2.097309113E0
9.914876581E0,-4.163511395E-1,9.590732574E0,-2.032702923E0
9.917254237E0,-4.139583111E-1,9.569196701E0,-2.044667006E0
9.919631893E0,-3.661018610E-1,9.538089752E0,-2.020738840E0
9.922010331E0,-3.110669553E-1,9.490233421E0,-1.977667928E0
9.924388768E0,-3.134597540E-1,9.502198219E0,-1.956132531E0
9.926766425E0,-2.847459018E-1,9.492626190E0,-1.941775560E0
9.929144081E0,-2.560320199E-1,9.499805450E0,-1.898704767E0
9.931522518E0,-2.249253243E-1,9.463912964E0,-1.886740685E0
9.933900956E0,-2.081755698E-1,9.495018959E0,-1.879562140E0
9.936278612E0,-2.201396823E-1,9.490233421E0,-1.881955028E0
9.938656268E0,-2.392822653E-1,9.480662346E0,-1.877169371E0
9.941034706E0,-2.368894368E-1,9.466305733E0,-1.925025821E0
9.943413143E0,-2.536391914E-1,9.497411728E0,-1.929811478E0
9.945790800E0,-2.919243574E-1,9.490233421E0,-1.948953986E0
9.948168456E0,-3.134597540E-1,9.495018959E0,-1.939382792E0
9.950546893E0,-3.302095234E-1,9.511769295E0,-1.951346874E0
9.952925331E0,-3.565305769E-1,9.516554832E0,-1.965703845E0
9.955302987E0,-3.565305769E-1,9.506983757E0,-1.984846354E0
9.957680643E0,-3.780659735E-1,9.528518677E0,-1.972882271E0
9.960059081E0,-3.972085714E-1,9.497411728E0,-1.987239242E0
9.962437518E0,-4.067798555E-1,9.516554832E0,-1.953739643E0
9.964815175E0,-4.235295951E-1,9.483055115E0,-1.960918188E0
9.967192831E0,-4.115654826E-1,9.461520195E0,-1.925025821E0
9.969571268E0,-3.828516304E-1,9.430413246E0,-1.874776483E0
9.971949706E0,-3.684946895E-1,9.418449402E0,-1.805384636E0
9.974327362E0,-3.373879790E-1,9.384949684E0,-1.752742529E0
9.976705018E0,-3.182454109E-1,9.320343018E0,-1.680658817E0
9.979083456E0,-2.775674164E-1,9.303593636E0,-1.589731574E0
9.981461893E0,-2.344966233E-1,9.301200867E0,-1.510768414E0
9.983839550E0,-1.770688742E-1,9.274879456E0,-1.438983679E0
9.986217206E0,-1.292124242E-1,9.274879456E0,-1.355234981E0
9.988595643E0,-1.124626622E-1,9.272486687E0,-1.304985642E0
9.990974081E0,-5.503492057E-2,9.282057762E0,-1.233201027E0
9.993351737E0,-1.196411345E-2,9.291629791E0,-1.182652593E0
9.995729393E0,3.110669367E-2,9.313164711E0,-1.120439172E0
9.998107831E0,3.589234129E-2,9.325128555E0,-1.077368379E0
1.000048627E1,5.503492057E-2,9.308379173E0,-1.043868899E0
1.000286392E1,6.729813665E-2,9.332307816E0,-1.012762189E0
1.000524158E1,7.926224917E-2,9.356235504E0,-1.003190875E0
1.000762002E1,8.644071966E-2,9.356235504E0,-9.888339639E-1
1.000999846E1,1.079761237E-1,9.382556915E0,-9.912267923E-1
1.001237611E1,1.103689447E-1,9.384949684E0,-9.816554785E-1
1.001475377E1,1.151545867E-1,9.377771378E0,-9.864411354E-1
1.001713221E1,7.686942816E-2,9.384949684E0,-1.022333503E0
1.001951064E1,7.926224917E-2,9.401699066E0,-1.043868899E0
1.002188830E1,2.153540403E-2,9.404091835E0,-1.084546804E0
1.002426596E1,-4.785645287E-3,9.418449402E0,-1.137188911E0
1.002664439E1,-4.785645381E-2,9.416056633E0,-1.199701428E0
1.002902283E1,-1.172483116E-1,9.459127426E0,-1.252343535E0
1.003140049E1,-1.459621787E-1,9.461520195E0,-1.285843015E0
1.003377814E1,-2.057827413E-1,9.471091270E0,-1.374377489E0
1.003615658E1,-2.608176768E-1,9.504590988E0,-1.429412484E0
1.003853502E1,-3.637090325E-1,9.550054550E0,-1.517946839E0
1.004091268E1,-4.618147612E-1,9.581160545E0,-1.594517231E0
1.004329033E1,-5.745765567E-1,9.609874725E0,-1.668694735E0
1.004566877E1,-6.631109715E-1,9.676874161E0,-1.706979871E0
1.004804721E1,-7.277171612E-1,9.712766647E0,-1.738086581E0
1.005042486E1,-7.971090674E-1,9.775279045E0,-1.750349760E0
1.005280252E1,-8.473583460E-1,9.837491989E0,-1.788634896E0
1.005518096E1,-9.191430211E-1,9.902098656E0,-1.776670814E0
1.005755939E1,-9.861420393E-1,9.971489906E0,-1.786242127E0
1.005993705E1,-1.022034407E0,1.001695347E1,-1.781456470E0
1.006231471E1,-1.082154036E0,1.006959629E1,-1.776670814E0
1.006469314E1,-1.101296663E0,1.013420200E1,-1.800599098E0
1.006707158E1,-1.182652593E0,1.017009449E1,-1.853241086E0
1.006944924E1,-1.409970760E0,1.020837975E1,-2.082952023E0
1.007182689E1,-1.632802367E0,1.021555805E1,-2.178664923E0
1.007420533E1,-1.683051586E0,1.018205833E1,-2.003988981E0
1.007658377E1,-1.515254974E0,1.015095139E1,-1.666301847E0
1.007896143E1,-1.333400369E0,1.018684387E1,-1.508375525E0
1.008133908E1,-1.328614831E0,1.025384331E1,-1.704586983E0
1.008371752E1,-1.486541033E0,1.030409241E1,-1.948953986E0
1.008609590E1,-1.582253933E0,1.029212856E1,-2.018345833E0
1.008847356E1,-1.548754454E0,1.024187946E1,-1.917847395E0
1.009085127E1,-1.450648785E0,1.022752190E1,-1.893919110E0
1.009322971E1,-1.390828133E0,1.019641590E1,-1.905883193E0
1.009560814E1,-1.357328653E0,1.023709393E1,-1.884347796E0
1.009798580E1,-1.366899967E0,1.023470020E1,-1.848455548E0
1.010036346E1,-1.328614831E0,1.022752190E1,-1.901097536E0
1.010274189E1,-1.271187067E0,1.018684387E1,-1.858026743E0
1.010512033E1,-1.211366415E0,1.017488003E1,-1.867598057E0
1.010749799E1,-1.187438250E0,1.011984539E1,-1.901097536E0
1.010987564E1,-1.125224829E0,1.008873844E1,-1.932204247E0
1.011225408E1,-1.084546804E0,1.001934624E1,-1.913061738E0
1.011463247E1,-1.005284667E0,1.000020409E1,-1.948953986E0
1.011701012E1,-9.765707254E-1,9.961918831E0,-1.932204247E0
1.011938783E1,-9.382855892E-1,9.918848038E0,-1.951346874E0
1.012176627E1,-8.832506537E-1,9.906884193E0,-1.970489502E0
1.012414465E1,-8.306085467E-1,9.861420631E0,-1.965703845E0
1.012652231E1,-7.923234105E-1,9.847063065E0,-1.972882271E0
1.012890002E1,-7.444669604E-1,9.835099220E0,-2.013560295E0
1.013127846E1,-6.990033388E-1,9.782457352E0,-2.030309916E0
1.013365689E1,-6.702894568E-1,9.767801285E0,-2.011167526E0
1.013603455E1,-6.200401783E-1,9.722337723E0,-2.001596212E0
1.013841221E1,-5.961119533E-1,9.722337723E0,-2.023131609E0
1.014079064E1,-5.243272781E-1,9.667302132E0,-1.980060697E0
1.014316903E1,-5.075774789E-1,9.600303650E0,-1.934597135E0
1.014554669E1,-4.761717021E-1,9.569196701E0,-1.898704767E0
1.014792439E1,-4.618147612E-1,9.514162064E0,-1.858026743E0
1.015030283E1,-3.828516304E-1,9.461520195E0,-1.779063582E0
1.015268122E1,-3.900300860E-1,9.406484604E0,-1.721336842E0
1.015505887E1,-3.469592929E-1,9.344271660E0,-1.697408557E0
1.015743658E1,-3.493520916E-1,9.313164711E0,-1.611266971E0
1.015981502E1,-3.302095234E-1,9.272486687E0,-1.568196177E0
1.016219340E1,-3.302095234E-1,9.209974289E0,-1.503589988E0
1.016457106E1,-2.991028428E-1,9.188439369E0,-1.431805253E0
1.016694877E1,-2.991028428E-1,9.159725189E0,-1.388734460E0
1.016932721E1,-2.799602449E-1,9.128618240E0,-1.336092353E0
1.017170559E1,-2.608176768E-1,9.131011009E0,-1.278664589E0
1.017408325E1,-2.608176768E-1,9.109476089E0,-1.240379453E0
1.017646090E1,-2.608176768E-1,9.119047165E0,-1.202094316E0
1.017883934E1,-2.727817893E-1,9.126225471E0,-1.197308660E0
1.018121778E1,-2.751746178E-1,9.123832703E0,-1.175474167E0
1.018359544E1,-2.679961324E-1,9.162117958E0,-1.182652593E0
1.018597309E1,-2.656033039E-1,9.215059280E0,-1.173081279E0
1.018835153E1,-2.488535494E-1,9.231808662E0,-1.168295622E0
1.019072997E1,-2.440679073E-1,9.286844254E0,-1.182652593E0
1.019310762E1,-2.368894368E-1,9.320343018E0,-1.199701428E0
1.019548528E1,-1.627119333E-1,9.372985840E0,-1.132403374E0
1.019786372E1,-2.392822653E-1,9.454340935E0,-1.316949725E0
1.020024215E1,-3.302095234E-1,9.492626190E0,-1.436590910E0
1.020261981E1,-3.421736360E-1,9.535696983E0,-1.438983679E0
1.020499747E1,-3.972085714E-1,9.617053032E0,-1.546660781E0
1.020737590E1,-5.219344497E-1,9.660123825E0,-1.654337764E0
1.020975434E1,-5.841478109E-1,9.739087105E0,-1.663909078E0
1.021213200E1,-5.793621540E-1,9.755837440E0,-1.532303810E0
1.021450965E1,-5.937191248E-1,9.808777809E0,-1.498804331E0
1.021688809E1,-6.631109715E-1,9.851848602E0,-1.544267893E0
1.021926653E1,-7.372884750E-1,9.878170013E0,-1.517946839E0
1.022164418E1,-7.037889361E-1,9.902098656E0,-1.357627749E0
1.022402184E1,-7.612167001E-1,9.906884193E0,-1.395912886E0
1.022640028E1,-9.550353289E-1,9.902098656E0,-1.647159338E0
1.022877872E1,-1.110867858E0,9.894919395E0,-1.814955950E0
1.023115637E1,-1.201795220E0,9.899705887E0,-1.800599098E0
1.023353403E1,-1.235294700E0,9.918848038E0,-1.755135417E0
1.023591247E1,-1.247258782E0,9.959526062E0,-1.740479350E0
1.023829090E1,-1.287936807E0,1.001934624E1,-1.735693693E0
1.024066856E1,-1.347757339E0,1.003848934E1,-1.699801445E0
1.024304622E1,-1.374078393E0,1.006959629E1,-1.718943954E0
1.024542465E1,-1.393221021E0,1.006959629E1,-1.709372640E0
1.024780309E1,-1.419542074E0,1.010070229E1,-1.690230131E0
1.025018075E1,-1.443470240E0,1.010070229E1,-1.683051586E0
1.025255840E1,-1.441077471E0,1.008395290E1,-1.639980793E0
1.025493684E1,-1.426720500E0,1.009352398E1,-1.637588024E0
1.025731528E1,-1.426720500E0,1.006241703E1,-1.589731574E0
1.025969294E1,-1.393221021E0,1.003609657E1,-1.580160260E0
1.026207059E1,-1.369292736E0,1.002413273E1,-1.577767372E0
1.026444903E1,-1.326221943E0,9.978668213E0,-1.546660781E0
1.026682747E1,-1.311864972E0,9.947562218E0,-1.563410521E0
1.026920512E1,-1.237687469E0,9.906884193E0,-1.587338686E0
1.027158278E1,-1.232901812E0,9.890133858E0,-1.594517231E0
1.027396122E1,-1.175474167E0,9.890133858E0,-1.642373681E0
1.027633965E1,-1.134796143E0,9.882955551E0,-1.659123421E0
1.027871731E1,-1.091725349E0,9.856635094E0,-1.699801445E0
1.028109497E1,-1.045962572E0,9.849455833E0,-1.750349760E0
1.028347340E1,-1.002891779E0,9.820742607E0,-1.812563181E0
1.028585184E1,-9.669994712E-1,9.827920914E0,-1.874776483E0
1.028822950E1,-9.550353289E-1,9.820742607E0,-1.927418590E0
1.029060715E1,-9.239286184E-1,9.782457352E0,-1.972882271E0
1.029298559E1,-9.143573642E-1,9.784850121E0,-1.977667928E0
1.029536403E1,-9.167501926E-1,9.763015747E0,-2.025524378E0
1.029774168E1,-8.976075649E-1,9.731908798E0,-2.027917147E0
1.030011934E1,-8.832506537E-1,9.739087105E0,-2.063809633E0
1.030249778E1,-8.473583460E-1,9.731908798E0,-2.049452543E0
1.030487622E1,-8.306085467E-1,9.688838005E0,-2.008774519E0
1.030725387E1,-8.234301209E-1,9.664909363E0,-2.030309916E0
1.030963153E1,-8.210372925E-1,9.662516594E0,-1.977667928E0
1.031200997E1,-7.899305820E-1,9.631410599E0,-1.987239242E0
1.031438840E1,-8.138588071E-1,9.617053032E0,-1.972882271E0
1.031676606E1,-8.018946648E-1,9.624231339E0,-1.992024899E0
1.031914372E1,-8.258228898E-1,9.624231339E0,-1.992024899E0
1.032152215E1,-7.947162390E-1,9.600303650E0,-2.001596212E0
1.032390059E1,-7.660023570E-1,9.607481956E0,-1.982453585E0
1.032627825E1,-7.516453862E-1,9.605089188E0,-1.941775560E0
1.032865590E1,-7.277171612E-1,9.607481956E0,-1.932204247E0
1.033103434E1,-7.013961077E-1,9.609874725E0,-1.903490424E0
1.033341278E1,-6.990033388E-1,9.588339806E0,-1.877169371E0
1.033579044E1,-6.966105103E-1,9.595518112E0,-1.872383714E0
1.033816809E1,-6.918248534E-1,9.595518112E0,-1.843669891E0
1.034054653E1,-6.678966284E-1,9.583553314E0,-1.800599098E0
1.034292497E1,-6.798607111E-1,9.583553314E0,-1.779063582E0
1.034530262E1,-6.846463680E-1,9.590732574E0,-1.728515267E0
1.034768028E1,-6.798607111E-1,9.595518112E0,-1.709372640E0
1.035005872E1,-6.942176819E-1,9.607481956E0,-1.666301847E0
1.035243715E1,-6.678966284E-1,9.593125343E0,-1.628016710E0
1.035481481E1,-6.870391965E-1,9.614660263E0,-1.599302888E0
1.035719247E1,-6.535396576E-1,9.600303650E0,-1.551446438E0
1.035957090E1,-6.032904387E-1,9.593125343E0,-1.446162224E0
1.036194934E1,-5.458626747E-1,9.573982239E0,-1.348056436E0
1.036432700E1,-4.809573591E-1,9.530911446E0,-1.197308660E0
1.036670465E1,-4.594219327E-1,9.497411728E0,-1.209272742E0
1.036908309E1,-4.498506486E-1,9.449555397E0,-1.226022482E0
1.037146153E1,-4.091726840E-1,9.387342453E0,-1.153938770E0
1.037383919E1,-4.331009090E-1,9.329915047E0,-1.125224829E0
1.037621684E1,-4.426721931E-1,9.294022560E0,-1.146760225E0
1.037859528E1,-2.991028428E-1,9.248558998E0,-9.625129104E-1
1.038097372E1,-2.177468538E-1,9.246166229E0,-8.907282352E-1
1.038335137E1,-1.986042857E-1,9.229415894E0,-9.314061999E-1
1.038572903E1,-6.939185411E-2,9.224630356E0,-6.993024349E-1
1.038810747E1,6.056832075E-1,9.193224907E0,3.086741269E-1
1.039048590E1,3.616153300E-1,9.284450531E0,-7.208378315E-1
1.039286356E1,-8.641080856E-1,9.435198784E0,-2.181057930E0
1.039524122E1,-9.143573642E-1,9.344271660E0,-1.757528186E0
1.039761965E1,-5.099703074E-1,9.277272224E0,-1.266700506E0
1.039999809E1,-2.368894368E-1,9.375378609E0,-1.141974568E0
1.040237575E1,-1.986042857E-1,9.492626190E0,-1.168295622E0
1.040475340E1,-1.411765367E-1,9.597910881E0,-1.202094316E0
1.040713184E1,-2.919243574E-1,9.662516594E0,-1.293021560E0
1.040951028E1,-4.977070987E-1,9.617053032E0,-1.360020518E0
1.041188794E1,-6.463612318E-1,9.550054550E0,-1.441376567E0
1.041426559E1,-6.822535396E-1,9.478269577E0,-1.477268934E0
1.041664403E1,-6.894320250E-1,9.425627708E0,-1.513161182E0
1.041902247E1,-6.990033388E-1,9.380164146E0,-1.541875124E0
1.042140012E1,-7.372884750E-1,9.425627708E0,-1.608874083E0
1.042377778E1,-7.277171612E-1,9.449555397E0,-1.613659739E0
1.042615622E1,-6.870391965E-1,9.487840652E0,-1.527518153E0
1.042853465E1,-7.875377536E-1,9.535696983E0,-1.632802367E0
1.043091231E1,-9.239286184E-1,9.581160545E0,-1.781456470E0
1.043328997E1,-1.022034407E0,9.621838570E0,-1.893919110E0
1.043566840E1,-1.084546804E0,9.710372925E0,-1.922633052E0
1.043804684E1,-1.153938770E0,9.794421196E0,-1.922633052E0
1.044042450E1,-1.232901812E0,9.851848602E0,-1.917847395E0
1.044280215E1,-1.256830096E0,9.942776680E0,-1.915454507E0
1.044518059E1,-1.321436286E0,9.997811317E0,-1.893919110E0
1.044755898E1,-1.362114310E0,1.005045319E1,-1.850848317E0
1.044993663E1,-1.409970760E0,1.009830952E1,-1.812563181E0
1.045231434E1,-1.436291814E0,1.013180923E1,-1.764706731E0
1.045469278E1,-1.455434322E0,1.016291618E1,-1.726122379E0
1.045707116E1,-1.488933921E0,1.018684387E1,-1.647159338E0
1.045944882E1,-1.508076429E0,1.021077251E1,-1.589731574E0
1.046182653E1,-1.520040631E0,1.023230743E1,-1.575374603E0
1.046420497E1,-1.546361685E0,1.024666500E1,-1.563410521E0
1.046658335E1,-1.579861164E0,1.027537823E1,-1.570588946E0
1.046896101E1,-1.589432478E0,1.030409241E1,-1.568196177E0
1.047133872E1,-1.613360643E0,1.031366348E1,-1.613659739E0
1.047371715E1,-1.567897081E0,1.034506989E1,-1.618445396E0
1.047609554E1,-1.560718536E0,1.034506989E1,-1.618445396E0
1.047847320E1,-1.536790371E0,1.031844902E1,-1.668694735E0
1.048085085E1,-1.505683661E0,1.031366348E1,-1.721336842E0
1.048322929E1,-1.522433400E0,1.029930687E1,-1.769492388E0
1.048560773E1,-1.465005636E0,1.025862885E1,-1.776670814E0
1.048798538E1,-1.433898926E0,1.021555805E1,-1.802991867E0
1.049036304E1,-1.345364571E0,1.014377308E1,-1.810170293E0
1.049274148E1,-1.297508121E0,1.009591675E1,-1.834098577E0
1.049511991E1,-1.244866014E0,1.004327488E1,-1.872383714E0
1.049749757E1,-1.232901812E0,9.952347755E0,-1.850848317E0
1.049987523E1,-1.194616675E0,9.892526627E0,-1.865205288E0
1.050225366E1,-1.161117196E0,9.827920914E0,-1.865205288E0
1.050463210E1,-1.120439172E0,9.767801285E0,-1.831705689E0
1.050700976E1,-1.094118118E0,9.734301567E0,-1.860419631E0
1.050938741E1,-1.019641519E0,9.660123825E0,-1.858026743E0
1.051176585E1,-1.022034407E0,9.585947037E0,-1.855633974E0
1.051414429E1,-9.741778970E-1,9.576375008E0,-1.884347796E0
1.051652195E1,-9.358927608E-1,9.542876244E0,-1.903490424E0
1.051889960E1,-9.167501926E-1,9.492626190E0,-1.874776483E0
1.052127804E1,-9.071788788E-1,9.492626190E0,-1.862812400E0
1.052365648E1,-8.832506537E-1,9.468698502E0,-1.862812400E0
1.052603413E1,-8.353942037E-1,9.451948166E0,-1.848455548E0
1.052841179E1,-7.899305820E-1,9.447162628E0,-1.846062660E0
1.053079023E1,-7.540382147E-1,9.463912964E0,-1.843669891E0
1.053316866E1,-7.444669604E-1,9.468698502E0,-1.807777524E0
1.053554632E1,-7.253243923E-1,9.485447884E0,-1.759921074E0
1.053792398E1,-7.061817646E-1,9.471091270E0,-1.745265007E0
1.054030241E1,-6.870391965E-1,9.487840652E0,-1.702194214E0
1.054268085E1,-6.942176819E-1,9.492626190E0,-1.699801445E0
1.054505851E1,-6.678966284E-1,9.514162064E0,-1.678265929E0
1.054743616E1,-6.463612318E-1,9.492626190E0,-1.628016710E0
1.054981460E1,-6.296114326E-1,9.483055115E0,-1.620838284E0
1.055219304E1,-6.128616929E-1,9.475876808E0,-1.584945917E0
1.055457070E1,-5.961119533E-1,9.439984322E0,-1.577767372E0
1.055694835E1,-5.602195859E-1,9.428020477E0,-1.520339727E0
1.055932679E1,-5.362913609E-1,9.406484604E0,-1.496411443E0
1.056170523E1,-5.267201066E-1,9.392127991E0,-1.489233017E0
1.056408288E1,-5.075774789E-1,9.361021042E0,-1.446162224E0
1.056646054E1,-5.315057039E-1,9.327521324E0,-1.424626827E0
1.056883898E1,-5.243272781E-1,9.301200867E0,-1.388734460E0
1.057121741E1,-5.123631358E-1,9.289237022E0,-1.324128270E0
1.057359507E1,-5.099703074E-1,9.265308380E0,-1.285843015E0
1.057597273E1,-5.386841893E-1,9.265308380E0,-1.271486163E0
1.057835116E1,-5.554339290E-1,9.279664993E0,-1.235593796E0
1.058072960E1,-5.530411601E-1,9.296415329E0,-1.218844056E0
1.058310726E1,-6.080760360E-1,9.274879456E0,-1.237986565E0
1.058548491E1,-6.439684033E-1,9.286844254E0,-1.218844056E0
1.058786335E1,-6.607181430E-1,9.301200867E0,-1.230808139E0
1.059024179E1,-6.798607111E-1,9.337093353E0,-1.340878010E0
1.059261944E1,-7.683951855E-1,9.389735222E0,-1.403091431E0
1.059499710E1,-8.138588071E-1,9.404091835E0,-1.307378531E0
1.059737554E1,-7.229315639E-1,9.447162628E0,-9.625129104E-1
1.059975398E1,-8.234301209E-1,9.447162628E0,-1.019940615E0
1.060213163E1,-9.095717072E-1,9.418449402E0,-1.175474167E0
1.060450929E1,-9.023932219E-1,9.387342453E0,-1.252343535E0
1.060688773E1,-8.066803217E-1,9.401699066E0,-1.228415370E0
1.060926616E1,-6.990033388E-1,9.428020477E0,-1.249950767E0
1.061164382E1,-6.415755749E-1,9.449555397E0,-1.242772222E0
1.061402148E1,-6.152545214E-1,9.471091270E0,-1.273878932E0
1.061639991E1,-6.511468887E-1,9.526125908E0,-1.333699465E0
1.061877835E1,-7.564310431E-1,9.588339806E0,-1.381555915E0
1.062115601E1,-8.162516356E-1,9.640981674E0,-1.415055513E0
1.062353366E1,-9.023932219E-1,9.703194618E0,-1.462911963E0
1.062591210E1,-9.646066427E-1,9.751050949E0,-1.505982757E0
1.062829054E1,-1.053141117E0,9.823135376E0,-1.568196177E0
1.063066820E1,-1.134796143E0,9.873384476E0,-1.613659739E0
1.063304585E1,-1.185045362E0,9.911669731E0,-1.642373681E0
1.063542429E1,-1.273579836E0,9.947562218E0,-1.690230131E0
1.063780273E1,-1.331007600E0,9.969097137E0,-1.690230131E0
1.064018038E1,-1.386042476E0,1.000020409E1,-1.733300924E0
1.064255804E1,-1.407577872E0,1.003370380E1,-1.762313843E0
1.064493648E1,-1.476969719E0,1.005045319E1,-1.779063582E0
1.064731491E1,-1.524826288E0,1.007198906E1,-1.793420553E0
1.064969257E1,-1.577468276E0,1.010070229E1,-1.843669891E0
1.065207023E1,-1.613360643E0,1.009591675E1,-1.862812400E0
1.065444866E1,-1.663909078E0,1.014138031E1,-1.843669891E0
1.065682710E1,-1.697408557E0,1.013898754E1,-1.879562140E0
1.065920476E1,-1.764407635E0,1.014855862E1,-1.939382792E0
1.066158241E1,-1.807478428E0,1.015334511E1,-1.956132531E0
1.066396085E1,-1.800299883E0,1.015813065E1,-1.958525300E0
1.066633929E1,-1.809871197E0,1.015334511E1,-1.908276081E0
1.066871694E1,-1.807478428E0,1.016291618E1,-1.913061738E0
1.067109460E1,-1.788335800E0,1.014616585E1,-1.913061738E0
1.067347304E1,-1.778764486E0,1.008634567E1,-1.898704767E0
1.067585148E1,-1.702194214E0,1.004327488E1,-1.858026743E0
1.067822913E1,-1.644766450E0,1.002413273E1,-1.841277003E0
1.068060679E1,-1.582253933E0,9.981060982E0,-1.838884234E0
1.068298523E1,-1.527219057E0,9.928419113E0,-1.886740685E0
1.068536366E1,-1.467398524E0,9.882955551E0,-1.858026743E0
1.068774132E1,-1.405185103E0,9.792028427E0,-1.814955950E0
1.069011898E1,-1.328614831E0,9.753444672E0,-1.814955950E0
1.069249741E1,-1.287936807E0,9.705587387E0,-1.779063582E0
1.069487585E1,-1.264008522E0,9.640981674E0,-1.769492388E0
1.069725351E1,-1.278365493E0,9.581160545E0,-1.795813441E0
1.069963116E1,-1.180259824E0,9.554840088E0,-1.805384636E0
1.070200960E1,-1.125224829E0,9.545269012E0,-1.769492388E0
1.070438804E1,-1.072582722E0,9.552447319E0,-1.791027784E0
1.070676570E1,-1.041176915E0,9.564411163E0,-1.774278045E0
1.070914335E1,-9.837492108E-1,9.552447319E0,-1.752742529E0
1.071152179E1,-9.717850685E-1,9.595518112E0,-1.774278045E0
1.071390023E1,-9.454640746E-1,9.600303650E0,-1.769492388E0
1.071627788E1,-9.095717072E-1,9.612267494E0,-1.709372640E0
1.071865554E1,-8.760721684E-1,9.648159981E0,-1.678265929E0
1.072103398E1,-8.665009141E-1,9.679266930E0,-1.685444474E0
1.072341241E1,-8.928219676E-1,9.705587387E0,-1.656730533E0
1.072579007E1,-9.023932219E-1,9.719944954E0,-1.651944876E0
1.072816773E1,-9.287142754E-1,9.748658180E0,-1.635195136E0
1.073054616E1,-9.406784177E-1,9.746265411E0,-1.606481314E0
1.073292455E1,-9.095717072E-1,9.739087105E0,-1.501197100E0
1.073530221E1,-8.569296002E-1,9.719944954E0,-1.410269856E0
1.073767991E1,-8.425726891E-1,9.688838005E0,-1.427019596E0
1.074005835E1,-8.569296002E-1,9.640981674E0,-1.450947881E0
1.074243674E1,-8.880363107E-1,9.614660263E0,-1.477268934E0
1.074481439E1,-9.334999323E-1,9.564411163E0,-1.470090389E0
1.074719210E1,-9.598209858E-1,9.526125908E0,-1.467697620E0
1.074957054E1,-9.837492108E-1,9.487840652E0,-1.443769336E0
1.075194892E1,-1.098903775E0,9.447162628E0,-1.417448282E0
1.075432658E1,-1.319043517E0,9.370592117E0,-1.415055513E0
1.075670429E1,-8.736793399E-1,9.382556915E0,-1.407876968E0
1.075908273E1,-7.372884750E-1,9.310771942E0,-1.400698543E0
1.076146111E1,-7.420741320E-1,9.267701149E0,-1.371984720E0
1.076383877E1,-8.617152572E-1,9.217452049E0,-1.345663667E0
1.076621648E1,-8.928219676E-1,9.195617676E0,-1.328913927E0
1.076859491E1,-8.162516356E-1,9.212666512E0,-1.273878932E0
1.077097330E1,-7.803592682E-1,9.222237587E0,-1.242772222E0
1.077335096E1,-7.492526174E-1,9.229415894E0,-1.204487085E0
1.077572866E1,-7.731808424E-1,9.243772507E0,-1.199701428E0
1.077810710E1,-7.755736113E-1,9.253344536E0,-1.180259824E0
1.078048549E1,-7.779664397E-1,9.308379173E0,-1.194915771E0
1.078286314E1,-7.660023570E-1,9.341878891E0,-1.228415370E0
1.078524085E1,-7.636095285E-1,9.382556915E0,-1.235593796E0
1.078761929E1,-7.492526174E-1,9.430413246E0,-1.259521961E0
1.078999768E1,-7.564310431E-1,9.475876808E0,-1.283450246E0
1.079237533E1,-7.660023570E-1,9.475876808E0,-1.304985642E0
1.079475299E1,-7.229315639E-1,9.535696983E0,-1.352842093E0
1.079713142E1,-7.325028181E-1,9.602696419E0,-1.398305774E0
1.079950986E1,-7.348956466E-1,9.629017830E0,-1.436590910E0
1.080188752E1,-7.229315639E-1,9.662516594E0,-1.496411443E0
1.080426518E1,-6.822535396E-1,9.712766647E0,-1.537089467E0
1.080664361E1,-7.037889361E-1,9.746265411E0,-1.623231053E0
1.080902205E1,-7.540382147E-1,9.799206734E0,-1.659123421E0
1.081139971E1,-7.420741320E-1,9.866206169E0,-1.711765528E0
1.081377736E1,-7.851449251E-1,9.902098656E0,-1.762313843E0
1.081615580E1,-7.827520967E-1,9.926026344E0,-1.798206210E0
1.081853424E1,-7.923234105E-1,9.964311600E0,-1.836491346E0
1.082091189E1,-8.186444640E-1,1.000259686E1,-1.896311998E0
1.082328955E1,-8.449655175E-1,1.002652550E1,-1.927418590E0
1.082566799E1,-8.856434822E-1,1.005523872E1,-1.960918188E0
1.082804642E1,-8.712865710E-1,1.008873844E1,-1.972882271E0
1.083042408E1,-8.928219676E-1,1.008156013E1,-1.980060697E0
1.083280174E1,-9.358927608E-1,1.008873844E1,-2.008774519E0
1.083518018E1,-9.239286184E-1,1.006002426E1,-1.975275040E0
1.083755861E1,-9.263214469E-1,1.003848934E1,-1.946561217E0
1.083993627E1,-9.215358496E-1,1.003370380E1,-1.953739643E0
1.084231393E1,-9.287142754E-1,9.990633011E0,-1.879562140E0
1.084469236E1,-9.167501926E-1,9.966704369E0,-1.838884234E0
1.084707080E1,-9.119645357E-1,9.940383911E0,-1.826920033E0
1.084944846E1,-9.095717072E-1,9.875777245E0,-1.807777524E0
1.085182611E1,-8.952147961E-1,9.851848602E0,-1.786242127E0
1.085420455E1,-8.928219676E-1,9.837491989E0,-1.769492388E0
1.085658299E1,-8.617152572E-1,9.799206734E0,-1.747956991E0
1.085896064E1,-8.425726891E-1,9.782457352E0,-1.735693693E0
1.086133830E1,-8.258228898E-1,9.784850121E0,-1.755135417E0
1.086371674E1,-8.258228898E-1,9.741479874E0,-1.733300924E0
1.086609518E1,-8.090731502E-1,9.722337723E0,-1.728515267E0
1.086847283E1,-7.731808424E-1,9.717552185E0,-1.745265007E0
1.087085049E1,-7.636095285E-1,9.715159416E0,-1.742872238E0
1.087322893E1,-7.253243923E-1,9.717552185E0,-1.793420553E0
1.087560736E1,-7.660023570E-1,9.753444672E0,-1.898704767E0
1.087798502E1,-7.636095285E-1,9.755837440E0,-1.972882271E0
1.088036268E1,-8.617152572E-1,9.755837440E0,-2.054238319E0
1.088274111E1,-9.263214469E-1,9.770194054E0,-2.092523336E0
1.088511955E1,-9.191430211E-1,9.758230209E0,-2.030309916E0
1.088749721E1,-8.760721684E-1,9.765408516E0,-1.994417667E0
1.088987486E1,-8.066803217E-1,9.751050949E0,-1.944168448E0
1.089225330E1,-7.396813035E-1,9.729516029E0,-1.951346874E0
1.089463174E1,-6.702894568E-1,9.674481392E0,-1.910668850E0
1.089700939E1,-6.224330068E-1,9.664909363E0,-1.946561217E0
1.089938705E1,-6.296114326E-1,9.686445236E0,-1.951346874E0
1.090176549E1,-5.937191248E-1,9.707980156E0,-1.946561217E0
1.090414393E1,-5.865406394E-1,9.722337723E0,-1.992024899E0
1.090652158E1,-6.032904387E-1,9.751050949E0,-2.013560295E0
1.090889924E1,-5.769693851E-1,9.739087105E0,-2.032702923E0
1.091127768E1,-5.913262963E-1,9.715159416E0,-2.037488461E0
1.091365611E1,-5.697908998E-1,9.743872643E0,-2.047059774E0
1.091603377E1,-5.841478109E-1,9.731908798E0,-2.051845312E0
1.091841142E1,-5.626124144E-1,9.710372925E0,-2.015953064E0
1.092078986E1,-5.697908998E-1,9.674481392E0,-1.960918188E0
1.092316830E1,-5.650052428E-1,9.652945518E0,-1.917847395E0
1.092554596E1,-5.745765567E-1,9.645767212E0,-1.886740685E0
1.092792109E1,-5.673980713E-1,9.609874725E0,-1.834098577E0
1.093029953E1,-5.650052428E-1,9.612267494E0,-1.771885157E0
1.093267796E1,-5.434698462E-1,9.593125343E0,-1.718943954E0
1.093505562E1,-5.697908998E-1,9.588339806E0,-1.675873160E0
1.093743328E1,-5.386841893E-1,9.578767776E0,-1.649552107E0
1.093981171E1,-5.410770178E-1,9.581160545E0,-1.623231053E0
1.094219015E1,-5.171487927E-1,9.588339806E0,-1.623231053E0
1.094456781E1,-5.338985324E-1,9.573982239E0,-1.613659739E0
1.094694546E1,-5.171487927E-1,9.593125343E0,-1.606481314E0
1.094932390E1,-5.051847100E-1,9.600303650E0,-1.625623941E0
1.095170234E1,-5.000999570E-1,9.612267494E0,-1.616052628E0
1.095408000E1,-4.881358147E-1,9.652945518E0,-1.608874083E0
1.095645765E1,-4.689932466E-1,9.664909363E0,-1.604088426E0
1.095883609E1,-4.905286431E-1,9.655338287E0,-1.625623941E0
1.096121453E1,-4.809573591E-1,9.664909363E0,-1.628016710E0
1.096359218E1,-4.857429862E-1,9.674481392E0,-1.663909078E0
1.096596984E1,-4.929214716E-1,9.696016312E0,-1.644766450E0
1.096834828E1,-5.075774789E-1,9.696016312E0,-1.632802367E0
1.097072671E1,-4.713860750E-1,9.688838005E0,-1.572981834E0
1.097310437E1,-4.785645306E-1,9.698409081E0,-1.568196177E0
1.097548203E1,-5.051847100E-1,9.703194618E0,-1.570588946E0
1.097786046E1,-5.075774789E-1,9.679266930E0,-1.565803289E0
1.098023890E1,-5.267201066E-1,9.688838005E0,-1.577767372E0
1.098261656E1,-5.171487927E-1,9.686445236E0,-1.570588946E0
1.098499421E1,-5.099703074E-1,9.679266930E0,-1.565803289E0
1.098737265E1,-5.219344497E-1,9.696016312E0,-1.546660781E0
1.098975109E1,-5.243272781E-1,9.722337723E0,-1.580160260E0
1.099212874E1,-5.171487927E-1,9.691230774E0,-1.582553029E0
1.099450640E1,-5.171487927E-1,9.669695854E0,-1.582553029E0
1.099688484E1,-5.291129351E-1,9.657731056E0,-1.589731574E0
1.099926328E1,-5.291129351E-1,9.633803368E0,-1.601695657E0
1.100164093E1,-5.219344497E-1,9.626625061E0,-1.582553029E0
1.100401859E1,-5.386841893E-1,9.609874725E0,-1.637588024E0
1.100639703E1,-5.697908998E-1,9.602696419E0,-1.651944876E0
1.100877546E1,-5.769693851E-1,9.607481956E0,-1.680658817E0
1.101115312E1,-5.673980713E-1,9.600303650E0,-1.663909078E0
1.101353078E1,-5.817549825E-1,9.593125343E0,-1.656730533E0
1.101590921E1,-5.650052428E-1,9.605089188E0,-1.659123421E0
1.101828765E1,-5.697908998E-1,9.569196701E0,-1.663909078E0
1.102066531E1,-5.697908998E-1,9.559625626E0,-1.656730533E0
1.102304296E1,-5.769693851E-1,9.564411163E0,-1.647159338E0
1.102542140E1,-6.320042610E-1,9.557232857E0,-1.656730533E0
1.102779984E1,-6.200401783E-1,9.540482521E0,-1.623231053E0
1.103017750E1,-6.104688644E-1,9.526125908E0,-1.625623941E0
1.103255515E1,-6.487540603E-1,9.530911446E0,-1.647159338E0
1.103493359E1,-6.583253145E-1,9.530911446E0,-1.604088426E0
1.103731203E1,-6.894320250E-1,9.511769295E0,-1.570588946E0
1.103968968E1,-7.133602500E-1,9.480662346E0,-1.529910922E0
1.104206734E1,-8.665009141E-1,9.413662910E0,-1.525125384E0
1.104444578E1,-9.000003934E-1,9.416056633E0,-1.527518153E0
1.104682421E1,-8.449655175E-1,9.435198784E0,-1.505982757E0
1.104920187E1,-8.712865710E-1,9.456734657E0,-1.608874083E0
1.105157953E1,-9.047860503E-1,9.497411728E0,-1.618445396E0
1.105395796E1,-7.109674215E-1,9.557232857E0,-1.324128270E0
1.105633640E1,-6.272186637E-1,9.619445801E0,-1.369591832E0
1.105871406E1,-7.205387354E-1,9.684052467E0,-1.623231053E0
1.106109171E1,-6.655037999E-1,9.676874161E0,-1.482054472E0
1.106347015E1,-7.133602500E-1,9.648159981E0,-1.505982757E0
1.106584859E1,-6.822535396E-1,9.655338287E0,-1.448554993E0
1.106822624E1,-6.343970895E-1,9.648159981E0,-1.379163146E0
1.107060390E1,-6.535396576E-1,9.629017830E0,-1.388734460E0
1.107298234E1,-6.367899179E-1,9.640981674E0,-1.326521039E0
1.107536078E1,-6.367899179E-1,9.605089188E0,-1.269093275E0
1.107773843E1,-6.870391965E-1,9.593125343E0,-1.264307618E0
1.108011609E1,-6.511468887E-1,9.614660263E0,-1.170688510E0
1.108249453E1,-5.817549825E-1,9.645767212E0,-1.096511006E0
1.108487296E1,-4.953143001E-1,9.698409081E0,-1.058225870E0
1.108725062E1,-3.469592929E-1,9.751050949E0,-1.070189953E0
1.108962828E1,-2.751746178E-1,9.799206734E0,-1.074975610E0
1.109200671E1,-2.249253243E-1,9.789635658E0,-1.228415370E0
1.109438515E1,-2.703889608E-1,9.811170578E0,-1.427019596E0
1.109676281E1,-2.057827413E-1,9.823135376E0,-1.529910922E0
1.109914046E1,-1.842473447E-1,9.811170578E0,-1.661516190E0
1.110151890E1,-1.818545163E-1,9.825528145E0,-1.695015788E0
1.110389734E1,-1.914258115E-2,9.815957069E0,-1.723729610E0
1.110627500E1,1.199402362E-1,9.818349838E0,-1.759921074E0
1.110865265E1,2.276172489E-1,9.808777809E0,-1.757528186E0
1.111103109E1,2.156531364E-1,9.789635658E0,-1.745265007E0
1.111340953E1,2.371885478E-1,9.758230209E0,-1.699801445E0
1.111578718E1,2.108674943E-1,9.763015747E0,-1.668694735E0
1.111816484E1,1.917249113E-1,9.748658180E0,-1.654337764E0
1.112054328E1,2.060818523E-1,9.731908798E0,-1.613659739E0
1.112292171E1,1.965105534E-1,9.741479874E0,-1.632802367E0
1.112529937E1,2.084746659E-1,9.712766647E0,-1.606481314E0
1.112767703E1,1.773679852E-1,9.679266930E0,-1.599302888E0
1.113005546E1,1.725823283E-1,9.664909363E0,-1.620838284E0
1.113243390E1,2.180459648E-1,9.638588905E0,-1.580160260E0
1.113481156E1,2.060818523E-1,9.655338287E0,-1.601695657E0
1.113718921E1,1.821536273E-1,9.643374443E0,-1.666301847E0
1.113956765E1,2.060818523E-1,9.617053032E0,-1.620838284E0
1.114194609E1,1.893320978E-1,9.569196701E0,-1.661516190E0
1.114432375E1,1.151545867E-1,9.581160545E0,-1.702194214E0
1.114670140E1,6.490531564E-2,9.581160545E0,-1.762313843E0
1.114907984E1,5.264209956E-2,9.569196701E0,-1.745265007E0
1.115145828E1,1.677966863E-1,9.547661781E0,-1.630409479E0
1.115383593E1,1.079761237E-1,9.540482521E0,-1.716551185E0
1.115621359E1,9.601201117E-2,9.569196701E0,-1.716551185E0
1.115859203E1,5.024927482E-2,9.562018394E0,-1.745265007E0
1.116097046E1,6.251249462E-2,9.564411163E0,-1.716551185E0
1.116334812E1,3.828516230E-2,9.569196701E0,-1.726122379E0
1.116572578E1,2.632104978E-2,9.571589470E0,-1.711765528E0
1.116810421E1,1.914258115E-2,9.588339806E0,-1.704586983E0
1.117048265E1,-1.674975827E-2,9.614660263E0,-1.702194214E0
1.117286031E1,-5.024927482E-2,9.631410599E0,-1.635195136E0
1.117523796E1,-8.374879509E-2,9.626625061E0,-1.620838284E0
1.117761640E1,-1.076770201E-1,9.638588905E0,-1.606481314E0
1.117999479E1,-9.810572863E-2,9.681659698E0,-1.577767372E0
1.118237244E1,-8.135596663E-2,9.707980156E0,-1.556231976E0
1.118475015E1,-1.100698411E-1,9.729516029E0,-1.539482236E0
1.118712859E1,-1.483550072E-1,9.760622978E0,-1.582553029E0
1.118950703E1,-1.483550072E-1,9.882955551E0,-1.565803289E0
1.119188468E1,-2.344966233E-1,9.890133858E0,-1.592124343E0
1.119426234E1,-2.679961324E-1,9.911669731E0,-1.568196177E0
1.119664078E1,-3.804588020E-1,9.942776680E0,-1.601695657E0
1.119901916E1,-4.259224236E-1,9.971489906E0,-1.623231053E0
1.120139682E1,-4.331009090E-1,9.981060982E0,-1.561017632E0
1.120377453E1,-4.618147612E-1,9.971489906E0,-1.580160260E0
1.120615296E1,-4.809573591E-1,1.000020409E1,-1.527518153E0
1.120853140E1,-4.737788737E-1,1.005284595E1,-1.436590910E0
1.121090906E1,-4.618147612E-1,1.006002426E1,-1.407876968E0
1.121328671E1,-4.881358147E-1,1.008395290E1,-1.403091431E0
1.121566515E1,-5.291129351E-1,1.011505985E1,-1.367199063E0
1.121804359E1,-5.362913609E-1,1.010788059E1,-1.357627749E0
1.122042124E1,-5.697908998E-1,1.015095139E1,-1.403091431E0
1.122279890E1,-6.511468887E-1,1.011027431E1,-1.443769336E0
1.122517734E1,-6.966105103E-1,1.010548782E1,-1.491625786E0
1.122755578E1,-6.870391965E-1,1.010309505E1,-1.407876968E0
1.122993343E1,-6.726822853E-1,1.006241703E1,-1.412662625E0
1.123231109E1,-6.678966284E-1,9.997811317E0,-1.403091431E0
1.123468953E1,-6.391827464E-1,9.971489906E0,-1.388734460E0
1.123706791E1,-5.817549825E-1,9.923633575E0,-1.371984720E0
1.123944557E1,-4.929214716E-1,9.859027863E0,-1.355234981E0
1.124182328E1,-4.713860750E-1,9.837491989E0,-1.362413406E0
1.124420171E1,-4.857429862E-1,9.775279045E0,-1.374377489E0
1.124658010E1,-3.948157430E-1,9.914062500E0,-1.436590910E0
1.124895776E1,-4.737788737E-1,9.971489906E0,-1.553839207E0
1.125133546E1,-5.458626747E-1,9.839884758E0,-1.496411443E0
1.125371390E1,-5.243272781E-1,9.796813965E0,-1.412662625E0
1.125609229E1,-5.219344497E-1,9.784850121E0,-1.391127229E0
1.125846994E1,-4.689932466E-1,9.739087105E0,-1.379163146E0
1.126084765E1,-4.546363056E-1,9.693623543E0,-1.412662625E0
1.126322609E1,-4.307080805E-1,9.667302132E0,-1.360020518E0
1.126560448E1,-3.924229145E-1,9.674481392E0,-1.269093275E0
1.126798213E1,-3.661018610E-1,9.645767212E0,-1.146760225E0
1.127035984E1,-4.067798555E-1,9.667302132E0,-1.098903775E0
1.127273828E1,-4.043870270E-1,9.674481392E0,-9.912267923E-1
1.127511666E1,-4.019941986E-1,9.705587387E0,-9.529415965E-1
1.127749432E1,-4.737788737E-1,9.681659698E0,-9.529415965E-1
1.127987203E1,-5.219344497E-1,9.693623543E0,-9.433703423E-1
1.128225046E1,-5.554339290E-1,9.707980156E0,-9.553344250E-1
1.128462885E1,-5.338985324E-1,9.736694336E0,-9.433703423E-1
1.128700651E1,-5.219344497E-1,9.758230209E0,-9.337990284E-1
1.128938421E1,-5.000999570E-1,9.775279045E0,-9.816554785E-1
1.129176265E1,-5.602195859E-1,9.780064583E0,-1.079761267E0
1.129414104E1,-6.128616929E-1,9.784850121E0,-1.168295622E0
1.129651869E1,-6.559324861E-1,9.813564301E0,-1.173081279E0
1.129889640E1,-6.678966284E-1,9.801599503E0,-1.211665511E0
1.130127484E1,-7.229315639E-1,9.815957069E0,-1.345663667E0
1.130365323E1,-7.157530785E-1,9.837491989E0,-1.331306696E0
1.130603088E1,-6.607181430E-1,9.863813400E0,-1.360020518E0
1.130840859E1,-6.511468887E-1,9.887741089E0,-1.395912886E0
1.131078703E1,-6.367899179E-1,9.904491425E0,-1.391127229E0
1.131316541E1,-7.755736113E-1,9.873384476E0,-1.510768414E0
1.131554307E1,-8.306085467E-1,9.882955551E0,-1.517946839E0
1.131792078E1,-8.210372925E-1,9.923633575E0,-1.584945917E0
1.132029921E1,-8.880363107E-1,9.940383911E0,-1.687837243E0
1.132267760E1,-9.167501926E-1,9.868598938E0,-1.637588024E0
1.132505526E1,-9.430712461E-1,9.839884758E0,-1.613659739E0
1.132743296E1,-9.933205247E-1,9.827920914E0,-1.592124343E0
1.132981140E1,-1.000499010E0,9.772586823E0,-1.534696579E0
1.133218979E1,-9.598209858E-1,9.799206734E0,-1.486840129E0
1.133456744E1,-1.007677436E0,9.811170578E0,-1.498804331E0
1.133694515E1,-1.055533886E0,9.794421196E0,-1.553839207E0
1.133932359E1,-1.074975610E0,9.789635658E0,-1.505982757E0
1.134170198E1,-1.033998489E0,9.787242889E0,-1.494018674E0
1.134407963E1,-1.026820064E0,9.787242889E0,-1.470090389E0
1.134645734E1,-9.574281573E-1,9.772586823E0,-1.470090389E0
1.134883578E1,-1.024427176E0,9.770194054E0,-1.563410521E0
1.135121416E1,-1.089332461E0,9.731908798E0,-1.604088426E0
1.135359182E1,-1.074975610E0,9.772586823E0,-1.647159338E0
1.135596953E1,-1.098903775E0,9.780064583E0,-1.668694735E0
1.135834796E1,-1.084546804E0,9.808777809E0,-1.733300924E0
1.136072635E1,-1.125224829E0,9.799206734E0,-1.774278045E0
1.136310401E1,-1.182652593E0,9.755837440E0,-1.704586983E0
1.136548166E1,-1.168295622E0,9.780064583E0,-1.685444474E0
1.136786010E1,-1.113260746E0,9.808777809E0,-1.718943954E0
1.137023854E1,-1.108475089E0,9.792028427E0,-1.735693693E0
1.137261619E1,-1.082154036E0,9.770194054E0,-1.718943954E0
1.137499390E1,-1.086939692E0,9.767801285E0,-1.699801445E0
1.137737234E1,-1.062712312E0,9.760622978E0,-1.668694735E0
1.137975073E1,-1.045962572E0,9.765408516E0,-1.692622900E0
1.138212838E1,-1.053141117E0,9.780064583E0,-1.716551185E0
1.138450609E1,-1.031605721E0,9.765408516E0,-1.718943954E0
1.138688453E1,-1.070189953E0,9.746265411E0,-1.769492388E0
1.138926291E1,-1.106082320E0,9.753444672E0,-1.805384636E0
1.139164057E1,-1.070189953E0,9.780064583E0,-1.755135417E0
1.139401828E1,-1.000499010E0,9.835099220E0,-1.764706731E0
1.139639671E1,-9.789635539E-1,9.844670296E0,-1.742872238E0
1.139877510E1,-9.430712461E-1,9.854242325E0,-1.733300924E0
1.140115276E1,-9.263214469E-1,9.861420631E0,-1.738086581E0
1.140353046E1,-9.095717072E-1,9.866206169E0,-1.714158297E0
1.140590890E1,-9.167501926E-1,9.875777245E0,-1.740479350E0
1.140828729E1,-9.143573642E-1,9.863813400E0,-1.774278045E0
1.141066494E1,-9.143573642E-1,9.820742607E0,-1.771885157E0
1.141304265E1,-8.928219676E-1,9.789635658E0,-1.783849239E0
1.141542109E1,-9.000003934E-1,9.770194054E0,-1.762313843E0
1.141779948E1,-9.095717072E-1,9.729516029E0,-1.788634896E0
1.142017713E1,-9.311071038E-1,9.719944954E0,-1.762313843E0
1.142255484E1,-9.334999323E-1,9.696016312E0,-1.755135417E0
1.142493328E1,-9.287142754E-1,9.669695854E0,-1.755135417E0
1.142731166E1,-9.693922997E-1,9.633803368E0,-1.728515267E0
1.142968932E1,-9.669994712E-1,9.617053032E0,-1.714158297E0
1.143206703E1,-9.478568435E-1,9.602696419E0,-1.702194214E0
1.143444546E1,-9.000003934E-1,9.576375008E0,-1.671087503E0
1.143682385E1,-9.382855892E-1,9.569196701E0,-1.683051586E0
1.143920151E1,-9.454640746E-1,9.547661781E0,-1.697408557E0
1.144157921E1,-9.119645357E-1,9.516554832E0,-1.661516190E0
1.144395765E1,-9.143573642E-1,9.475876808E0,-1.637588024E0
1.144633604E1,-8.832506537E-1,9.473484039E0,-1.592124343E0
1.144871369E1,-8.569296002E-1,9.485447884E0,-1.623231053E0
1.145109140E1,-7.803592682E-1,9.473484039E0,-1.628016710E0
1.145346984E1,-7.013961077E-1,9.466305733E0,-1.613659739E0
1.145584822E1,-7.085745931E-1,9.435198784E0,-1.623231053E0
1.145822588E1,-7.037889361E-1,9.435198784E0,-1.616052628E0
1.146060359E1,-6.894320250E-1,9.432806015E0,-1.630409479E0
1.146298203E1,-6.798607111E-1,9.439984322E0,-1.616052628E0
1.146536041E1,-8.234301209E-1,9.413662910E0,-1.594517231E0
1.146773807E1,-8.569296002E-1,9.430413246E0,-1.546660781E0
1.147011578E1,-5.817549825E-1,9.535696983E0,-1.601695657E0
1.147249421E1,-5.171487927E-1,9.554840088E0,-1.632802367E0
1.147487260E1,-4.881358147E-1,9.511769295E0,-1.678265929E0
1.147725026E1,-5.482555032E-1,9.506983757E0,-1.695015788E0
1.147962791E1,-5.673980713E-1,9.550054550E0,-1.663909078E0
1.148200635E1,-5.721837282E-1,9.569196701E0,-1.628016710E0
1.148438479E1,-6.128616929E-1,9.569196701E0,-1.639980793E0
1.148676244E1,-6.200401783E-1,9.557232857E0,-1.637588024E0
1.148914015E1,-6.320042610E-1,9.588339806E0,-1.628016710E0
1.149151859E1,-6.535396576E-1,9.605089188E0,-1.620838284E0
1.149389698E1,-6.391827464E-1,9.621838570E0,-1.616052628E0
1.149627463E1,-6.439684033E-1,9.645767212E0,-1.611266971E0
1.149865234E1,-6.439684033E-1,9.648159981E0,-1.625623941E0
1.150103078E1,-6.511468887E-1,9.669695854E0,-1.620838284E0
1.150340916E1,-6.343970895E-1,9.686445236E0,-1.618445396E0
1.150578682E1,-6.296114326E-1,9.691230774E0,-1.611266971E0
1.150816453E1,-5.889334679E-1,9.676874161E0,-1.613659739E0
1.151054296E1,-5.578267574E-1,9.724730492E0,-1.584945917E0
1.151292135E1,-3.613162339E-1,9.722337723E0,-1.355234981E0
1.151529901E1,-5.482555032E-1,9.897313118E0,-1.889133453E0
1.151767666E1,-8.186444640E-1,9.863813400E0,-2.001596212E0
1.152005510E1,-6.272186637E-1,9.818349838E0,-1.663909078E0
1.152243354E1,-5.793621540E-1,9.806385040E0,-1.752742529E0
1.152481119E1,-5.554339290E-1,9.739087105E0,-1.678265929E0
1.152718885E1,-5.458626747E-1,9.648159981E0,-1.563410521E0
1.152956729E1,-4.642075896E-1,9.638588905E0,-1.438983679E0
1.153194572E1,-4.570291340E-1,9.636196136E0,-1.460519075E0
1.153432338E1,-5.075774789E-1,9.650552750E0,-1.479661703E0
1.153670109E1,-5.000999570E-1,9.652945518E0,-1.446162224E0
1.153907953E1,-5.219344497E-1,9.640981674E0,-1.424626827E0
1.154145791E1,-5.051847100E-1,9.652945518E0,-1.446162224E0
1.154383557E1,-5.434698462E-1,9.605089188E0,-1.501197100E0
1.154621322E1,-5.937191248E-1,9.578767776E0,-1.532303810E0
1.154859166E1,-5.841478109E-1,9.581160545E0,-1.549053550E0
1.155097010E1,-5.530411601E-1,9.590732574E0,-1.572981834E0
1.155334776E1,-5.961119533E-1,9.552447319E0,-1.608874083E0
1.155572541E1,-6.487540603E-1,9.533304214E0,-1.632802367E0
1.155810385E1,-6.200401783E-1,9.530911446E0,-1.628016710E0
1.156048229E1,-6.248258352E-1,9.516554832E0,-1.599302888E0
1.156285994E1,-6.296114326E-1,9.514162064E0,-1.577767372E0
1.156523765E1,-6.391827464E-1,9.511769295E0,-1.577767372E0
1.156761609E1,-6.391827464E-1,9.511769295E0,-1.587338686E0
1.156999448E1,-6.343970895E-1,9.535696983E0,-1.553839207E0
1.157237213E1,-6.487540603E-1,9.530911446E0,-1.544267893E0
1.157474984E1,-6.343970895E-1,9.552447319E0,-1.553839207E0
1.157712828E1,-5.338985324E-1,9.573982239E0,-1.477268934E0
1.157950666E1,-5.913262963E-1,9.657731056E0,-1.639980793E0
1.158188432E1,-6.774678826E-1,9.719944954E0,-1.807777524E0
1.158426198E1,-5.817549825E-1,9.676874161E0,-1.630409479E0
1.158664041E1,-4.642075896E-1,9.688838005E0,-1.594517231E0
1.158901885E1,-3.900300860E-1,9.712766647E0,-1.570588946E0
1.159139651E1,-4.211367965E-1,9.811170578E0,-1.793420553E0
1.159377416E1,-5.482555032E-1,9.803992271E0,-1.889133453E0
1.159615260E1,-5.626124144E-1,9.765408516E0,-1.730908036E0
1.159853104E1,-5.291129351E-1,9.724730492E0,-1.599302888E0
1.160090869E1,-4.809573591E-1,9.717552185E0,-1.527518153E0
1.160328635E1,-4.522434771E-1,9.667302132E0,-1.448554993E0
1.160566479E1,-4.426721931E-1,9.638588905E0,-1.343270779E0
1.160804323E1,-3.780659735E-1,9.676874161E0,-1.293021560E0
1.161042088E1,-3.062812984E-1,9.681659698E0,-1.254736423E0
1.161279854E1,-3.445664644E-1,9.681659698E0,-1.333699465E0
1.161517698E1,-4.019941986E-1,9.688838005E0,-1.357627749E0
1.161755541E1,-3.637090325E-1,9.724730492E0,-1.381555915E0
1.161993307E1,-3.565305769E-1,9.731908798E0,-1.407876968E0
1.162231072E1,-3.302095234E-1,9.755837440E0,-1.525125384E0
1.162468916E1,-3.469592929E-1,9.760622978E0,-1.582553029E0
1.162706760E1,-2.823530734E-1,9.782457352E0,-1.551446438E0
1.162944526E1,-4.618147612E-1,9.832706451E0,-1.862812400E0
1.163182291E1,-5.530411601E-1,9.792028427E0,-1.858026743E0
1.163420135E1,-5.267201066E-1,9.755837440E0,-1.738086581E0
1.163657979E1,-4.378865361E-1,9.755837440E0,-1.692622900E0
1.163895744E1,-5.506483316E-1,9.767801285E0,-1.884347796E0
1.164133515E1,-6.248258352E-1,9.724730492E0,-1.807777524E0
1.164371359E1,-7.061817646E-1,9.688838005E0,-1.752742529E0
1.164609198E1,-6.894320250E-1,9.655338287E0,-1.625623941E0
1.164846963E1,-6.511468887E-1,9.662516594E0,-1.505982757E0
1.165084734E1,-6.343970895E-1,9.640981674E0,-1.446162224E0
1.165322578E1,-5.889334679E-1,9.674481392E0,-1.460519075E0
1.165560416E1,-6.320042610E-1,9.681659698E0,-1.494018674E0
1.165798182E1,-6.607181430E-1,9.698409081E0,-1.491625786E0
1.166035948E1,-7.085745931E-1,9.755837440E0,-1.680658817E0
1.166273791E1,-9.215358496E-1,9.669695854E0,-1.671087503E0
1.166511635E1,-9.454640746E-1,9.633803368E0,-1.489233017E0
1.166749401E1,-5.937191248E-1,9.739087105E0,-1.484447360E0
1.166987171E1,-6.607181430E-1,9.681659698E0,-1.601695657E0
1.167225015E1,-4.594219327E-1,9.705587387E0,-1.661516190E0
1.167462854E1,-3.469592929E-1,9.765408516E0,-1.704586983E0
1.167700619E1,-4.977070987E-1,9.705587387E0,-1.690230131E0
1.167938385E1,-5.865406394E-1,9.674481392E0,-1.549053550E0
1.168176229E1,-5.745765567E-1,9.667302132E0,-1.462911963E0
1.168414072E1,-5.841478109E-1,9.662516594E0,-1.410269856E0
1.168651838E1,-5.769693851E-1,9.662516594E0,-1.443769336E0
1.168889604E1,-5.745765567E-1,9.655338287E0,-1.448554993E0
1.169127448E1,-5.889334679E-1,9.648159981E0,-1.434198022E0
1.169365291E1,-5.697908998E-1,9.676874161E0,-1.474876046E0
1.169603057E1,-5.075774789E-1,9.672088623E0,-1.407876968E0
1.169840828E1,-4.378865361E-1,9.667302132E0,-1.336092353E0
1.170078671E1,-4.570291340E-1,9.664909363E0,-1.450947881E0
1.170316510E1,-5.051847100E-1,9.667302132E0,-1.539482236E0
1.170554276E1,-4.857429862E-1,9.614660263E0,-1.443769336E0
1.170792046E1,-6.128616929E-1,9.600303650E0,-1.412662625E0
1.171029890E1,-8.736793399E-1,9.597910881E0,-1.446162224E0
1.171267729E1,-7.229315639E-1,9.617053032E0,-1.383948803E0
1.171505494E1,-3.661018610E-1,9.621838570E0,-1.235593796E0
1.171743265E1,-1.459621787E-1,9.612267494E0,-1.295414329E0
1.171981109E1,-2.775674164E-1,9.585947037E0,-1.333699465E0
1.172218948E1,-4.187439680E-1,9.605089188E0,-1.209272742E0
1.172456713E1,-1.603191197E-1,9.621838570E0,-1.120439172E0
1.172694484E1,-9.810572863E-2,9.669695854E0,-1.177866936E0
1.172932328E1,-1.507478207E-1,9.657731056E0,-1.202094316E0
1.173170166E1,-1.842473447E-1,9.667302132E0,-1.240379453E0
1.173407932E1,-2.440679073E-1,9.686445236E0,-1.247557878E0
1.173645698E1,-3.278166950E-1,9.741479874E0,-1.429412484E0
1.173883541E1,-4.211367965E-1,9.765408516E0,-1.529910922E0
1.174121385E1,-4.378865361E-1,9.755837440E0,-1.424626827E0
1.174359151E1,-2.799602449E-1,9.753444672E0,-1.161117196E0
1.174596921E1,-2.799602449E-1,9.755837440E0,-1.101296663E0
1.174834765E1,-3.684946895E-1,9.763015747E0,-1.182652593E0
1.175072604E1,-4.522434771E-1,9.722337723E0,-1.288235903E0
1.175310369E1,-4.857429862E-1,9.736694336E0,-1.283450246E0
1.175548135E1,-5.219344497E-1,9.772586823E0,-1.261914849E0
1.175785979E1,-4.091726840E-1,9.811170578E0,-1.182652593E0
1.176023822E1,-4.187439680E-1,9.859027863E0,-1.094118118E0
1.176261588E1,-6.224330068E-1,9.825528145E0,-1.024726272E0
1.176499359E1,-7.372884750E-1,9.849455833E0,-1.012762189E0
1.176737203E1,-1.339980662E-1,9.911669731E0,-1.139581800E0
1.176975041E1,2.324029058E-1,9.914062500E0,-1.170688510E0
1.177212807E1,1.989033818E-1,9.926026344E0,-1.197308660E0
1.177450578E1,-4.067798331E-2,9.916455269E0,-1.192523003E0
1.177688421E1,-1.794617027E-1,9.930811882E0,-1.125224829E0
1.177926260E1,-2.919243574E-1,9.940383911E0,-1.134796143E0
1.178164026E1,-2.919243574E-1,9.937990189E0,-1.103689432E0
1.178401791E1,-2.464607358E-1,9.959526062E0,-1.041476011E0
1.178639635E1,-2.560320199E-1,1.000020409E1,-1.053440213E0
1.178877479E1,-3.230310678E-1,9.952347755E0,-1.086939692E0
1.179115244E1,-3.469592929E-1,9.947562218E0,-1.077368379E0
1.179353015E1,-3.756731451E-1,1.000498962E1,-1.170688510E0
1.179590859E1,-3.852444589E-1,9.981060982E0,-1.113260746E0
1.179828698E1,-4.091726840E-1,1.002652550E1,-1.163509965E0
1.180066463E1,-4.881358147E-1,1.000977516E1,-1.218844056E0
1.180304234E1,-4.354937077E-1,1.002652550E1,-1.187737346E0
1.180542078E1,-4.259224236E-1,1.010788059E1,-1.360020518E0
1.180779916E1,-4.091726840E-1,1.017488003E1,-1.501197100E0
1.181017682E1,-3.852444589E-1,1.019402313E1,-1.563410521E0
1.181255453E1,-3.397808075E-1,1.017966557E1,-1.568196177E0
1.181493296E1,-2.584248483E-1,1.017009449E1,-1.623231053E0
1.181731135E1,-2.512463629E-1,1.017009449E1,-1.656730533E0
1.181968901E1,-2.225325108E-1,1.011266708E1,-1.666301847E0
1.182206671E1,-2.009970993E-1,1.007677460E1,-1.639980793E0
1.182444515E1,-1.555334777E-1,1.001695347E1,-1.596910000E0
1.182682354E1,-6.460621208E-2,9.957133293E0,-1.539482236E0
1.182920119E1,-3.349951655E-2,9.882955551E0,-1.479661703E0
1.183157890E1,6.251249462E-2,9.796813965E0,-1.338485122E0
1.183395734E1,1.462612897E-1,9.722337723E0,-1.226022482E0
1.183633573E1,2.084746659E-1,9.607481956E0,-1.127617717E0
1.183871338E1,2.347957194E-1,9.542876244E0,-1.043868899E0
1.184109109E1,3.017947674E-1,9.442377090E0,-9.314061999E-1
1.184346953E1,3.329014480E-1,9.382556915E0,-8.931210637E-1
1.184584791E1,3.664009571E-1,9.308379173E0,-8.596215248E-1
1.184822557E1,3.879363835E-1,9.248558998E0,-8.045865893E-1
1.185060328E1,4.214358926E-1,9.176474571E0,-7.351947427E-1
1.185298171E1,4.573282301E-1,9.128618240E0,-6.777670383E-1
1.185536010E1,5.721837282E-1,9.119047165E0,-6.251249313E-1
1.185773776E1,4.932205677E-1,9.087940216E0,-8.261220455E-1
1.186011546E1,4.812564552E-1,9.068798065E0,-7.758727670E-1
1.186249390E1,4.573282301E-1,9.123832703E0,-7.926225066E-1
1.186487234E1,4.477569461E-1,9.200403214E0,-8.715856671E-1
1.186725000E1,-1.914258115E-2,9.147761345E0,-8.117650747E-1
1.186962765E1,2.682952285E-1,9.162117958E0,-9.242277741E-1
1.187200609E1,4.932205677E-1,9.195617676E0,-8.955138922E-1
1.187438453E1,4.381856322E-1,9.183652878E0,-8.715856671E-1
1.187676218E1,2.108674943E-1,9.236594200E0,-9.050851464E-1
1.187913984E1,7.447660714E-2,9.334700584E0,-9.481559992E-1
1.188151828E1,6.490531564E-2,9.399306297E0,-8.883354068E-1
1.188389666E1,1.007976532E-1,9.425627708E0,-8.428717852E-1
1.188627432E1,1.223330572E-1,9.483055115E0,-8.644071817E-1
1.188865203E1,1.007976532E-1,9.564411163E0,-9.481559992E-1
1.189103046E1,6.490531564E-2,9.619445801E0,-1.063011408E0
1.189340885E1,1.435693540E-2,9.703194618E0,-1.137188911E0
1.189578651E1,-2.871387079E-2,9.806385040E0,-1.204487085E0
1.189816421E1,-1.914258115E-2,9.851848602E0,-1.276271820E0
1.190054265E1,4.785645287E-3,9.911669731E0,-1.290628672E0
1.190292104E1,7.178467698E-3,1.000020409E1,-1.316949725E0
1.190529869E1,7.447660714E-2,1.008395290E1,-1.252343535E0
1.190767640E1,5.024927482E-2,1.011505985E1,-1.235593796E0
1.191005484E1,-4.785645287E-3,1.015095139E1,-1.295414329E0
1.191243328E1,4.785645287E-3,1.025145054E1,-1.264307618E0
1.191481093E1,-4.785645287E-3,1.038814068E1,-1.307378531E0
1.191718859E1,1.079761237E-1,1.043599701E1,-1.180259824E0
1.191956703E1,-1.196411345E-2,1.040249729E1,-1.211665511E0
1.192194546E1,-5.503492057E-2,1.042164040E1,-1.245165110E0
1.192432312E1,-8.853443712E-2,1.045992470E1,-1.190130115E0
1.192670078E1,-9.810572863E-2,1.051256752E1,-1.177866936E0
1.192907921E1,-1.674975902E-1,1.049820995E1,-1.204487085E0
1.193145765E1,-2.344966233E-1,1.049581718E1,-1.194915771E0
1.193383531E1,-2.057827413E-1,1.054128075E1,-1.168295622E0
1.193621296E1,-2.009970993E-1,1.062502956E1,-1.348056436E0
1.193859140E1,-2.105683982E-1,1.064177990E1,-1.427019596E0
1.194096984E1,-3.254238665E-1,1.052213860E1,-1.486840129E0
1.194334750E1,-4.402793646E-1,1.041685390E1,-1.455733418E0
1.194572515E1,-5.075774789E-1,1.033789158E1,-1.460519075E0
1.194810359E1,-5.123631358E-1,1.025623608E1,-1.448554993E0
1.195048203E1,-5.075774789E-1,1.018445110E1,-1.400698543E0
1.195285968E1,-5.075774789E-1,1.012702370E1,-1.326521039E0
1.195523734E1,-4.689932466E-1,1.008156013E1,-1.264307618E0
1.195761578E1,-4.474578202E-1,1.002173901E1,-1.245165110E0
1.195999421E1,-4.235295951E-1,9.976275444E0,-1.209272742E0
1.196237187E1,-4.354937077E-1,9.909276962E0,-1.187737346E0
1.196474953E1,-4.498506486E-1,9.854242325E0,-1.257129192E0
1.196712796E1,-4.761717021E-1,9.803992271E0,-1.357627749E0
1.196950640E1,-4.378865361E-1,9.746265411E0,-1.405484200E0
1.197188406E1,-4.450650215E-1,9.700801849E0,-1.525125384E0
1.197426171E1,-4.331009090E-1,9.655338287E0,-1.580160260E0
1.197664015E1,-3.062812984E-1,9.820742607E0,-1.726122379E0
1.197901859E1,-2.464607358E-1,9.827920914E0,-1.769492388E0
1.198139625E1,-3.349951804E-1,9.715159416E0,-1.817348838E0
1.198377390E1,-3.924229145E-1,9.667302132E0,-1.786242127E0
1.198615234E1,-4.067798555E-1,9.624231339E0,-1.714158297E0
1.198853078E1,-4.115654826E-1,9.585947037E0,-1.683051586E0
1.199090843E1,-3.972085714E-1,9.576375008E0,-1.584945917E0
1.199328609E1,-3.349951804E-1,9.535696983E0,-1.462911963E0
1.199566453E1,-2.799602449E-1,9.499805450E0,-1.340878010E0
1.199804296E1,-3.469592929E-1,9.514162064E0,-1.223629713E0
1.200042062E1,-2.656033039E-1,9.490233421E0,-1.139581800E0
1.200279828E1,-2.033899277E-1,9.492626190E0,-1.079761267E0
1.200517671E1,-1.651047617E-1,9.506983757E0,-1.055832982E0
1.200755515E1,-1.674975902E-1,9.559625626E0,-1.101296663E0
1.200993281E1,-2.105683982E-1,9.547661781E0,-1.168295622E0
1.201231046E1,-2.321037948E-1,9.633803368E0,-1.247557878E0
1.201468890E1,-3.182454109E-1,9.669695854E0,-1.362413406E0
1.201706734E1,-4.331009090E-1,9.667302132E0,-1.458126307E0
1.201944500E1,-4.881358147E-1,9.758230209E0,-1.541875124E0
1.202182265E1,-5.458626747E-1,9.803992271E0,-1.589731574E0
1.202420109E1,-5.769693851E-1,9.830313683E0,-1.539482236E0
1.202657953E1,-6.080760360E-1,9.842277527E0,-1.484447360E0
1.202895718E1,-6.798607111E-1,9.827920914E0,-1.486840129E0
1.203133484E1,-7.037889361E-1,9.847063065E0,-1.434198022E0
1.203371328E1,-7.755736113E-1,9.854242325E0,-1.419841170E0
1.203609171E1,-8.377870321E-1,9.832706451E0,-1.362413406E0
1.203846937E1,-8.641080856E-1,9.825528145E0,-1.312164068E0
1.204084703E1,-8.976075649E-1,9.863813400E0,-1.283450246E0
1.204322546E1,-9.215358496E-1,9.847063065E0,-1.302592874E0
1.204560390E1,-9.693922997E-1,9.801599503E0,-1.338485122E0
1.204798156E1,-9.789635539E-1,9.777671814E0,-1.345663667E0
1.205035921E1,-1.050748229E0,9.717552185E0,-1.316949725E0
1.205273765E1,-9.191430211E-1,9.705587387E0,-1.328913927E0
1.205511609E1,-8.234301209E-1,9.686445236E0,-1.381555915E0
1.205749374E1,-8.641080856E-1,9.650552750E0,-1.431805253E0
1.205987140E1,-9.095717072E-1,9.650552750E0,-1.386341572E0
1.206224984E1,-9.239286184E-1,9.631410599E0,-1.357627749E0
1.206462828E1,-9.143573642E-1,9.621838570E0,-1.293021560E0
1.206700593E1,-8.976075649E-1,9.624231339E0,-1.199701428E0
1.206938359E1,-9.358927608E-1,9.595518112E0,-1.177866936E0
1.207176203E1,-9.693922997E-1,9.557232857E0,-1.141974568E0
1.207414046E1,-9.215358496E-1,9.573982239E0,-1.096511006E0
1.207651812E1,-8.688937426E-1,9.554840088E0,-1.089332461E0
1.207889578E1,-8.497511148E-1,9.566803932E0,-1.084546804E0
1.208127421E1,-8.258228898E-1,9.538089752E0,-1.108475089E0
1.208365265E1,-8.090731502E-1,9.566803932E0,-1.127617717E0
1.208603031E1,-8.353942037E-1,9.609874725E0,-1.187737346E0
1.208840796E1,-8.306085467E-1,9.655338287E0,-1.249950767E0
1.209078640E1,-8.712865710E-1,9.676874161E0,-1.295414329E0
1.209316484E1,-8.904291391E-1,9.729516029E0,-1.362413406E0
1.209554250E1,-9.047860503E-1,9.739087105E0,-1.395912886E0
1.209792015E1,-9.239286184E-1,9.767801285E0,-1.417448282E0
1.210029859E1,-9.215358496E-1,9.799206734E0,-1.455733418E0
1.210267703E1,-9.000003934E-1,9.796813965E0,-1.474876046E0
1.210505468E1,-8.928219676E-1,9.775279045E0,-1.470090389E0
1.210743234E1,-8.808578253E-1,9.787242889E0,-1.455733418E0
1.210981078E1,-8.282157183E-1,9.789635658E0,-1.400698543E0
1.211218921E1,-7.755736113E-1,9.782457352E0,-1.376770377E0
1.211456687E1,-7.636095285E-1,9.734301567E0,-1.407876968E0
1.211694453E1,-7.731808424E-1,9.688838005E0,-1.438983679E0
1.211932296E1,-8.042874932E-1,9.676874161E0,-1.400698543E0
1.212170140E1,-8.449655175E-1,9.696016312E0,-1.582553029E0
1.212407906E1,-8.114659786E-1,9.736694336E0,-1.534696579E0
1.212645671E1,-1.290329576E0,9.605089188E0,-1.427019596E0
1.212883515E1,-1.077368379E0,9.538089752E0,-1.448554993E0
1.213121359E1,-4.043870270E-1,9.504590988E0,-1.360020518E0
1.213359125E1,-9.571290761E-2,9.420842171E0,-1.115653515E0
1.213596890E1,-4.091726840E-1,9.248558998E0,-1.139581800E0
1.213834734E1,-2.057827413E-1,9.265308380E0,-1.137188911E0
1.214072578E1,-1.507478207E-1,9.267701149E0,-1.039083242E0
1.214310343E1,-1.100698411E-1,9.243772507E0,-8.787640929E-1
1.214548109E1,-9.810572863E-2,9.229415894E0,-7.447660565E-1
1.214785953E1,-1.052841991E-1,9.243772507E0,-6.658028960E-1
1.215023796E1,-8.374879509E-2,9.255737305E0,-6.056832075E-1
1.215261562E1,-1.052841991E-1,9.294022560E0,-6.056832075E-1
1.215499328E1,-1.148554832E-1,9.322735786E0,-6.251249313E-1
1.215737171E1,-1.076770201E-1,9.363413811E0,-6.466603279E-1
1.215975015E1,-1.052841991E-1,9.413662910E0,-6.586244106E-1
1.216212781E1,-9.571290761E-2,9.447162628E0,-6.562315822E-1
1.216450546E1,-1.363908947E-1,9.487840652E0,-7.136593461E-1
1.216688390E1,-1.172483116E-1,9.533304214E0,-7.064808607E-1
1.216926234E1,-1.435693651E-1,9.573982239E0,-6.945167780E-1
1.217164000E1,-1.603191197E-1,9.605089188E0,-6.921239495E-1
1.217401765E1,-1.555334777E-1,9.648159981E0,-7.280163169E-1
1.217639609E1,-1.842473447E-1,9.686445236E0,-7.184450030E-1
1.217877453E1,-2.297109663E-1,9.707980156E0,-7.375875711E-1
1.218115218E1,-2.703889608E-1,9.729516029E0,-7.830511928E-1
1.218352984E1,-3.517449200E-1,9.763015747E0,-8.356932998E-1
1.218590828E1,-4.235295951E-1,9.782457352E0,-9.074779749E-1
1.218828671E1,-4.546363056E-1,9.839884758E0,-9.505487680E-1
1.219066437E1,-4.642075896E-1,9.842277527E0,-9.672985673E-1
1.219304203E1,-4.833501875E-1,9.837491989E0,-9.361918569E-1
1.219542046E1,-4.474578202E-1,9.882955551E0,-9.553344250E-1
1.219779890E1,-4.091726840E-1,9.882955551E0,-9.361918569E-1
1.220017656E1,-3.373879790E-1,9.957133293E0,-1.096511006E0
1.220255421E1,-6.607181430E-1,9.983454704E0,-1.417448282E0
1.220493265E1,-4.881358147E-1,9.916455269E0,-1.019940615E0
1.220731109E1,-5.147559643E-1,9.928419113E0,-9.625129104E-1
1.220968875E1,-4.785645306E-1,9.937990189E0,-9.242277741E-1
1.221206640E1,-4.785645306E-1,9.971489906E0,-8.428717852E-1
1.221444484E1,-5.338985324E-1,1.000498962E1,-8.117650747E-1
1.221682328E1,-5.650052428E-1,1.001934624E1,-7.280163169E-1
1.221920093E1,-6.152545214E-1,1.005523872E1,-7.280163169E-1
1.222157859E1,-6.702894568E-1,1.009352398E1,-7.567301393E-1
1.222395703E1,-6.511468887E-1,1.011984539E1,-7.686942816E-1
1.222633546E1,-5.147559643E-1,1.019402313E1,-7.064808607E-1
1.222871312E1,-4.211367965E-1,1.023948669E1,-6.969096065E-1
1.223109078E1,-4.211367965E-1,1.027059269E1,-7.902296782E-1
1.223346921E1,-5.458626747E-1,1.026341438E1,-9.409775138E-1
1.223584765E1,-7.181459069E-1,1.021795082E1,-1.134796143E0
1.223822531E1,-8.330013752E-1,1.028973579E1,-1.228415370E0
1.224060296E1,-8.736793399E-1,1.040967560E1,-1.374377489E0
1.224298140E1,-9.574281573E-1,1.043360424E1,-1.407876968E0
1.224535984E1,-1.043569803E0,1.042642593E1,-1.419841170E0
1.224773750E1,-1.108475089E0,1.037378311E1,-1.446162224E0
1.225011515E1,-1.158724308E0,1.032802105E1,-1.434198022E0
1.225249359E1,-1.168295622E0,1.027298546E1,-1.453340650E0
1.225487203E1,-1.161117196E0,1.023470020E1,-1.479661703E0
1.225724968E1,-1.173081279E0,1.018445110E1,-1.460519075E0
1.225962734E1,-1.125224829E0,1.010070229E1,-1.448554993E0
1.226200578E1,-1.120439172E0,1.003609657E1,-1.494018674E0
1.226438421E1,-1.094118118E0,9.995418549E0,-1.486840129E0
1.226676187E1,-1.101296663E0,9.928419113E0,-1.508375525E0
1.226913953E1,-1.055533886E0,9.911669731E0,-1.517946839E0
1.227151796E1,-1.029212832E0,9.847063065E0,-1.513161182E0
1.227389640E1,-1.014855862E0,9.813564301E0,-1.561017632E0
1.227627406E1,-9.717850685E-1,9.827920914E0,-1.558624864E0
1.227865171E1,-9.622138143E-1,9.787242889E0,-1.541875124E0
1.228103015E1,-9.095717072E-1,9.789635658E0,-1.489233017E0
1.228340859E1,-8.976075649E-1,9.799206734E0,-1.467697620E0
1.228578624E1,-8.904291391E-1,9.782457352E0,-1.448554993E0
1.228816390E1,-8.880363107E-1,9.796813965E0,-1.429412484E0
1.229054234E1,-8.736793399E-1,9.820742607E0,-1.410269856E0
1.229292078E1,-8.880363107E-1,9.823135376E0,-1.422233939E0
1.229529843E1,-8.880363107E-1,9.830313683E0,-1.398305774E0
1.229767609E1,-9.167501926E-1,9.830313683E0,-1.405484200E0
1.230005453E1,-9.119645357E-1,9.832706451E0,-1.417448282E0
1.230243296E1,-9.119645357E-1,9.818349838E0,-1.410269856E0
1.230481062E1,-8.976075649E-1,9.803992271E0,-1.381555915E0
1.230718828E1,-8.018946648E-1,9.830313683E0,-1.304985642E0
1.230956671E1,-7.492526174E-1,9.813564301E0,-1.259521961E0
1.231194515E1,-7.899305820E-1,9.787242889E0,-1.355234981E0
1.231432281E1,-7.803592682E-1,9.808777809E0,-1.343270779E0
1.231670046E1,-7.636095285E-1,9.815957069E0,-1.350449324E0
1.231907890E1,-8.090731502E-1,9.794421196E0,-1.434198022E0
1.232145734E1,-8.090731502E-1,9.729516029E0,-1.398305774E0
1.232383500E1,-7.588238716E-1,9.751050949E0,-1.362413406E0
1.232621265E1,-7.205387354E-1,9.719944954E0,-1.355234981E0
1.232859109E1,-8.018946648E-1,9.686445236E0,-1.403091431E0
1.233096953E1,-8.282157183E-1,9.672088623E0,-1.388734460E0
1.233334718E1,-7.779664397E-1,9.655338287E0,-1.328913927E0
1.233572484E1,-7.636095285E-1,9.633803368E0,-1.307378531E0
1.233810328E1,-7.660023570E-1,9.581160545E0,-1.269093275E0
1.234048171E1,-7.516453862E-1,9.569196701E0,-1.228415370E0
1.234285937E1,-7.229315639E-1,9.554840088E0,-1.216451168E0
1.234523703E1,-7.013961077E-1,9.538089752E0,-1.187737346E0
1.234761546E1,-6.966105103E-1,9.511769295E0,-1.173081279E0
1.234999390E1,-7.037889361E-1,9.511769295E0,-1.190130115E0
1.235237156E1,-7.420741320E-1,9.530911446E0,-1.233201027E0
1.235474921E1,-7.779664397E-1,9.540482521E0,-1.304985642E0
1.235712765E1,-8.066803217E-1,9.547661781E0,-1.338485122E0
1.235950609E1,-7.277171612E-1,9.576375008E0,-1.316949725E0
1.236188374E1,-6.272186637E-1,9.609874725E0,-1.295414329E0
1.236426140E1,-6.463612318E-1,9.669695854E0,-1.367199063E0
1.236663984E1,-6.774678826E-1,9.652945518E0,-1.407876968E0
1.236901828E1,-6.559324861E-1,9.693623543E0,-1.376770377E0
1.237139593E1,-6.367899179E-1,9.698409081E0,-1.376770377E0
1.237377359E1,-6.583253145E-1,9.688838005E0,-1.369591832E0
1.237615203E1,-6.774678826E-1,9.691230774E0,-1.350449324E0
1.237853046E1,-7.061817646E-1,9.674481392E0,-1.374377489E0
1.238090812E1,-7.109674215E-1,9.662516594E0,-1.362413406E0
1.238328578E1,-6.942176819E-1,9.664909363E0,-1.352842093E0
1.238566421E1,-6.846463680E-1,9.662516594E0,-1.321735382E0
1.238804265E1,-6.822535396E-1,9.638588905E0,-1.338485122E0
1.239042031E1,-6.846463680E-1,9.631410599E0,-1.379163146E0
1.239279796E1,-6.726822853E-1,9.664909363E0,-1.403091431E0
1.239517640E1,-6.750751138E-1,9.679266930E0,-1.424626827E0
1.239755484E1,-7.253243923E-1,9.676874161E0,-1.489233017E0
1.239993250E1,-6.128616929E-1,9.633803368E0,-1.369591832E0
1.240231015E1,-5.482555032E-1,9.669695854E0,-1.393520117E0
1.240468859E1,-6.822535396E-1,9.684052467E0,-1.594517231E0
1.240706703E1,-6.367899179E-1,9.624231339E0,-1.438983679E0
1.240944468E1,-5.386841893E-1,9.600303650E0,-1.278664589E0
1.241182234E1,-5.291129351E-1,9.631410599E0,-1.336092353E0
1.241420078E1,-6.248258352E-1,9.645767212E0,-1.412662625E0
1.241657921E1,-6.128616929E-1,9.609874725E0,-1.357627749E0
1.241895687E1,-5.817549825E-1,9.593125343E0,-1.285843015E0
1.242133453E1,-5.673980713E-1,9.605089188E0,-1.237986565E0
1.242371296E1,-5.219344497E-1,9.617053032E0,-1.230808139E0
1.242609140E1,-5.291129351E-1,9.597910881E0,-1.245165110E0
1.242846906E1,-5.434698462E-1,9.571589470E0,-1.252343535E0
1.243084671E1,-5.315057039E-1,9.566803932E0,-1.266700506E0
1.243322515E1,-5.338985324E-1,9.533304214E0,-1.264307618E0
1.243560359E1,-5.171487927E-1,9.533304214E0,-1.304985642E0
1.243798125E1,-5.338985324E-1,9.533304214E0,-1.321735382E0
1.244035890E1,-5.267201066E-1,9.497411728E0,-1.326521039E0
1.244273734E1,-5.362913609E-1,9.499805450E0,-1.336092353E0
1.244511578E1,-5.362913609E-1,9.516554832E0,-1.312164068E0
1.244749343E1,-5.530411601E-1,9.542876244E0,-1.290628672E0
1.244987109E1,-5.458626747E-1,9.545269012E0,-1.302592874E0
1.245224953E1,-4.067798555E-1,9.607481956E0,-1.197308660E0
1.245462796E1,-5.793621540E-1,9.712766647E0,-1.580160260E0
1.245700562E1,-7.109674215E-1,9.652945518E0,-1.525125384E0
1.245938328E1,-6.128616929E-1,9.597910881E0,-1.185344458E0
1.246176171E1,-4.019941986E-1,9.621838570E0,-8.476574421E-1
1.246414015E1,-6.487540603E-1,9.700801849E0,-1.424626827E0
1.246651781E1,-1.084546804E0,9.660123825E0,-1.685444474E0
1.246889546E1,-8.712865710E-1,9.559625626E0,-1.228415370E0
1.247127390E1,-6.655037999E-1,9.509376526E0,-1.039083242E0
1.247365234E1,-6.032904387E-1,9.497411728E0,-9.936196208E-1
1.247603000E1,-6.104688644E-1,9.552447319E0,-1.003190875E0
1.247840765E1,-6.583253145E-1,9.569196701E0,-9.912267923E-1
1.248078609E1,-6.415755749E-1,9.600303650E0,-9.888339639E-1
1.248316453E1,-6.559324861E-1,9.643374443E0,-1.070189953E0
1.248554218E1,-6.008976102E-1,9.686445236E0,-1.055832982E0
1.248791984E1,-5.793621540E-1,9.743872643E0,-1.082154036E0
1.249029828E1,-5.650052428E-1,9.775279045E0,-1.132403374E0
1.249267671E1,-5.315057039E-1,9.803992271E0,-1.146760225E0
1.249505437E1,-5.530411601E-1,9.854242325E0,-1.216451168E0
1.249743203E1,-5.530411601E-1,9.873384476E0,-1.233201027E0
1.249981046E1,-5.961119533E-1,9.899705887E0,-1.259521961E0
1.250218890E1,-5.673980713E-1,9.866206169E0,-1.199701428E0
1.250456656E1,-5.530411601E-1,9.870991707E0,-1.168295622E0
1.250694421E1,-5.650052428E-1,9.844670296E0,-1.216451168E0
1.250932265E1,-5.793621540E-1,9.844670296E0,-1.177866936E0
1.251170109E1,-5.506483316E-1,9.830313683E0,-1.158724308E0
1.251407874E1,-5.769693851E-1,9.835099220E0,-1.182652593E0
1.251645640E1,-6.032904387E-1,9.815957069E0,-1.149153113E0
1.251883484E1,-5.961119533E-1,9.780064583E0,-1.132403374E0
1.252121328E1,-5.530411601E-1,9.787242889E0,-1.127617717E0
1.252359093E1,-4.666004181E-1,9.792028427E0,-1.034297585E0
1.252596859E1,-4.857429862E-1,9.770194054E0,-1.089332461E0
1.252834703E1,-4.785645306E-1,9.780064583E0,-1.110867858E0
1.253072546E1,-4.929214716E-1,9.787242889E0,-1.110867858E0
1.253310312E1,-4.522434771E-1,9.789635658E0,-1.086939692E0
1.253548078E1,-4.785645306E-1,9.801599503E0,-1.149153113E0
1.253785921E1,-4.785645306E-1,9.823135376E0,-1.130010486E0
1.254023765E1,-4.618147612E-1,9.770194054E0,-1.089332461E0
1.254261531E1,-4.474578202E-1,9.748658180E0,-1.046261668E0
1.254499296E1,-3.732803464E-1,9.751050949E0,-1.017547846E0
1.254737140E1,-3.493520916E-1,9.734301567E0,-9.840483069E-1
1.254974984E1,-3.158525825E-1,9.672088623E0,-9.361918569E-1
1.255212750E1,-2.895315289E-1,9.662516594E0,-9.074779749E-1
1.255450515E1,-3.062812984E-1,9.612267494E0,-8.883354068E-1
1.255688359E1,-2.967100143E-1,9.588339806E0,-8.668000102E-1
1.255926203E1,-3.182454109E-1,9.583553314E0,-8.787640929E-1
1.256163968E1,-3.493520916E-1,9.540482521E0,-9.026923180E-1
1.256401734E1,-2.943171859E-1,9.523733139E0,-8.452646136E-1
1.256639578E1,-2.177468538E-1,9.497411728E0,-7.639086246E-1
1.256877421E1,-2.081755698E-1,9.506983757E0,-7.208378315E-1
1.257115187E1,-1.339980662E-1,9.502198219E0,-6.753742099E-1
1.257352953E1,-1.363908947E-1,9.487840652E0,-6.825526357E-1
1.257590796E1,-1.531406492E-1,9.516554832E0,-7.399803996E-1
1.257828640E1,-1.938186288E-1,9.518947601E0,-6.969096065E-1
1.258066406E1,-1.962114573E-1,9.516554832E0,-7.232306600E-1
1.258304171E1,-1.842473447E-1,9.511769295E0,-6.825526357E-1
1.258542015E1,-1.890329868E-1,9.497411728E0,-6.705885530E-1
1.258779859E1,-1.842473447E-1,9.526125908E0,-6.610172391E-1
1.259017624E1,-1.938186288E-1,9.528518677E0,-6.323033571E-1
1.259255390E1,-1.914258152E-1,9.564411163E0,-5.697908998E-1
1.259493234E1,-1.722832322E-1,9.609874725E0,-5.506483316E-1
1.259731078E1,-2.273181528E-1,9.602696419E0,-5.530411601E-1
1.259968843E1,-1.794617027E-1,9.612267494E0,-4.716851711E-1
1.260206609E1,-1.435693651E-1,9.705587387E0,-4.692923427E-1
1.260444453E1,-1.220339537E-1,9.775279045E0,-5.769693851E-1
1.260682296E1,-1.938186288E-1,9.885348320E0,-6.681957245E-1
1.260920062E1,-2.536391914E-1,9.926026344E0,-7.136593461E-1
1.261157828E1,-2.679961324E-1,9.981060982E0,-7.519445419E-1
1.261395671E1,-2.751746178E-1,1.002173901E1,-7.902296782E-1
1.261633515E1,-2.919243574E-1,1.005523872E1,-8.380861282E-1
1.261871281E1,-3.038884699E-1,1.007677460E1,-8.715856671E-1
1.262109046E1,-3.373879790E-1,1.009113121E1,-8.835497499E-1
1.262346890E1,-3.613162339E-1,1.009830952E1,-9.337990284E-1
1.262584734E1,-3.756731451E-1,1.013180923E1,-9.481559992E-1
1.262822500E1,-3.804588020E-1,1.014855862E1,-9.792626500E-1
1.263060265E1,-4.115654826E-1,1.016530895E1,-9.720842242E-1
1.263298109E1,-4.115654826E-1,1.020120144E1,-9.194421172E-1
1.263535953E1,-4.450650215E-1,1.019880867E1,-9.649057388E-1
1.263773718E1,-5.075774789E-1,1.020598698E1,-9.912267923E-1
1.264011484E1,-5.024927258E-1,1.019880867E1,-9.314061999E-1
1.264249328E1,-5.171487927E-1,1.017248726E1,-9.242277741E-1
1.264487171E1,-5.506483316E-1,1.019162941E1,-9.242277741E-1
1.264724937E1,-5.506483316E-1,1.018445110E1,-9.433703423E-1
1.264962703E1,-6.032904387E-1,1.020359421E1,-9.625129104E-1
1.265200546E1,-6.152545214E-1,1.019162941E1,-9.768698215E-1
1.265438390E1,-6.415755749E-1,1.019880867E1,-9.960124493E-1
1.265676156E1,-6.918248534E-1,1.017488003E1,-1.029511929E0
1.265913927E1,-7.109674215E-1,1.018445110E1,-1.041476011E0
1.266151770E1,-7.301099896E-1,1.016291618E1,-1.043868899E0
1.266389609E1,-7.253243923E-1,1.017009449E1,-1.070189953E0
1.266627375E1,-7.325028181E-1,1.015813065E1,-1.120439172E0
1.266865140E1,-7.372884750E-1,1.013180923E1,-1.146760225E0
1.267102984E1,-7.277171612E-1,1.011266708E1,-1.180259824E0
1.267340828E1,-6.942176819E-1,1.007916737E1,-1.180259824E0
1.267578593E1,-7.037889361E-1,1.006480980E1,-1.223629713E0
1.267816359E1,-7.085745931E-1,1.005763149E1,-1.290628672E0
1.268054203E1,-6.798607111E-1,1.005763149E1,-1.297807217E0
1.268292046E1,-6.248258352E-1,1.005045319E1,-1.326521039E0
1.268529812E1,-6.056832075E-1,1.005284595E1,-1.333699465E0
1.268767578E1,-5.482555032E-1,1.003609657E1,-1.374377489E0
1.269005421E1,-4.857429862E-1,1.001456070E1,-1.343270779E0
1.269243265E1,-3.206382394E-1,9.993025780E0,-1.202094316E0
1.269481031E1,-4.331009090E-1,9.945169449E0,-1.470090389E0
1.269718802E1,-5.171487927E-1,9.933204651E0,-1.544267893E0
1.269956645E1,-3.110669553E-1,9.892526627E0,-1.249950767E0
1.270194484E1,-3.589234054E-1,9.866206169E0,-1.393520117E0
1.270432250E1,-2.584248483E-1,9.832706451E0,-1.307378531E0
1.270670020E1,-1.148554832E-1,9.799206734E0,-1.228415370E0
1.270907864E1,-5.982056633E-2,9.765408516E0,-1.319342613E0
1.271145703E1,-1.651047617E-1,9.693623543E0,-1.448554993E0
1.271383468E1,-1.866401732E-1,9.530911446E0,-1.321735382E0
1.271621234E1,-1.866401732E-1,9.495018959E0,-1.319342613E0
1.271859078E1,-9.571290761E-2,9.473484039E0,-1.214058399E0
1.272096921E1,-4.785645381E-2,9.437591553E0,-1.110867858E0
1.272334687E1,-2.871387079E-2,9.396913528E0,-1.046261668E0
1.272572453E1,6.753742099E-1,9.380164146E0,-7.208377868E-2
1.272810296E1,2.012962103E-1,9.602696419E0,-1.192523003E0
1.273048140E1,-3.326023519E-1,9.497411728E0,-1.592124343E0
1.273285906E1,8.883354068E-2,9.361021042E0,-6.705885530E-1
1.273523671E1,2.108674943E-1,9.337093353E0,-6.681957245E-1
1.273761515E1,1.917249113E-1,9.329915047E0,-7.854440212E-1
1.273999359E1,1.486541033E-1,9.329915047E0,-7.830511928E-1
1.274237125E1,1.773679852E-1,9.341878891E0,-6.753742099E-1
1.274474890E1,2.012962103E-1,9.372985840E0,-6.753742099E-1
1.274712734E1,1.893320978E-1,9.401699066E0,-7.256234884E-1
1.274950578E1,1.438684613E-1,9.425627708E0,-7.351947427E-1
1.275188343E1,1.965105534E-1,9.451948166E0,-6.681957245E-1
1.275426114E1,1.893320978E-1,9.499805450E0,-6.658028960E-1
1.275663958E1,1.534397453E-1,9.542876244E0,-7.304090858E-1
1.275901796E1,1.007976532E-1,9.600303650E0,-7.782655358E-1
1.276139562E1,7.208377868E-2,9.667302132E0,-7.902296782E-1
1.276377333E1,-7.178467698E-3,9.705587387E0,-8.117650747E-1
1.276615177E1,-5.024927482E-2,9.698409081E0,-8.237292171E-1
1.276853015E1,-1.387837082E-1,9.722337723E0,-8.285148144E-1
1.277090781E1,-1.627119333E-1,9.743872643E0,-8.524430394E-1
1.277328546E1,-2.057827413E-1,9.722337723E0,-8.524430394E-1
1.277566390E1,-2.416750938E-1,9.736694336E0,-8.787640929E-1
1.277804234E1,-2.703889608E-1,9.748658180E0,-9.026923180E-1
1.278042000E1,-3.349951804E-1,9.755837440E0,-9.266205430E-1
1.278279770E1,-4.235295951E-1,9.746265411E0,-9.433703423E-1
1.278517614E1,-4.307080805E-1,9.717552185E0,-9.074779749E-1
1.278755453E1,-4.354937077E-1,9.741479874E0,-9.098708034E-1
1.278993218E1,-4.833501875E-1,9.743872643E0,-9.433703423E-1
1.279230989E1,-4.809573591E-1,9.739087105E0,-9.002995491E-1
1.279468833E1,-4.929214716E-1,9.729516029E0,-8.524430394E-1
1.279706671E1,-5.626124144E-1,9.763015747E0,-9.170492887E-1
1.279944437E1,-5.745765567E-1,9.755837440E0,-8.931210637E-1
1.280182208E1,-6.152545214E-1,9.782457352E0,-8.859425783E-1
1.280420052E1,-6.391827464E-1,9.760622978E0,-8.380861282E-1
1.280657890E1,-5.650052428E-1,9.765408516E0,-7.399803996E-1
1.280895656E1,-5.626124144E-1,9.844670296E0,-7.806583643E-1
1.281133427E1,-6.391827464E-1,9.856635094E0,-8.835497499E-1
1.281371270E1,-6.583253145E-1,9.904491425E0,-8.093722463E-1
1.281609109E1,-6.559324861E-1,9.930811882E0,-7.567301393E-1
1.281846874E1,-6.367899179E-1,9.976275444E0,-8.404789567E-1
1.282084645E1,-6.846463680E-1,9.988240242E0,-8.691928387E-1
1.282322489E1,-7.348956466E-1,1.002652550E1,-9.266205430E-1
1.282560328E1,-7.205387354E-1,1.004327488E1,-9.361918569E-1
1.282798093E1,-6.870391965E-1,1.004327488E1,-9.553344250E-1
1.283035864E1,-7.085745931E-1,1.009113121E1,-9.744769931E-1
1.283273708E1,-7.085745931E-1,1.009591675E1,-9.936196208E-1
1.283511546E1,-7.707880139E-1,1.011505985E1,-1.046261668E0
1.283749312E1,-7.851449251E-1,1.012223816E1,-1.022333503E0
1.283987083E1,-7.420741320E-1,1.011505985E1,-1.053440213E0
1.284224927E1,-7.492526174E-1,1.010309505E1,-1.063011408E0
1.284462765E1,-7.588238716E-1,1.007677460E1,-1.067797065E0
1.284700531E1,-7.301099896E-1,1.005763149E1,-1.000798106E0
1.284938302E1,-6.942176819E-1,1.007198906E1,-1.022333503E0
1.285176145E1,-7.157530785E-1,1.003131104E1,-1.070189953E0
1.285413984E1,-7.516453862E-1,1.003131104E1,-1.089332461E0
1.285651750E1,-7.205387354E-1,1.003848934E1,-1.065404296E0
1.285889520E1,-6.942176819E-1,1.002173901E1,-1.051047325E0
1.286127364E1,-6.774678826E-1,1.001216793E1,-1.091725349E0
1.286365203E1,-6.894320250E-1,1.000498962E1,-1.132403374E0
1.286602968E1,-6.750751138E-1,9.997811317E0,-1.156331539E0
1.286840739E1,-6.990033388E-1,1.000738239E1,-1.226022482E0
1.287078583E1,-6.870391965E-1,9.981060982E0,-1.245165110E0
1.287316421E1,-7.133602500E-1,9.966704369E0,-1.247557878E0
1.287554187E1,-7.444669604E-1,9.981060982E0,-1.259521961E0
1.287791958E1,-7.468597889E-1,9.964311600E0,-1.247557878E0
1.288029802E1,-7.468597889E-1,9.933204651E0,-1.245165110E0
1.288267640E1,-7.827520967E-1,9.933204651E0,-1.237986565E0
1.288505406E1,-8.138588071E-1,9.914062500E0,-1.254736423E0
1.288743171E1,-8.401798606E-1,9.887741089E0,-1.237986565E0
1.288981015E1,-8.306085467E-1,9.856635094E0,-1.218844056E0
1.289218859E1,-7.851449251E-1,9.863813400E0,-1.168295622E0
1.289456624E1,-8.090731502E-1,9.835099220E0,-1.185344458E0
1.289694395E1,-8.210372925E-1,9.796813965E0,-1.192523003E0
1.289932239E1,-8.234301209E-1,9.820742607E0,-1.197308660E0
1.290170078E1,-8.330013752E-1,9.782457352E0,-1.242772222E0
1.290407843E1,-8.688937426E-1,9.767801285E0,-1.247557878E0
1.290645614E1,-8.234301209E-1,9.763015747E0,-1.214058399E0
1.290883458E1,-7.947162390E-1,9.767801285E0,-1.252343535E0
1.291121296E1,-7.875377536E-1,9.770194054E0,-1.254736423E0
1.291359062E1,-7.516453862E-1,9.820742607E0,-1.312164068E0
1.291596833E1,-6.894320250E-1,9.839884758E0,-1.283450246E0
1.291834677E1,-6.439684033E-1,9.866206169E0,-1.285843015E0
1.292072520E1,-5.578267574E-1,9.866206169E0,-1.281057477E0
1.292310286E1,-3.230310678E-1,9.892526627E0,-1.110867858E0
1.292548052E1,-2.033899277E-1,9.945169449E0,-1.060618639E0
1.292785895E1,-2.297109663E-1,9.885348320E0,-1.115653515E0
1.293023739E1,-1.531406492E-1,9.782457352E0,-9.218349457E-1
1.293261505E1,6.251249462E-2,9.775279045E0,-6.705885530E-1
1.293499270E1,2.871387079E-2,9.715159416E0,-7.184450030E-1
1.293737114E1,-6.200401783E-1,9.638588905E0,-1.391127229E0
1.293974958E1,-1.113260746E0,9.727123260E0,-1.680658817E0
1.294212724E1,-1.077368379E0,1.017727280E1,-1.395912886E0
1.294450489E1,-7.899305820E-1,1.000977516E1,-9.266205430E-1
1.294688333E1,-6.320042610E-1,9.657731056E0,-8.093722463E-1
1.294926177E1,-7.444669604E-1,9.480662346E0,-8.883354068E-1
1.295163942E1,-8.521439433E-1,9.377771378E0,-1.034297585E0
1.295401708E1,-9.526425004E-1,9.258130074E0,-1.089332461E0
1.295639552E1,-9.669994712E-1,9.250951767E0,-1.074975610E0
1.295877395E1,-9.047860503E-1,9.238986969E0,-1.034297585E0
1.296115161E1,-7.995018363E-1,9.274879456E0,-1.024726272E0
1.296352927E1,-7.420741320E-1,9.301200867E0,-1.067797065E0
1.296590770E1,-7.851449251E-1,9.313164711E0,-1.194915771E0
1.296828614E1,-8.114659786E-1,9.349057198E0,-1.264307618E0
1.297066380E1,-8.569296002E-1,9.404091835E0,-1.319342613E0
1.297304145E1,-8.258228898E-1,9.404091835E0,-1.285843015E0
1.297541989E1,-8.784649968E-1,9.418449402E0,-1.398305774E0
1.297779833E1,-9.047860503E-1,9.463912964E0,-1.549053550E0
1.298017598E1,-7.588238716E-1,9.528518677E0,-1.491625786E0
1.298255364E1,-4.737788737E-1,9.696016312E0,-1.419841170E0
1.298493208E1,-5.099703074E-1,9.842277527E0,-1.673480392E0
1.298731052E1,-7.444669604E-1,9.894919395E0,-1.826920033E0
1.298968817E1,-8.928219676E-1,9.916455269E0,-1.795813441E0
1.299206583E1,-8.736793399E-1,9.995418549E0,-1.757528186E0
1.299444427E1,-9.047860503E-1,1.003609657E1,-1.810170293E0
1.299682270E1,-8.880363107E-1,9.969097137E0,-1.654337764E0
1.299920036E1,-7.851449251E-1,9.930811882E0,-1.465304732E0
1.300157802E1,-6.918248534E-1,9.914062500E0,-1.331306696E0
1.300395645E1,-6.511468887E-1,9.890133858E0,-1.221236825E0
1.300633489E1,-7.133602500E-1,9.911669731E0,-1.187737346E0
1.300871255E1,-7.205387354E-1,9.892526627E0,-1.082154036E0
1.301109020E1,-6.511468887E-1,9.863813400E0,-1.017547846E0
1.301346864E1,-6.272186637E-1,9.839884758E0,-9.385846853E-1
1.301584703E1,-5.650052428E-1,9.818349838E0,-8.859425783E-1
1.301822468E1,-5.123631358E-1,9.777671814E0,-8.739784956E-1
1.302060239E1,-5.123631358E-1,9.729516029E0,-9.050851464E-1
1.302298083E1,-5.338985324E-1,9.700801849E0,-9.122636318E-1
1.302535927E1,-4.450650215E-1,9.703194618E0,-8.500502706E-1
1.302773692E1,-4.618147612E-1,9.734301567E0,-9.337990284E-1
1.303011458E1,-5.000999570E-1,9.731908798E0,-9.314061999E-1
1.303249302E1,-4.881358147E-1,9.736694336E0,-9.457631707E-1
1.303487145E1,-4.450650215E-1,9.751050949E0,-9.361918569E-1
1.303724911E1,-4.139583111E-1,9.792028427E0,-9.577272534E-1
1.303962677E1,-4.259224236E-1,9.825528145E0,-9.672985673E-1
1.304200520E1,-4.354937077E-1,9.792028427E0,-1.036690354E0
1.304438364E1,-4.283152521E-1,9.780064583E0,-9.936196208E-1
1.304676130E1,-4.163511395E-1,9.705587387E0,-1.022333503E0
1.304913895E1,-4.259224236E-1,9.686445236E0,-1.041476011E0
1.305151739E1,-3.972085714E-1,9.631410599E0,-1.000798106E0
1.305389583E1,-4.187439680E-1,9.583553314E0,-1.039083242E0
1.305627348E1,-5.362913609E-1,9.559625626E0,-1.149153113E0
1.305865114E1,-2.560320199E-1,9.540482521E0,-7.447660565E-1
1.306102958E1,8.404789865E-2,9.660123825E0,-6.008976102E-1
1.306340802E1,7.926224917E-2,9.789635658E0,-8.979067206E-1
1.306578567E1,-9.092725813E-2,9.796813965E0,-1.084546804E0
1.306816333E1,-1.698904037E-1,9.727123260E0,-1.060618639E0
1.307054177E1,-9.092725813E-2,9.700801849E0,-1.007976532E0
1.307292020E1,-9.571290575E-3,9.746265411E0,-1.041476011E0
1.307529786E1,-4.785645287E-3,9.770194054E0,-1.060618639E0
1.307767552E1,-1.674975827E-2,9.748658180E0,-1.110867858E0
1.308005395E1,-3.110669367E-2,9.763015747E0,-1.127617717E0
1.308243239E1,-2.392822690E-2,9.803992271E0,-1.130010486E0
1.308481005E1,-2.632104978E-2,9.787242889E0,-1.098903775E0
1.308718770E1,-5.503492057E-2,9.789635658E0,-1.118046403E0
1.308956614E1,-8.374879509E-2,9.770194054E0,-1.079761267E0
1.309194458E1,-9.810572863E-2,9.748658180E0,-1.070189953E0
1.309432224E1,-1.292124242E-1,9.734301567E0,-1.110867858E0
1.309669989E1,-1.459621787E-1,9.652945518E0,-1.192523003E0
1.309907833E1,-1.316052526E-1,9.633803368E0,-1.118046403E0
1.310145677E1,-1.196411327E-1,9.614660263E0,-1.082154036E0
1.310383442E1,-1.196411327E-1,9.566803932E0,-1.084546804E0
1.310621208E1,-1.387837082E-1,9.559625626E0,-1.086939692E0
1.310859052E1,-1.579262912E-1,9.514162064E0,-1.108475089E0
1.311096895E1,-2.033899277E-1,9.502198219E0,-1.137188911E0
1.311334661E1,-1.914258152E-1,9.463912964E0,-1.185344458E0
1.311572427E1,-2.105683982E-1,9.437591553E0,-1.194915771E0
1.311810270E1,-2.153540403E-1,9.432806015E0,-1.237986565E0
1.312048114E1,-2.057827413E-1,9.461520195E0,-1.264307618E0
1.312285880E1,-1.938186288E-1,9.428020477E0,-1.309771299E0
1.312523645E1,-2.177468538E-1,9.439984322E0,-1.345663667E0
1.312761489E1,-2.440679073E-1,9.442377090E0,-1.352842093E0
1.312999333E1,-2.440679073E-1,9.511769295E0,-1.348056436E0
1.313237099E1,-2.321037948E-1,9.540482521E0,-1.343270779E0
1.313474864E1,-2.177468538E-1,9.581160545E0,-1.331306696E0
1.313712708E1,-2.440679073E-1,9.636196136E0,-1.328913927E0
1.313950552E1,-2.560320199E-1,9.662516594E0,-1.321735382E0
1.314188317E1,-2.703889608E-1,9.715159416E0,-1.285843015E0
1.314426083E1,-2.847459018E-1,9.731908798E0,-1.290628672E0
1.314663927E1,-2.799602449E-1,9.755837440E0,-1.276271820E0
1.314901770E1,-3.110669553E-1,9.772586823E0,-1.273878932E0
1.315139536E1,-3.397808075E-1,9.787242889E0,-1.264307618E0
1.315377302E1,-3.756731451E-1,9.799206734E0,-1.242772222E0
1.315615145E1,-3.876372576E-1,9.811170578E0,-1.230808139E0
1.315852989E1,-4.235295951E-1,9.811170578E0,-1.226022482E0
1.316090755E1,-4.546363056E-1,9.813564301E0,-1.173081279E0
1.316328520E1,-5.123631358E-1,9.851848602E0,-1.177866936E0
1.316566364E1,-5.769693851E-1,9.859027863E0,-1.153938770E0
1.316804208E1,-6.104688644E-1,9.866206169E0,-1.101296663E0
1.317041974E1,-6.200401783E-1,9.885348320E0,-1.051047325E0
1.317279739E1,-6.702894568E-1,9.904491425E0,-1.022333503E0
1.317517583E1,-7.229315639E-1,9.921240807E0,-9.696913958E-1
1.317755427E1,-7.420741320E-1,9.923633575E0,-9.074779749E-1
1.317993192E1,-7.516453862E-1,9.930811882E0,-9.026923180E-1
1.318230958E1,-7.803592682E-1,9.935597420E0,-8.620143533E-1
1.318468802E1,-7.707880139E-1,9.942776680E0,-8.213363886E-1
1.318706645E1,-4.977070987E-1,9.942776680E0,-4.621138871E-1
1.318944411E1,-5.482555032E-1,1.000020409E1,-6.753742099E-1
1.319182177E1,-5.506483316E-1,1.004566765E1,-6.969096065E-1
1.319420020E1,-9.000003934E-1,1.002413273E1,-1.094118118E0
1.319657864E1,-9.765707254E-1,9.973882675E0,-1.043868899E0
1.319895630E1,-9.358927608E-1,9.945169449E0,-9.314061999E-1
1.320133395E1,-8.832506537E-1,9.935597420E0,-9.385846853E-1
1.320371239E1,-7.995018363E-1,9.935597420E0,-8.333004713E-1
1.320609083E1,-2.679961324E-1,1.002413273E1,-2.443670183E-1
1.320846849E1,-5.578267574E-1,1.035703373E1,-1.036690354E0
1.321084614E1,-1.357328653E0,1.016530895E1,-1.494018674E0
1.321322458E1,-1.331007600E0,9.969097137E0,-1.082154036E0
1.321560302E1,-1.125224829E0,9.961918831E0,-1.051047325E0
1.321798067E1,-9.071788788E-1,9.983454704E0,-9.816554785E-1
1.322035833E1,-8.808578253E-1,1.001934624E1,-9.577272534E-1
1.322273677E1,-8.904291391E-1,9.995418549E0,-9.601200819E-1
1.322511520E1,-8.904291391E-1,9.961918831E0,-9.984052777E-1
1.322749286E1,-9.047860503E-1,9.933204651E0,-1.130010486E0
1.322987052E1,-9.622138143E-1,9.892526627E0,-1.228415370E0
1.323224895E1,-9.693922997E-1,9.880562782E0,-1.209272742E0
1.323462739E1,-9.095717072E-1,9.926026344E0,-1.211665511E0
1.323700505E1,-9.382855892E-1,9.899705887E0,-1.290628672E0
1.323938270E1,-8.784649968E-1,9.916455269E0,-1.283450246E0
1.324176114E1,-8.401798606E-1,9.875777245E0,-1.281057477E0
1.324413958E1,-8.425726891E-1,9.861420631E0,-1.369591832E0
1.324651724E1,-8.617152572E-1,9.815957069E0,-1.388734460E0
1.324889489E1,-7.875377536E-1,9.808777809E0,-1.312164068E0
1.325127333E1,-7.755736113E-1,9.782457352E0,-1.343270779E0
1.325365177E1,-7.899305820E-1,9.760622978E0,-1.364806175E0
1.325602942E1,-7.923234105E-1,9.748658180E0,-1.352842093E0
1.325840708E1,-7.157530785E-1,9.710372925E0,-1.309771299E0
1.326078552E1,-6.678966284E-1,9.660123825E0,-1.307378531E0
1.326316395E1,-6.296114326E-1,9.650552750E0,-1.297807217E0
1.326554161E1,-6.535396576E-1,9.688838005E0,-1.324128270E0
1.326791927E1,-6.224330068E-1,9.669695854E0,-1.264307618E0
1.327029770E1,-5.841478109E-1,9.662516594E0,-1.226022482E0
1.327267614E1,-5.697908998E-1,9.669695854E0,-1.214058399E0
1.327505380E1,-5.985047817E-1,9.688838005E0,-1.269093275E0
1.327743145E1,-5.721837282E-1,9.664909363E0,-1.180259824E0
1.327980989E1,-5.410770178E-1,9.638588905E0,-1.132403374E0
1.328218833E1,-4.618147612E-1,9.652945518E0,-1.122832060E0
1.328456598E1,-4.594219327E-1,9.686445236E0,-1.163509965E0
1.328694364E1,-4.953143001E-1,9.645767212E0,-1.180259824E0
1.328932208E1,-4.067798555E-1,9.667302132E0,-1.122832060E0
1.329170052E1,-3.924229145E-1,9.707980156E0,-1.218844056E0
1.329407817E1,-4.307080805E-1,9.707980156E0,-1.269093275E0
1.329645583E1,-3.972085714E-1,9.703194618E0,-1.259521961E0
1.329883427E1,-4.091726840E-1,9.722337723E0,-1.321735382E0
1.330121270E1,-4.546363056E-1,9.727123260E0,-1.391127229E0
1.330359036E1,-4.833501875E-1,9.705587387E0,-1.422233939E0
1.330596802E1,-4.426721931E-1,9.703194618E0,-1.360020518E0
1.330834645E1,-4.474578202E-1,9.724730492E0,-1.383948803E0
1.331072489E1,-4.833501875E-1,9.736694336E0,-1.417448282E0
1.331310255E1,-5.721837282E-1,9.734301567E0,-1.470090389E0
1.331548020E1,-6.056832075E-1,9.681659698E0,-1.465304732E0
1.331785864E1,-7.325028181E-1,9.676874161E0,-1.556231976E0
1.332023708E1,-6.750751138E-1,9.650552750E0,-1.360020518E0
1.332261474E1,-3.421736360E-1,9.686445236E0,-1.034297585E0
1.332499239E1,-2.201396823E-1,9.794421196E0,-1.079761267E0
1.332737083E1,-3.469592929E-1,9.782457352E0,-1.252343535E0
1.332974927E1,-4.761717021E-1,9.717552185E0,-1.264307618E0
1.333212692E1,-4.761717021E-1,9.684052467E0,-1.192523003E0
1.333450458E1,-4.187439680E-1,9.679266930E0,-1.156331539E0
1.333688302E1,-3.661018610E-1,9.676874161E0,-1.158724308E0
1.333926145E1,-4.043870270E-1,9.633803368E0,-1.165902853E0
1.334163911E1,-4.618147612E-1,9.645767212E0,-1.185344458E0
1.334401677E1,-5.000999570E-1,9.629017830E0,-1.156331539E0
1.334639520E1,-5.051847100E-1,9.636196136E0,-1.130010486E0
1.334877364E1,-4.761717021E-1,9.650552750E0,-1.079761267E0
1.335115130E1,-4.833501875E-1,9.633803368E0,-1.036690354E0
1.335352895E1,-5.000999570E-1,9.660123825E0,-1.039083242E0
1.335590739E1,-4.905286431E-1,9.640981674E0,-1.067797065E0
1.335828583E1,-4.809573591E-1,9.640981674E0,-1.101296663E0
1.336066349E1,-4.666004181E-1,9.672088623E0,-1.058225870E0
1.336304114E1,-4.570291340E-1,9.662516594E0,-1.082154036E0
1.336541958E1,-4.474578202E-1,9.672088623E0,-1.096511006E0
1.336779802E1,-4.546363056E-1,9.664909363E0,-1.118046403E0
1.337017567E1,-4.689932466E-1,9.657731056E0,-1.204487085E0
1.337255333E1,-5.000999570E-1,9.664909363E0,-1.252343535E0
1.337493177E1,-4.737788737E-1,9.688838005E0,-1.281057477E0
1.337731020E1,-4.307080805E-1,9.684052467E0,-1.266700506E0
1.337968786E1,-4.331009090E-1,9.703194618E0,-1.295414329E0
1.338206552E1,-4.594219327E-1,9.715159416E0,-1.312164068E0
1.338444395E1,-4.689932466E-1,9.715159416E0,-1.343270779E0
1.338682239E1,-5.024927258E-1,9.731908798E0,-1.386341572E0
1.338920005E1,-5.458626747E-1,9.734301567E0,-1.424626827E0
1.339157770E1,-4.977070987E-1,9.753444672E0,-1.355234981E0
1.339395614E1,-4.618147612E-1,9.772586823E0,-1.314556956E0
1.339633458E1,-4.618147612E-1,9.758230209E0,-1.304985642E0
1.339871224E1,-4.977070987E-1,9.782457352E0,-1.419841170E0
1.340108989E1,-5.578267574E-1,9.801599503E0,-1.441376567E0
1.340346833E1,-4.905286431E-1,9.722337723E0,-1.242772222E0
1.340584677E1,-4.067798555E-1,9.724730492E0,-1.182652593E0
1.340822442E1,-4.139583111E-1,9.760622978E0,-1.281057477E0
1.341060208E1,-4.761717021E-1,9.799206734E0,-1.290628672E0
1.341298052E1,-4.905286431E-1,9.789635658E0,-1.245165110E0
1.341535895E1,-4.666004181E-1,9.792028427E0,-1.211665511E0
1.341773661E1,-2.177468538E-1,9.808777809E0,-8.548358679E-1
1.342011427E1,1.869392693E-1,1.009591675E1,-8.380861282E-1
1.342249270E1,-6.726822853E-1,1.022512913E1,-1.929811478E0
1.342487114E1,-9.574281573E-1,9.882955551E0,-1.525125384E0
1.342724880E1,-4.259224236E-1,9.794421196E0,-8.189435601E-1
1.342962645E1,1.103689447E-1,9.878170013E0,-7.686942816E-1
1.343200489E1,-3.445664644E-1,9.947562218E0,-1.438983679E0
1.343438333E1,-6.272186637E-1,9.832706451E0,-1.450947881E0
1.343676099E1,-7.037889361E-1,9.729516029E0,-1.328913927E0
1.343913864E1,-5.673980713E-1,9.712766647E0,-1.257129192E0
1.344151708E1,-4.905286431E-1,9.712766647E0,-1.264307618E0
1.344389552E1,-5.123631358E-1,9.698409081E0,-1.214058399E0
1.344627317E1,-6.272186637E-1,9.705587387E0,-1.273878932E0
1.344865083E1,-7.061817646E-1,9.691230774E0,-1.302592874E0
1.345102927E1,-6.248258352E-1,9.688838005E0,-1.221236825E0
1.345340770E1,-6.296114326E-1,9.727123260E0,-1.288235903E0
1.345578536E1,-6.296114326E-1,9.705587387E0,-1.228415370E0
1.345816302E1,-6.463612318E-1,9.712766647E0,-1.273878932E0
1.346054145E1,-6.678966284E-1,9.705587387E0,-1.290628672E0
1.346291989E1,-6.990033388E-1,9.681659698E0,-1.338485122E0
1.346529755E1,-6.224330068E-1,9.717552185E0,-1.233201027E0
1.346767520E1,-6.056832075E-1,9.729516029E0,-1.319342613E0
1.347005364E1,-6.631109715E-1,9.739087105E0,-1.319342613E0
1.347243208E1,-6.702894568E-1,9.717552185E0,-1.333699465E0
1.347480974E1,-6.774678826E-1,9.753444672E0,-1.328913927E0
1.347718739E1,-6.032904387E-1,9.780064583E0,-1.271486163E0
1.347956583E1,-6.702894568E-1,9.839884758E0,-1.345663667E0
1.348194427E1,-7.325028181E-1,9.818349838E0,-1.388734460E0
1.348432192E1,-6.894320250E-1,9.813564301E0,-1.288235903E0
1.348669958E1,-6.870391965E-1,9.818349838E0,-1.273878932E0
1.348907802E1,-6.822535396E-1,9.827920914E0,-1.252343535E0
1.349145645E1,-6.655037999E-1,9.825528145E0,-1.252343535E0
1.349383411E1,-6.942176819E-1,9.849455833E0,-1.247557878E0
1.349621177E1,-6.990033388E-1,9.820742607E0,-1.247557878E0
1.349859020E1,-7.229315639E-1,9.784850121E0,-1.242772222E0
1.350096864E1,-7.013961077E-1,9.777671814E0,-1.228415370E0
1.350334630E1,-7.325028181E-1,9.743872643E0,-1.264307618E0
1.350572395E1,-6.008976102E-1,9.715159416E0,-1.120439172E0
1.350810239E1,-3.349951804E-1,9.770194054E0,-9.768698215E-1
1.351048083E1,-3.038884699E-1,9.909276962E0,-1.149153113E0
1.351285848E1,-4.115654826E-1,9.969097137E0,-1.362413406E0
1.351523614E1,-5.482555032E-1,9.930811882E0,-1.391127229E0
1.351761458E1,-6.439684033E-1,9.942776680E0,-1.446162224E0
1.351999302E1,-6.511468887E-1,9.949954987E0,-1.477268934E0
1.352237067E1,-5.362913609E-1,9.921240807E0,-1.333699465E0
1.352474833E1,-4.905286431E-1,9.928419113E0,-1.316949725E0
1.352712677E1,-4.881358147E-1,9.914062500E0,-1.350449324E0
1.352950520E1,-4.905286431E-1,9.868598938E0,-1.314556956E0
1.353188286E1,-5.171487927E-1,9.842277527E0,-1.252343535E0
1.353426052E1,-5.410770178E-1,9.837491989E0,-1.202094316E0
1.353663895E1,-5.291129351E-1,9.796813965E0,-1.168295622E0
1.353901739E1,-5.243272781E-1,9.787242889E0,-1.110867858E0
1.354139505E1,-5.195416212E-1,9.772586823E0,-1.115653515E0
1.354377270E1,-4.809573591E-1,9.770194054E0,-1.074975610E0
1.354615114E1,-4.426721931E-1,9.770194054E0,-1.086939692E0
1.354852958E1,-4.522434771E-1,9.775279045E0,-1.098903775E0
1.355090724E1,-4.259224236E-1,9.760622978E0,-1.118046403E0
1.355328489E1,-4.019941986E-1,9.743872643E0,-1.122832060E0
1.355566333E1,-3.876372576E-1,9.748658180E0,-1.165902853E0
1.355804177E1,-3.684946895E-1,9.736694336E0,-1.190130115E0
1.356041942E1,-3.493520916E-1,9.724730492E0,-1.245165110E0
1.356279708E1,-3.421736360E-1,9.696016312E0,-1.269093275E0
1.356517552E1,-3.254238665E-1,9.693623543E0,-1.278664589E0
1.356755395E1,-3.421736360E-1,9.696016312E0,-1.340878010E0
1.356993161E1,-3.421736360E-1,9.686445236E0,-1.333699465E0
1.357230927E1,-3.373879790E-1,9.698409081E0,-1.331306696E0
1.357468770E1,-3.397808075E-1,9.667302132E0,-1.355234981E0
1.357706614E1,-3.589234054E-1,9.674481392E0,-1.386341572E0
1.357944380E1,-3.637090325E-1,9.667302132E0,-1.376770377E0
1.358182145E1,-3.948157430E-1,9.672088623E0,-1.393520117E0
1.358419989E1,-4.067798555E-1,9.679266930E0,-1.417448282E0
1.358657833E1,-4.187439680E-1,9.662516594E0,-1.400698543E0
1.358895598E1,-4.426721931E-1,9.652945518E0,-1.424626827E0
1.359133364E1,-4.594219327E-1,9.655338287E0,-1.438983679E0
1.359371208E1,-4.354937077E-1,9.657731056E0,-1.448554993E0
1.359609052E1,-4.689932466E-1,9.638588905E0,-1.446162224E0
1.359846817E1,-4.881358147E-1,9.631410599E0,-1.484447360E0
1.360084583E1,-5.123631358E-1,9.631410599E0,-1.460519075E0
1.360322427E1,-5.051847100E-1,9.638588905E0,-1.443769336E0
1.360560270E1,-5.171487927E-1,9.619445801E0,-1.434198022E0
1.360798036E1,-5.410770178E-1,9.631410599E0,-1.431805253E0
1.361035802E1,-5.506483316E-1,9.631410599E0,-1.446162224E0
1.361273645E1,-5.913262963E-1,9.629017830E0,-1.443769336E0
1.361511489E1,-6.128616929E-1,9.631410599E0,-1.477268934E0
1.361749255E1,-6.391827464E-1,9.619445801E0,-1.441376567E0
1.361987020E1,-6.463612318E-1,9.643374443E0,-1.465304732E0
1.362224864E1,-6.702894568E-1,9.636196136E0,-1.455733418E0
1.362462708E1,-6.894320250E-1,9.643374443E0,-1.491625786E0
1.362700474E1,-6.870391965E-1,9.667302132E0,-1.465304732E0
1.362938239E1,-6.846463680E-1,9.700801849E0,-1.455733418E0
1.363176083E1,-6.391827464E-1,9.739087105E0,-1.455733418E0
1.363413927E1,-6.104688644E-1,9.777671814E0,-1.431805253E0
1.363651692E1,-5.482555032E-1,9.839884758E0,-1.400698543E0
1.363889458E1,-5.769693851E-1,9.792028427E0,-1.376770377E0
1.364127302E1,-6.320042610E-1,9.782457352E0,-1.352842093E0
1.364365145E1,-6.248258352E-1,9.792028427E0,-1.319342613E0
1.364602911E1,-6.343970895E-1,9.736694336E0,-1.259521961E0
1.364840677E1,-6.415755749E-1,9.760622978E0,-1.269093275E0
1.365078520E1,-6.822535396E-1,9.748658180E0,-1.235593796E0
1.365316364E1,-6.559324861E-1,9.770194054E0,-1.199701428E0
1.365554130E1,-6.176473498E-1,9.789635658E0,-1.175474167E0
1.365791895E1,-5.817549825E-1,9.803992271E0,-1.146760225E0
1.366029739E1,-4.666004181E-1,9.890133858E0,-1.106082320E0
1.366267583E1,-3.613162339E-1,9.988240242E0,-1.089332461E0
1.366505349E1,-3.493520916E-1,9.976275444E0,-1.130010486E0
1.366743114E1,-5.769693851E-1,9.904491425E0,-1.252343535E0
1.366980958E1,-8.784649968E-1,9.823135376E0,-1.403091431E0
1.367218802E1,-1.072582722E0,9.820742607E0,-1.620838284E0
1.367456567E1,-1.156331539E0,9.875777245E0,-1.783849239E0
1.367694333E1,-1.038784146E0,9.856635094E0,-1.920240164E0
1.367932177E1,-9.000003934E-1,9.787242889E0,-1.932204247E0
1.368170020E1,7.112665176E-1,9.770194054E0,2.416750938E-1
1.368407786E1,1.077368379E0,1.023709393E1,-4.166502357E-1
1.368645552E1,-1.120439172E0,1.010309505E1,-2.638386011E0
1.368883395E1,-1.711765528E0,9.851848602E0,-2.097309113E0
1.369121239E1,-1.249651670E0,9.780064583E0,-1.247557878E0
1.369359005E1,-6.822535396E-1,9.739087105E0,-9.936196208E-1
1.369596770E1,-5.458626747E-1,9.703194618E0,-1.077368379E0
1.369834614E1,-8.904291391E-1,9.626625061E0,-1.247557878E0
1.370072458E1,-1.235294700E0,9.562018394E0,-1.307378531E0
1.370310224E1,-1.249651670E0,9.530911446E0,-1.156331539E0
1.370547989E1,-1.014855862E0,9.535696983E0,-1.053440213E0
1.370785833E1,-9.406784177E-1,9.475876808E0,-1.118046403E0
1.371023677E1,-8.688937426E-1,9.459127426E0,-1.017547846E0
1.371261442E1,-9.095717072E-1,9.439984322E0,-1.182652593E0
1.371499208E1,-8.234301209E-1,9.456734657E0,-1.261914849E0
1.371737052E1,-7.181459069E-1,9.504590988E0,-1.400698543E0
1.371974895E1,-6.702894568E-1,9.557232857E0,-1.505982757E0
1.372212661E1,-6.702894568E-1,9.578767776E0,-1.525125384E0
1.372450427E1,-7.037889361E-1,9.619445801E0,-1.584945917E0
1.372688270E1,-7.301099896E-1,9.691230774E0,-1.601695657E0
1.372926114E1,-7.061817646E-1,9.722337723E0,-1.505982757E0
1.373163880E1,-6.966105103E-1,9.775279045E0,-1.496411443E0
1.373401645E1,-7.037889361E-1,9.813564301E0,-1.498804331E0
1.373639489E1,-7.683951855E-1,9.847063065E0,-1.546660781E0
1.373877333E1,-8.042874932E-1,9.811170578E0,-1.551446438E0
1.374115098E1,-7.133602500E-1,9.794421196E0,-1.453340650E0
1.374352864E1,-6.320042610E-1,9.767801285E0,-1.371984720E0
1.374590708E1,-6.463612318E-1,9.770194054E0,-1.345663667E0
1.374828552E1,-6.918248534E-1,9.736694336E0,-1.371984720E0
1.375066317E1,-6.463612318E-1,9.698409081E0,-1.259521961E0
1.375304083E1,-6.487540603E-1,9.703194618E0,-1.302592874E0
1.375541927E1,-6.248258352E-1,9.681659698E0,-1.226022482E0
1.375779770E1,-6.008976102E-1,9.691230774E0,-1.175474167E0
1.376017536E1,-6.272186637E-1,9.700801849E0,-1.221236825E0
1.376255302E1,-6.583253145E-1,9.705587387E0,-1.242772222E0
1.376493145E1,-6.511468887E-1,9.686445236E0,-1.204487085E0
1.376730989E1,-6.343970895E-1,9.676874161E0,-1.228415370E0
1.376968755E1,-6.535396576E-1,9.686445236E0,-1.252343535E0
1.377206520E1,-6.726822853E-1,9.657731056E0,-1.297807217E0
1.377444364E1,-7.348956466E-1,9.626625061E0,-1.324128270E0
1.377682208E1,-5.626124144E-1,9.569196701E0,-1.053440213E0
1.377919974E1,-2.823530734E-1,9.664909363E0,-8.715856671E-1
1.378157739E1,-2.368894368E-1,9.870991707E0,-1.170688510E0
1.378395583E1,-3.661018610E-1,9.914062500E0,-1.405484200E0
1.378633427E1,-5.051847100E-1,9.911669731E0,-1.376770377E0
1.378871192E1,-5.219344497E-1,9.892526627E0,-1.333699465E0
1.379108958E1,-4.522434771E-1,9.942776680E0,-1.324128270E0
1.379346802E1,-3.828516304E-1,9.961918831E0,-1.328913927E0
1.379584645E1,-4.115654826E-1,9.985847473E0,-1.273878932E0
1.379822411E1,-4.402793646E-1,9.976275444E0,-1.288235903E0
1.380060177E1,-4.689932466E-1,9.969097137E0,-1.235593796E0
1.380298020E1,-4.881358147E-1,9.923633575E0,-1.177866936E0
1.380535864E1,-4.929214716E-1,9.916455269E0,-1.132403374E0
1.380773630E1,-4.737788737E-1,9.894919395E0,-1.110867858E0
1.381011395E1,-4.642075896E-1,9.868598938E0,-1.053440213E0
1.381249239E1,-4.378865361E-1,9.854242325E0,-1.055832982E0
1.381487083E1,-4.043870270E-1,9.830313683E0,-1.017547846E0
1.381724848E1,-4.139583111E-1,9.811170578E0,-1.060618639E0
1.381962614E1,-4.307080805E-1,9.799206734E0,-1.077368379E0
1.382200458E1,-3.924229145E-1,9.808777809E0,-1.060618639E0
1.382438302E1,-3.373879790E-1,9.787242889E0,-1.094118118E0
1.382676067E1,-3.206382394E-1,9.787242889E0,-1.094118118E0
1.382913833E1,-2.751746178E-1,9.775279045E0,-1.165902853E0
1.383151677E1,-2.847459018E-1,9.753444672E0,-1.202094316E0
1.383389520E1,-2.536391914E-1,9.743872643E0,-1.216451168E0
1.383627286E1,-2.344966233E-1,9.700801849E0,-1.288235903E0
1.383865052E1,-2.129612118E-1,9.707980156E0,-1.307378531E0
1.384102895E1,-1.914258152E-1,9.688838005E0,-1.333699465E0
1.384340739E1,-1.746760458E-1,9.679266930E0,-1.360020518E0
1.384578505E1,-1.507478207E-1,9.674481392E0,-1.364806175E0
1.384816270E1,-1.316052526E-1,9.655338287E0,-1.357627749E0
1.385054114E1,-1.316052526E-1,9.657731056E0,-1.364806175E0
1.385291958E1,-1.268195957E-1,9.657731056E0,-1.369591832E0
1.385529724E1,-9.810572863E-2,9.629017830E0,-1.381555915E0
1.385767489E1,-1.004985496E-1,9.631410599E0,-1.393520117E0
1.386005333E1,-1.172483116E-1,9.619445801E0,-1.419841170E0
1.386243177E1,-1.076770201E-1,9.600303650E0,-1.419841170E0
1.386480942E1,-1.028913707E-1,9.612267494E0,-1.441376567E0
1.386718708E1,-1.196411327E-1,9.595518112E0,-1.448554993E0
1.386956552E1,-1.292124242E-1,9.593125343E0,-1.434198022E0
1.387194395E1,-1.268195957E-1,9.609874725E0,-1.427019596E0
1.387432161E1,-1.339980662E-1,9.600303650E0,-1.431805253E0
1.387669927E1,-1.483550072E-1,9.609874725E0,-1.379163146E0
1.387907770E1,-1.076770201E-1,9.629017830E0,-1.367199063E0
1.388145614E1,-1.339980662E-1,9.636196136E0,-1.381555915E0
1.388383380E1,-1.555334777E-1,9.643374443E0,-1.352842093E0
1.388621145E1,-1.651047617E-1,9.655338287E0,-1.374377489E0
1.388858989E1,-1.722832322E-1,9.684052467E0,-1.364806175E0
1.389096833E1,-1.794617027E-1,9.696016312E0,-1.371984720E0
1.389334599E1,-2.033899277E-1,9.707980156E0,-1.364806175E0
1.389572364E1,-2.273181528E-1,9.712766647E0,-1.376770377E0
1.389810208E1,-2.560320199E-1,9.724730492E0,-1.357627749E0
1.390048052E1,-2.584248483E-1,9.734301567E0,-1.343270779E0
1.390285817E1,-2.727817893E-1,9.739087105E0,-1.350449324E0
1.390523583E1,-3.302095234E-1,9.755837440E0,-1.345663667E0
1.390761427E1,-3.469592929E-1,9.755837440E0,-1.328913927E0
1.390999270E1,-3.613162339E-1,9.784850121E0,-1.314556956E0
1.391237036E1,-3.804588020E-1,9.770194054E0,-1.297807217E0
1.391474802E1,-3.948157430E-1,9.767801285E0,-1.259521961E0
1.391712645E1,-4.091726840E-1,9.792028427E0,-1.283450246E0
1.391950489E1,-4.713860750E-1,9.806385040E0,-1.302592874E0
1.392188255E1,-4.977070987E-1,9.799206734E0,-1.297807217E0
1.392426020E1,-5.024927258E-1,9.813564301E0,-1.293021560E0
1.392663864E1,-5.386841893E-1,9.823135376E0,-1.283450246E0
1.392901708E1,-5.458626747E-1,9.854242325E0,-1.285843015E0
1.393139474E1,-5.697908998E-1,9.859027863E0,-1.324128270E0
1.393377239E1,-5.841478109E-1,9.856635094E0,-1.338485122E0
1.393615083E1,-5.961119533E-1,9.849455833E0,-1.304985642E0
1.393852927E1,-5.650052428E-1,9.851848602E0,-1.295414329E0
1.394090692E1,-6.008976102E-1,9.868598938E0,-1.307378531E0
1.394328458E1,-6.104688644E-1,9.870991707E0,-1.307378531E0
1.394566302E1,-6.296114326E-1,9.880562782E0,-1.271486163E0
1.394804145E1,-5.626124144E-1,9.880562782E0,-1.242772222E0
1.395041911E1,-5.673980713E-1,9.904491425E0,-1.221236825E0
1.395279677E1,-5.626124144E-1,9.887741089E0,-1.216451168E0
1.395517520E1,-5.913262963E-1,9.890133858E0,-1.216451168E0
1.395755364E1,-5.506483316E-1,9.902098656E0,-1.216451168E0
1.395993130E1,-5.362913609E-1,9.897313118E0,-1.180259824E0
1.396230895E1,-5.024927258E-1,9.918848038E0,-1.161117196E0
1.396468739E1,-4.809573591E-1,9.923633575E0,-1.146760225E0
1.396706583E1,-4.498506486E-1,9.933204651E0,-1.139581800E0
1.396944349E1,-4.331009090E-1,9.923633575E0,-1.134796143E0
1.397182114E1,-3.972085714E-1,9.914062500E0,-1.141974568E0
1.397419958E1,-3.972085714E-1,9.933204651E0,-1.168295622E0
1.397657802E1,-3.972085714E-1,9.897313118E0,-1.153938770E0
1.397895567E1,-3.732803464E-1,9.890133858E0,-1.177866936E0
1.398133333E1,-3.541377485E-1,9.878170013E0,-1.165902853E0
1.398371177E1,-3.397808075E-1,9.861420631E0,-1.163509965E0
1.398609020E1,-3.182454109E-1,9.885348320E0,-1.177866936E0
1.398846786E1,-2.943171859E-1,9.873384476E0,-1.199701428E0
1.399084552E1,-3.038884699E-1,9.856635094E0,-1.223629713E0
1.399322395E1,-2.967100143E-1,9.847063065E0,-1.235593796E0
1.399560239E1,-3.349951804E-1,9.813564301E0,-1.237986565E0
1.399798005E1,-3.110669553E-1,9.803992271E0,-1.261914849E0
1.400035770E1,-3.062812984E-1,9.775279045E0,-1.276271820E0
1.400273614E1,-3.206382394E-1,9.772586823E0,-1.264307618E0
1.400511458E1,-2.919243574E-1,9.751050949E0,-1.283450246E0
1.400749224E1,-3.038884699E-1,9.736694336E0,-1.288235903E0
1.400986989E1,-3.158525825E-1,9.734301567E0,-1.269093275E0
1.401224833E1,-3.158525825E-1,9.707980156E0,-1.278664589E0
1.401462677E1,-3.134597540E-1,9.696016312E0,-1.281057477E0
1.401700442E1,-3.493520916E-1,9.684052467E0,-1.297807217E0
1.401938208E1,-3.445664644E-1,9.664909363E0,-1.326521039E0
1.402176052E1,-3.445664644E-1,9.691230774E0,-1.360020518E0
1.402413895E1,-3.278166950E-1,9.667302132E0,-1.381555915E0
1.402651661E1,-3.469592929E-1,9.684052467E0,-1.441376567E0
1.402889427E1,-3.421736360E-1,9.707980156E0,-1.455733418E0
1.403127270E1,-3.589234054E-1,9.667302132E0,-1.458126307E0
1.403365114E1,-3.613162339E-1,9.684052467E0,-1.427019596E0
1.403602880E1,-3.708875179E-1,9.684052467E0,-1.429412484E0
1.403840645E1,-3.517449200E-1,9.676874161E0,-1.431805253E0
1.404078489E1,-1.268195957E-1,9.669695854E0,-1.130010486E0
1.404316333E1,1.319043487E-1,9.705587387E0,-1.163509965E0
1.404554098E1,-7.013961077E-1,9.743872643E0,-2.044667006E0
1.404791864E1,-6.798607111E-1,9.535696983E0,-1.352842093E0
1.405029708E1,-2.656033039E-1,9.617053032E0,-1.005583763E0
1.405267552E1,5.769693851E-1,9.854242325E0,-3.089732230E-1
1.405505317E1,1.965105534E-1,1.003131104E1,-1.237986565E0
1.405743083E1,-7.061817646E-1,9.863813400E0,-1.996810555E0
1.405980927E1,-9.311071038E-1,9.753444672E0,-1.767099500E0
1.406218770E1,-5.362913609E-1,9.679266930E0,-1.434198022E0
1.406456536E1,-2.081755698E-1,9.729516029E0,-1.276271820E0
1.406694302E1,-2.416750938E-1,9.693623543E0,-1.295414329E0
1.406932145E1,-4.713860750E-1,9.648159981E0,-1.331306696E0
1.407169989E1,-6.678966284E-1,9.640981674E0,-1.474876046E0
1.407407755E1,-6.918248534E-1,9.633803368E0,-1.491625786E0
1.407645520E1,-6.439684033E-1,9.609874725E0,-1.438983679E0
1.407883364E1,-3.804588020E-1,9.581160545E0,-1.137188911E0
1.408121208E1,-1.818545163E-1,9.664909363E0,-1.091725349E0
1.408358974E1,-2.560320199E-1,9.731908798E0,-1.316949725E0
1.408596739E1,-3.852444589E-1,9.751050949E0,-1.462911963E0
1.408834583E1,-4.211367965E-1,9.758230209E0,-1.484447360E0
1.409072427E1,-3.469592929E-1,9.775279045E0,-1.465304732E0
1.409310192E1,-3.326023519E-1,9.803992271E0,-1.482054472E0
1.409547958E1,-3.493520916E-1,9.825528145E0,-1.510768414E0
1.409785802E1,-3.924229145E-1,9.813564301E0,-1.494018674E0
1.410023645E1,-4.283152521E-1,9.847063065E0,-1.467697620E0
1.410261411E1,-4.450650215E-1,9.902098656E0,-1.429412484E0
1.410499177E1,-4.737788737E-1,9.904491425E0,-1.376770377E0
1.410737020E1,-4.809573591E-1,9.937990189E0,-1.285843015E0
1.410974864E1,-4.809573591E-1,9.957133293E0,-1.233201027E0
1.411212630E1,-5.051847100E-1,9.945169449E0,-1.199701428E0
1.411450395E1,-5.099703074E-1,9.918848038E0,-1.194915771E0
1.411688239E1,-5.219344497E-1,9.909276962E0,-1.170688510E0
1.411926083E1,-5.075774789E-1,9.870991707E0,-1.151545882E0
1.412163848E1,-4.905286431E-1,9.835099220E0,-1.180259824E0
1.412401614E1,-4.953143001E-1,9.794421196E0,-1.170688510E0
1.412639458E1,-5.024927258E-1,9.739087105E0,-1.202094316E0
1.412877302E1,-4.881358147E-1,9.719944954E0,-1.240379453E0
1.413115067E1,-4.761717021E-1,9.686445236E0,-1.295414329E0
1.413352833E1,-4.833501875E-1,9.655338287E0,-1.371984720E0
1.413590677E1,-5.024927258E-1,9.643374443E0,-1.436590910E0
1.413828520E1,-5.362913609E-1,9.633803368E0,-1.482054472E0
1.414066286E1,-5.458626747E-1,9.640981674E0,-1.494018674E0
1.414304052E1,-5.673980713E-1,9.619445801E0,-1.508375525E0
1.414541895E1,-5.434698462E-1,9.648159981E0,-1.522732496E0
1.414779739E1,-5.721837282E-1,9.636196136E0,-1.489233017E0
1.415017505E1,-5.650052428E-1,9.640981674E0,-1.448554993E0
1.415255270E1,-5.506483316E-1,9.638588905E0,-1.453340650E0
1.415493114E1,-5.554339290E-1,9.648159981E0,-1.434198022E0
1.415730958E1,-5.554339290E-1,9.657731056E0,-1.410269856E0
1.415968724E1,-5.530411601E-1,9.638588905E0,-1.422233939E0
1.416206489E1,-5.291129351E-1,9.650552750E0,-1.403091431E0
1.416444333E1,-5.482555032E-1,9.650552750E0,-1.405484200E0
1.416682177E1,-5.793621540E-1,9.676874161E0,-1.412662625E0
1.416919942E1,-5.817549825E-1,9.664909363E0,-1.403091431E0
1.417157708E1,-5.793621540E-1,9.669695854E0,-1.417448282E0
1.417395552E1,-5.626124144E-1,9.696016312E0,-1.429412484E0
1.417633395E1,-5.506483316E-1,9.710372925E0,-1.424626827E0
1.417871161E1,-5.650052428E-1,9.722337723E0,-1.446162224E0
1.418108927E1,-5.673980713E-1,9.760622978E0,-1.482054472E0
1.418346770E1,-5.697908998E-1,9.775279045E0,-1.510768414E0
1.418584614E1,-5.913262963E-1,9.763015747E0,-1.515554070E0
1.418822380E1,-5.937191248E-1,9.803992271E0,-1.491625786E0
1.419060145E1,-5.817549825E-1,9.770194054E0,-1.496411443E0
1.419297989E1,-5.530411601E-1,9.782457352E0,-1.472483277E0
1.419535833E1,-5.626124144E-1,9.758230209E0,-1.458126307E0
1.419773599E1,-5.434698462E-1,9.755837440E0,-1.407876968E0
1.420011364E1,-5.554339290E-1,9.758230209E0,-1.410269856E0
1.420249208E1,-5.650052428E-1,9.719944954E0,-1.383948803E0
1.420487052E1,-5.410770178E-1,9.722337723E0,-1.391127229E0
1.420724817E1,-5.602195859E-1,9.698409081E0,-1.403091431E0
1.420962583E1,-5.673980713E-1,9.715159416E0,-1.393520117E0
1.421200427E1,-5.721837282E-1,9.698409081E0,-1.405484200E0
1.421438270E1,-5.961119533E-1,9.707980156E0,-1.422233939E0
1.421676036E1,-5.650052428E-1,9.739087105E0,-1.412662625E0
1.421913802E1,-6.008976102E-1,9.736694336E0,-1.491625786E0
1.422151645E1,-6.463612318E-1,9.755837440E0,-1.515554070E0
1.422389489E1,-6.104688644E-1,9.777671814E0,-1.467697620E0
1.422627255E1,-5.434698462E-1,9.792028427E0,-1.410269856E0
1.422865020E1,2.392822644E-3,9.784850121E0,-6.346961856E-1
1.423102864E1,-4.115654826E-1,9.863813400E0,-1.702194214E0
1.423340708E1,-1.127617717E0,9.792028427E0,-2.085345030E0
1.423578474E1,-4.953143001E-1,9.686445236E0,-8.356932998E-1
1.423816239E1,7.686942816E-2,1.006720352E1,-1.022333503E0
1.424054083E1,-6.032904387E-1,9.978668213E0,-1.752742529E0
1.424291927E1,-1.161117196E0,9.847063065E0,-2.047059774E0
1.424529692E1,-1.242473125E0,9.657731056E0,-1.817348838E0
1.424767458E1,-6.966105103E-1,9.640981674E0,-1.415055513E0
1.425005302E1,-2.273181528E-1,9.698409081E0,-1.190130115E0
1.425243145E1,-3.302095234E-1,9.674481392E0,-1.309771299E0
1.425480911E1,-6.822535396E-1,9.593125343E0,-1.541875124E0
1.425718677E1,-7.229315639E-1,9.583553314E0,-1.503589988E0
1.425956520E1,-4.977070987E-1,9.638588905E0,-1.388734460E0
1.426194364E1,-3.613162339E-1,9.652945518E0,-1.364806175E0
1.426432130E1,-3.589234054E-1,9.643374443E0,-1.388734460E0
1.426669895E1,-4.187439680E-1,9.652945518E0,-1.398305774E0
1.426907739E1,-5.338985324E-1,9.691230774E0,-1.436590910E0
1.427145583E1,-5.243272781E-1,9.724730492E0,-1.417448282E0
1.427383348E1,-5.051847100E-1,9.705587387E0,-1.400698543E0
1.427621114E1,-5.024927258E-1,9.722337723E0,-1.319342613E0
1.427858958E1,-4.953143001E-1,9.724730492E0,-1.273878932E0
1.428096802E1,-4.833501875E-1,9.731908798E0,-1.223629713E0
1.428334567E1,-4.929214716E-1,9.758230209E0,-1.202094316E0
1.428572333E1,-4.857429862E-1,9.748658180E0,-1.230808139E0
1.428810177E1,-4.929214716E-1,9.741479874E0,-1.209272742E0
1.429048020E1,-4.953143001E-1,9.729516029E0,-1.237986565E0
1.429285786E1,-5.051847100E-1,9.719944954E0,-1.247557878E0
1.429523552E1,-5.147559643E-1,9.712766647E0,-1.285843015E0
1.429761395E1,-5.362913609E-1,9.710372925E0,-1.300199986E0
1.429999239E1,-5.123631358E-1,9.700801849E0,-1.328913927E0
1.430237005E1,-5.195416212E-1,9.686445236E0,-1.348056436E0
1.430474770E1,-5.195416212E-1,9.722337723E0,-1.362413406E0
1.430712614E1,-5.195416212E-1,9.722337723E0,-1.383948803E0
1.430950458E1,-5.219344497E-1,9.712766647E0,-1.405484200E0
1.431188224E1,-5.219344497E-1,9.743872643E0,-1.407876968E0
1.431425989E1,-5.123631358E-1,9.727123260E0,-1.400698543E0
1.431663833E1,-5.075774789E-1,9.722337723E0,-1.417448282E0
1.431901677E1,-5.000999570E-1,9.767801285E0,-1.415055513E0
1.432139442E1,-4.977070987E-1,9.763015747E0,-1.412662625E0
1.432377208E1,-4.785645306E-1,9.775279045E0,-1.388734460E0
1.432615052E1,-4.618147612E-1,9.784850121E0,-1.355234981E0
1.432852895E1,-4.785645306E-1,9.806385040E0,-1.431805253E0
1.433090661E1,-4.785645306E-1,9.823135376E0,-1.417448282E0
1.433328427E1,-4.019941986E-1,9.870991707E0,-1.333699465E0
1.433566270E1,-5.817549825E-1,9.825528145E0,-1.436590910E0
1.433804114E1,-5.841478109E-1,9.780064583E0,-1.338485122E0
1.434041880E1,-5.000999570E-1,9.803992271E0,-1.285843015E0
1.434279645E1,-4.498506486E-1,9.820742607E0,-1.276271820E0
1.434517489E1,-4.761717021E-1,9.792028427E0,-1.321735382E0
1.434755333E1,-4.594219327E-1,9.767801285E0,-1.288235903E0
1.434993098E1,-2.536391914E-1,9.825528145E0,-1.074975610E0
1.435230864E1,-2.297109663E-1,9.961918831E0,-1.257129192E0
1.435468708E1,-3.493520916E-1,9.911669731E0,-1.221236825E0
1.435706552E1,2.611167729E-1,9.937990189E0,-6.200401783E-1
1.435944317E1,-9.957132936E-1,1.009591675E1,-2.681456804E0
1.436182083E1,-7.444669604E-1,9.803992271E0,-1.398305774E0
1.436419927E1,-4.426721931E-1,9.870991707E0,-1.393520117E0
1.436657770E1,-5.362913609E-1,9.823135376E0,-1.616052628E0
1.436895536E1,-7.396813035E-1,9.693623543E0,-1.604088426E0
1.437133302E1,-8.425726891E-1,9.657731056E0,-1.544267893E0
1.437371145E1,-8.641080856E-1,9.600303650E0,-1.508375525E0
1.437608989E1,-8.138588071E-1,9.516554832E0,-1.410269856E0
1.437846755E1,-8.521439433E-1,9.456734657E0,-1.470090389E0
1.438084520E1,-8.425726891E-1,9.375378609E0,-1.362413406E0
1.438322364E1,-6.439684033E-1,9.365806580E0,-1.170688510E0
1.438560208E1,-5.171487927E-1,9.408877373E0,-1.245165110E0
1.438797974E1,-5.267201066E-1,9.466305733E0,-1.443769336E0
1.439035739E1,-6.080760360E-1,9.492626190E0,-1.534696579E0
1.439273583E1,-6.056832075E-1,9.545269012E0,-1.565803289E0
1.439511427E1,-5.386841893E-1,9.590732574E0,-1.549053550E0
1.439749192E1,-5.410770178E-1,9.676874161E0,-1.608874083E0
1.439986958E1,-5.673980713E-1,9.751050949E0,-1.656730533E0
1.440224802E1,-5.865406394E-1,9.818349838E0,-1.644766450E0
1.440462645E1,-6.080760360E-1,9.868598938E0,-1.625623941E0
1.440700411E1,-6.224330068E-1,9.892526627E0,-1.582553029E0
1.440938177E1,-6.152545214E-1,9.933204651E0,-1.448554993E0
1.441176020E1,-5.793621540E-1,9.942776680E0,-1.283450246E0
1.441413864E1,-5.721837282E-1,9.933204651E0,-1.237986565E0
1.441651630E1,-6.056832075E-1,9.921240807E0,-1.151545882E0
1.441889395E1,-5.745765567E-1,9.906884193E0,-1.017547846E0
1.442127239E1,-5.291129351E-1,9.892526627E0,-9.170492887E-1
1.442365083E1,-5.338985324E-1,9.873384476E0,-9.361918569E-1
1.442602849E1,-5.386841893E-1,9.844670296E0,-9.672985673E-1
1.442840614E1,-5.075774789E-1,9.808777809E0,-1.024726272E0
1.443078458E1,-4.857429862E-1,9.765408516E0,-1.036690354E0
1.443316302E1,-4.139583111E-1,9.739087105E0,-1.067797065E0
1.443554067E1,-3.996013701E-1,9.729516029E0,-1.134796143E0
1.443791833E1,-4.043870270E-1,9.736694336E0,-1.216451168E0
1.444029677E1,-4.187439680E-1,9.763015747E0,-1.281057477E0
1.444267515E1,-4.402793646E-1,9.772586823E0,-1.348056436E0
1.444505281E1,-4.378865361E-1,9.794421196E0,-1.360020518E0
1.444743052E1,-4.354937077E-1,9.803992271E0,-1.388734460E0
1.444980895E1,-4.546363056E-1,9.815957069E0,-1.391127229E0
1.445218739E1,-4.378865361E-1,9.837491989E0,-1.391127229E0
1.445456505E1,-4.402793646E-1,9.851848602E0,-1.400698543E0
1.445694270E1,-4.259224236E-1,9.870991707E0,-1.369591832E0
1.445932114E1,-4.067798555E-1,9.868598938E0,-1.352842093E0
1.446169953E1,-3.900300860E-1,9.863813400E0,-1.343270779E0
1.446407718E1,-3.661018610E-1,9.839884758E0,-1.293021560E0
1.446645489E1,-3.517449200E-1,9.808777809E0,-1.304985642E0
1.446883333E1,-3.589234054E-1,9.789635658E0,-1.304985642E0
1.447121177E1,-3.708875179E-1,9.777671814E0,-1.333699465E0
1.447358942E1,-3.732803464E-1,9.751050949E0,-1.345663667E0
1.447596708E1,-3.900300860E-1,9.724730492E0,-1.371984720E0
1.447834552E1,-3.708875179E-1,9.724730492E0,-1.395912886E0
1.448072395E1,-3.924229145E-1,9.679266930E0,-1.427019596E0
1.448310161E1,-4.283152521E-1,9.684052467E0,-1.462911963E0
1.448547927E1,-4.570291340E-1,9.672088623E0,-1.477268934E0
1.448785770E1,-4.977070987E-1,9.655338287E0,-1.482054472E0
1.449023609E1,-5.147559643E-1,9.660123825E0,-1.501197100E0
1.449261375E1,-5.123631358E-1,9.650552750E0,-1.479661703E0
1.449499145E1,-4.881358147E-1,9.664909363E0,-1.465304732E0
1.449736989E1,-4.809573591E-1,9.655338287E0,-1.427019596E0
1.449974828E1,-5.024927258E-1,9.669695854E0,-1.453340650E0
1.450212593E1,-5.195416212E-1,9.660123825E0,-1.427019596E0
1.450450364E1,-5.434698462E-1,9.660123825E0,-1.453340650E0
1.450688208E1,-5.386841893E-1,9.684052467E0,-1.438983679E0
1.450926046E1,-5.338985324E-1,9.681659698E0,-1.436590910E0
1.451163812E1,-5.195416212E-1,9.700801849E0,-1.438983679E0
1.451401583E1,-5.195416212E-1,9.724730492E0,-1.393520117E0
1.451639427E1,-5.024927258E-1,9.739087105E0,-1.395912886E0
1.451877265E1,-5.219344497E-1,9.751050949E0,-1.400698543E0
1.452115031E1,-5.024927258E-1,9.794421196E0,-1.343270779E0
1.452352802E1,-4.929214716E-1,9.775279045E0,-1.331306696E0
1.452590645E1,-5.075774789E-1,9.784850121E0,-1.340878010E0
1.452828484E1,-5.099703074E-1,9.818349838E0,-1.328913927E0
1.453066250E1,-3.804588020E-1,9.813564301E0,-1.177866936E0
1.453304020E1,-3.852444589E-1,9.904491425E0,-1.312164068E0
1.453541864E1,-5.243272781E-1,9.868598938E0,-1.491625786E0
1.453779703E1,-5.578267574E-1,9.827920914E0,-1.364806175E0
1.454017468E1,-3.876372576E-1,9.863813400E0,-1.127617717E0
1.454255239E1,6.466603279E-1,9.868598938E0,4.283152521E-1
1.454493083E1,1.295414329E0,1.044078255E1,-7.926224917E-2
1.454730921E1,-1.302293777E0,1.041685390E1,-2.997608662E0
1.454968687E1,-1.750050664E0,9.844670296E0,-1.802991867E0
1.455206453E1,-9.933205247E-1,9.739087105E0,-1.072582722E0
1.455444296E1,-2.991028428E-1,9.772586823E0,-1.094118118E0
1.455682140E1,-1.938186288E-1,9.686445236E0,-1.153938770E0
1.455919906E1,-5.291129351E-1,9.715159416E0,-1.505982757E0
1.456157677E1,-9.239286184E-1,9.629017830E0,-1.618445396E0
1.456395520E1,-9.263214469E-1,9.605089188E0,-1.529910922E0
1.456633359E1,-7.779664397E-1,9.633803368E0,-1.549053550E0
1.456871125E1,-5.147559643E-1,9.581160545E0,-1.261914849E0
1.457108895E1,-2.775674164E-1,9.578767776E0,-1.204487085E0
1.457346739E1,-2.536391914E-1,9.624231339E0,-1.405484200E0
1.457584578E1,-2.847459018E-1,9.660123825E0,-1.561017632E0
1.457822343E1,-2.895315289E-1,9.736694336E0,-1.544267893E0
1.458060109E1,-2.297109663E-1,9.775279045E0,-1.551446438E0
1.458297953E1,-2.368894368E-1,9.801599503E0,-1.527518153E0
1.458535796E1,-2.847459018E-1,9.820742607E0,-1.534696579E0
1.458773562E1,-3.302095234E-1,9.856635094E0,-1.513161182E0
1.459011333E1,-3.182454109E-1,9.894919395E0,-1.395912886E0
1.459249177E1,-3.062812984E-1,9.918848038E0,-1.321735382E0
1.459487015E1,-2.751746178E-1,9.918848038E0,-1.197308660E0
1.459724781E1,-2.823530734E-1,9.909276962E0,-1.141974568E0
1.459962552E1,-2.727817893E-1,9.887741089E0,-1.060618639E0
1.460200395E1,-2.727817893E-1,9.818349838E0,-1.053440213E0
1.460438234E1,-2.536391914E-1,9.767801285E0,-1.024726272E0
1.460676000E1,-2.368894368E-1,9.736694336E0,-1.027119160E0
1.460913765E1,-2.273181528E-1,9.696016312E0,-1.074975610E0
1.461151609E1,-2.297109663E-1,9.648159981E0,-1.094118118E0
1.461389453E1,-2.273181528E-1,9.595518112E0,-1.170688510E0
1.461627218E1,-2.560320199E-1,9.614660263E0,-1.240379453E0
1.461864984E1,-2.919243574E-1,9.600303650E0,-1.326521039E0
1.462102828E1,-3.493520916E-1,9.595518112E0,-1.383948803E0
1.462340671E1,-3.684946895E-1,9.583553314E0,-1.434198022E0
1.462578437E1,-3.780659735E-1,9.593125343E0,-1.458126307E0
1.462816203E1,-3.876372576E-1,9.643374443E0,-1.482054472E0
1.463054046E1,-4.115654826E-1,9.645767212E0,-1.503589988E0
1.463291890E1,-4.235295951E-1,9.669695854E0,-1.510768414E0
1.463529656E1,-4.091726840E-1,9.674481392E0,-1.491625786E0
1.463767421E1,-4.283152521E-1,9.672088623E0,-1.498804331E0
1.464005265E1,-4.163511395E-1,9.676874161E0,-1.453340650E0
1.464243109E1,-4.283152521E-1,9.648159981E0,-1.434198022E0
1.464480874E1,-4.666004181E-1,9.672088623E0,-1.443769336E0
1.464718640E1,-4.977070987E-1,9.679266930E0,-1.419841170E0
1.464956484E1,-5.051847100E-1,9.676874161E0,-1.417448282E0
1.465194328E1,-5.123631358E-1,9.696016312E0,-1.388734460E0
1.465432093E1,-5.219344497E-1,9.719944954E0,-1.417448282E0
1.465669859E1,-5.578267574E-1,9.703194618E0,-1.460519075E0
1.465907703E1,-5.578267574E-1,9.700801849E0,-1.467697620E0
1.466145546E1,-5.769693851E-1,9.736694336E0,-1.486840129E0
1.466383312E1,-5.602195859E-1,9.765408516E0,-1.498804331E0
1.466621078E1,-5.841478109E-1,9.758230209E0,-1.482054472E0
1.466858921E1,-5.721837282E-1,9.760622978E0,-1.484447360E0
1.467096765E1,-5.745765567E-1,9.767801285E0,-1.462911963E0
1.467334531E1,-5.673980713E-1,9.775279045E0,-1.427019596E0
1.467572296E1,-5.362913609E-1,9.792028427E0,-1.381555915E0
1.467810140E1,-5.123631358E-1,9.794421196E0,-1.360020518E0
1.468047984E1,-5.267201066E-1,9.787242889E0,-1.312164068E0
1.468285750E1,-5.051847100E-1,9.787242889E0,-1.264307618E0
1.468523515E1,-4.713860750E-1,9.808777809E0,-1.226022482E0
1.468761359E1,-4.713860750E-1,9.815957069E0,-1.177866936E0
1.468999203E1,-4.354937077E-1,9.811170578E0,-1.194915771E0
1.469236968E1,-4.307080805E-1,9.823135376E0,-1.190130115E0
1.469474734E1,-4.043870270E-1,9.811170578E0,-1.177866936E0
1.469712578E1,-3.828516304E-1,9.827920914E0,-1.192523003E0
1.469950421E1,-3.637090325E-1,9.844670296E0,-1.209272742E0
1.470188187E1,-3.421736360E-1,9.827920914E0,-1.216451168E0
1.470425953E1,-3.565305769E-1,9.837491989E0,-1.245165110E0
1.470663796E1,-3.326023519E-1,9.863813400E0,-1.254736423E0
1.470901640E1,-3.326023519E-1,9.880562782E0,-1.254736423E0
1.471139406E1,-3.373879790E-1,9.878170013E0,-1.290628672E0
1.471377171E1,-3.278166950E-1,9.835099220E0,-1.319342613E0
1.471615015E1,-3.589234054E-1,9.856635094E0,-1.309771299E0
1.471852859E1,-3.373879790E-1,9.839884758E0,-1.302592874E0
1.472090624E1,-3.517449200E-1,9.837491989E0,-1.304985642E0
1.472328390E1,-3.565305769E-1,9.825528145E0,-1.333699465E0
1.472566234E1,-3.493520916E-1,9.787242889E0,-1.348056436E0
1.472804078E1,-3.684946895E-1,9.765408516E0,-1.364806175E0
1.473041843E1,-3.828516304E-1,9.763015747E0,-1.355234981E0
1.473279609E1,-3.756731451E-1,9.751050949E0,-1.386341572E0
1.473517453E1,-3.589234054E-1,9.731908798E0,-1.383948803E0
1.473755296E1,-3.445664644E-1,9.722337723E0,-1.388734460E0
1.473993062E1,-3.349951804E-1,9.739087105E0,-1.405484200E0
1.474230828E1,-3.206382394E-1,9.696016312E0,-1.427019596E0
1.474468671E1,-2.871387303E-1,9.691230774E0,-1.412662625E0
1.474706515E1,-2.991028428E-1,9.707980156E0,-1.407876968E0
1.474944281E1,-2.919243574E-1,9.684052467E0,-1.419841170E0
1.475182046E1,-2.823530734E-1,9.638588905E0,-1.436590910E0
1.475419890E1,-2.632105052E-1,9.667302132E0,-1.415055513E0
1.475657734E1,-2.560320199E-1,9.662516594E0,-1.403091431E0
1.475895500E1,-2.297109663E-1,9.657731056E0,-1.369591832E0
1.476133265E1,-2.488535494E-1,9.662516594E0,-1.360020518E0
1.476371109E1,-2.368894368E-1,9.681659698E0,-1.360020518E0
1.476608953E1,-2.392822653E-1,9.700801849E0,-1.350449324E0
1.476846718E1,-2.488535494E-1,9.700801849E0,-1.340878010E0
1.477084484E1,-2.344966233E-1,9.712766647E0,-1.352842093E0
1.477322328E1,-2.440679073E-1,9.722337723E0,-1.357627749E0
1.477560171E1,-2.536391914E-1,9.727123260E0,-1.379163146E0
1.477797937E1,-2.703889608E-1,9.760622978E0,-1.355234981E0
1.478035703E1,-2.608176768E-1,9.748658180E0,-1.355234981E0
1.478273546E1,-2.632105052E-1,9.753444672E0,-1.357627749E0
1.478511390E1,-2.679961324E-1,9.772586823E0,-1.343270779E0
1.478749156E1,-2.632105052E-1,9.767801285E0,-1.319342613E0
1.478986921E1,-2.560320199E-1,9.792028427E0,-1.293021560E0
1.479224765E1,-2.392822653E-1,9.803992271E0,-1.309771299E0
1.479462609E1,-2.703889608E-1,9.811170578E0,-1.309771299E0
1.479700375E1,-2.727817893E-1,9.815957069E0,-1.314556956E0
1.479938140E1,-2.943171859E-1,9.811170578E0,-1.295414329E0
1.480175984E1,-3.038884699E-1,9.820742607E0,-1.271486163E0
1.480413828E1,-3.158525825E-1,9.851848602E0,-1.264307618E0
1.480651593E1,-3.110669553E-1,9.856635094E0,-1.285843015E0
1.480889359E1,-3.014956415E-1,9.861420631E0,-1.245165110E0
1.481127203E1,-2.991028428E-1,9.849455833E0,-1.257129192E0
1.481365046E1,-3.086741269E-1,9.849455833E0,-1.309771299E0
1.481602812E1,-3.541377485E-1,9.837491989E0,-1.283450246E0
1.481840578E1,-3.780659735E-1,9.866206169E0,-1.281057477E0
1.482078421E1,-4.067798555E-1,9.863813400E0,-1.336092353E0
1.482316265E1,-4.378865361E-1,9.861420631E0,-1.383948803E0
1.482554031E1,-4.713860750E-1,9.854242325E0,-1.400698543E0
1.482791796E1,-5.243272781E-1,9.866206169E0,-1.415055513E0
1.483029640E1,-5.219344497E-1,9.844670296E0,-1.424626827E0
1.483267484E1,-5.697908998E-1,9.854242325E0,-1.438983679E0
1.483505250E1,-5.578267574E-1,9.851848602E0,-1.419841170E0
1.483743015E1,-5.721837282E-1,9.859027863E0,-1.410269856E0
1.483980859E1,-5.841478109E-1,9.863813400E0,-1.427019596E0
1.484218703E1,-6.320042610E-1,9.847063065E0,-1.422233939E0
1.484456468E1,-6.559324861E-1,9.861420631E0,-1.419841170E0
1.484694234E1,-6.655037999E-1,9.844670296E0,-1.419841170E0
1.484932078E1,-6.750751138E-1,9.803992271E0,-1.403091431E0
1.485169921E1,-6.583253145E-1,9.815957069E0,-1.379163146E0
1.485407687E1,-6.726822853E-1,9.803992271E0,-1.364806175E0
1.485645453E1,-6.750751138E-1,9.784850121E0,-1.328913927E0
1.485883296E1,-6.726822853E-1,9.741479874E0,-1.307378531E0
1.486121140E1,-6.439684033E-1,9.741479874E0,-1.285843015E0
1.486358906E1,-6.487540603E-1,9.739087105E0,-1.264307618E0
1.486596671E1,-6.296114326E-1,9.703194618E0,-1.235593796E0
1.486834515E1,-6.056832075E-1,9.703194618E0,-1.190130115E0
1.487072359E1,-5.817549825E-1,9.693623543E0,-1.168295622E0
1.487310124E1,-5.602195859E-1,9.664909363E0,-1.139581800E0
1.487547890E1,-5.386841893E-1,9.664909363E0,-1.149153113E0
1.487785734E1,-5.458626747E-1,9.645767212E0,-1.132403374E0
1.488023578E1,-5.243272781E-1,9.631410599E0,-1.113260746E0
1.488261343E1,-5.171487927E-1,9.631410599E0,-1.120439172E0
1.488499109E1,-5.219344497E-1,9.660123825E0,-1.122832060E0
1.488736953E1,-5.458626747E-1,9.626625061E0,-1.168295622E0
1.488974796E1,-5.721837282E-1,9.636196136E0,-1.146760225E0
1.489212562E1,-5.338985324E-1,9.631410599E0,-1.144367456E0
1.489450328E1,-5.243272781E-1,9.648159981E0,-1.168295622E0
1.489688171E1,-5.315057039E-1,9.621838570E0,-1.177866936E0
1.489926015E1,-5.650052428E-1,9.648159981E0,-1.223629713E0
1.490163781E1,-5.626124144E-1,9.657731056E0,-1.216451168E0
1.490401546E1,-5.434698462E-1,9.624231339E0,-1.211665511E0
1.490639390E1,-5.578267574E-1,9.629017830E0,-1.211665511E0
1.490877234E1,-5.530411601E-1,9.631410599E0,-1.194915771E0
1.491115000E1,-5.338985324E-1,9.638588905E0,-1.158724308E0
1.491352765E1,-5.315057039E-1,9.662516594E0,-1.211665511E0
1.491590609E1,-5.506483316E-1,9.667302132E0,-1.221236825E0
1.491828453E1,-5.434698462E-1,9.674481392E0,-1.199701428E0
1.492066218E1,-5.338985324E-1,9.686445236E0,-1.161117196E0
1.492303984E1,-5.123631358E-1,9.710372925E0,-1.202094316E0
1.492541828E1,-5.889334679E-1,9.739087105E0,-1.345663667E0
1.492779671E1,-5.578267574E-1,9.755837440E0,-1.264307618E0
1.493017437E1,-4.689932466E-1,9.751050949E0,-1.233201027E0
1.493255203E1,-5.985047817E-1,9.801599503E0,-1.443769336E0
1.493493046E1,-6.511468887E-1,9.820742607E0,-1.450947881E0
1.493730890E1,-5.889334679E-1,9.801599503E0,-1.369591832E0
1.493968656E1,-4.618147612E-1,9.760622978E0,-1.122832060E0
1.494206421E1,-2.464607358E-1,9.705587387E0,-8.428717852E-1
1.494444265E1,4.785645287E-3,9.648159981E0,-5.506483316E-1
1.494682109E1,-2.871387079E-2,9.676874161E0,-6.634100676E-1
1.494919874E1,-2.368894368E-1,9.739087105E0,-1.022333503E0
1.495157640E1,-4.522434771E-1,9.780064583E0,-1.216451168E0
1.495395484E1,-6.176473498E-1,9.777671814E0,-1.350449324E0
1.495633328E1,-6.942176819E-1,9.705587387E0,-1.369591832E0
1.495871093E1,-7.037889361E-1,9.633803368E0,-1.403091431E0
1.496108859E1,-6.894320250E-1,9.602696419E0,-1.448554993E0
1.496346703E1,-6.463612318E-1,9.619445801E0,-1.494018674E0
1.496584546E1,-6.511468887E-1,9.669695854E0,-1.628016710E0
1.496822312E1,-6.990033388E-1,9.748658180E0,-1.687837243E0
1.497060078E1,-6.774678826E-1,9.825528145E0,-1.659123421E0
1.497297921E1,-6.343970895E-1,9.859027863E0,-1.620838284E0
1.497535765E1,-6.056832075E-1,9.823135376E0,-1.651944876E0
1.497773531E1,-6.463612318E-1,9.813564301E0,-1.702194214E0
1.498011296E1,-6.966105103E-1,9.767801285E0,-1.733300924E0
1.498249140E1,-7.109674215E-1,9.763015747E0,-1.750349760E0
1.498486984E1,-6.966105103E-1,9.741479874E0,-1.711765528E0
1.498724750E1,-6.583253145E-1,9.731908798E0,-1.699801445E0
1.498962515E1,-6.439684033E-1,9.719944954E0,-1.663909078E0
1.499200359E1,-6.367899179E-1,9.736694336E0,-1.635195136E0
1.499438198E1,-6.032904387E-1,9.753444672E0,-1.556231976E0
1.499675963E1,-5.985047817E-1,9.772586823E0,-1.486840129E0
1.499913734E1,-5.769693851E-1,9.772586823E0,-1.446162224E0
1.500151578E1,-5.793621540E-1,9.775279045E0,-1.407876968E0
1.500389421E1,-5.410770178E-1,9.787242889E0,-1.355234981E0
1.500627187E1,-5.626124144E-1,9.792028427E0,-1.333699465E0
1.500864953E1,-5.386841893E-1,9.803992271E0,-1.300199986E0
1.501102796E1,-5.219344497E-1,9.796813965E0,-1.278664589E0
1.501340640E1,-5.000999570E-1,9.799206734E0,-1.233201027E0
1.501578406E1,-4.785645306E-1,9.799206734E0,-1.228415370E0
1.501816171E1,-4.785645306E-1,9.772586823E0,-1.202094316E0
1.502054015E1,-4.474578202E-1,9.772586823E0,-1.211665511E0
1.502291854E1,-4.594219327E-1,9.760622978E0,-1.211665511E0
1.502529619E1,-4.642075896E-1,9.746265411E0,-1.228415370E0
1.502767390E1,-4.570291340E-1,9.755837440E0,-1.237986565E0
1.503005234E1,-4.570291340E-1,9.741479874E0,-1.254736423E0
1.503243073E1,-4.666004181E-1,9.741479874E0,-1.290628672E0
1.503480838E1,-4.809573591E-1,9.724730492E0,-1.326521039E0
1.503718609E1,-4.833501875E-1,9.715159416E0,-1.369591832E0
1.503956453E1,-4.929214716E-1,9.719944954E0,-1.400698543E0
1.504194291E1,-4.905286431E-1,9.746265411E0,-1.422233939E0
1.504432057E1,-4.905286431E-1,9.746265411E0,-1.436590910E0
1.504669828E1,-4.905286431E-1,9.734301567E0,-1.482054472E0
1.504907671E1,-5.147559643E-1,9.743872643E0,-1.479661703E0
1.505145510E1,-5.315057039E-1,9.755837440E0,-1.486840129E0
1.505383276E1,-5.291129351E-1,9.758230209E0,-1.470090389E0
1.505621046E1,-5.171487927E-1,9.772586823E0,-1.453340650E0
1.505858890E1,-5.243272781E-1,9.775279045E0,-1.460519075E0
1.506096729E1,-5.171487927E-1,9.763015747E0,-1.448554993E0
1.506334494E1,-5.267201066E-1,9.763015747E0,-1.400698543E0
1.506572260E1,-5.171487927E-1,9.775279045E0,-1.410269856E0
1.506810104E1,-5.243272781E-1,9.770194054E0,-1.391127229E0
1.507047948E1,-5.410770178E-1,9.775279045E0,-1.400698543E0
1.507285713E1,-5.410770178E-1,9.760622978E0,-1.371984720E0
1.507523484E1,-5.000999570E-1,9.755837440E0,-1.388734460E0
1.507761328E1,-5.123631358E-1,9.763015747E0,-1.412662625E0
1.507999166E1,-5.147559643E-1,9.755837440E0,-1.398305774E0
1.508236932E1,-5.075774789E-1,9.772586823E0,-1.415055513E0
1.508474698E1,-5.195416212E-1,9.741479874E0,-1.417448282E0
1.508712541E1,-5.075774789E-1,9.746265411E0,-1.419841170E0
1.508950385E1,-4.905286431E-1,9.722337723E0,-1.434198022E0
1.509188151E1,-5.051847100E-1,9.734301567E0,-1.429412484E0
1.509425916E1,-4.977070987E-1,9.715159416E0,-1.410269856E0
1.509663760E1,-4.809573591E-1,9.696016312E0,-1.410269856E0
1.509901604E1,-4.953143001E-1,9.693623543E0,-1.383948803E0
1.510139369E1,-4.618147612E-1,9.705587387E0,-1.374377489E0
1.510377135E1,-4.761717021E-1,9.715159416E0,-1.367199063E0
1.510614979E1,-4.881358147E-1,9.707980156E0,-1.376770377E0
1.510852822E1,-4.761717021E-1,9.696016312E0,-1.364806175E0
1.511090588E1,-4.833501875E-1,9.686445236E0,-1.367199063E0
1.511328354E1,-4.761717021E-1,9.705587387E0,-1.360020518E0
1.511566198E1,-4.689932466E-1,9.705587387E0,-1.403091431E0
1.511804041E1,-5.051847100E-1,9.707980156E0,-1.400698543E0
1.512041807E1,-5.024927258E-1,9.705587387E0,-1.388734460E0
1.512279573E1,-4.666004181E-1,9.703194618E0,-1.405484200E0
1.512517416E1,-4.809573591E-1,9.736694336E0,-1.415055513E0
1.512755260E1,-5.000999570E-1,9.741479874E0,-1.431805253E0
1.512993026E1,-4.785645306E-1,9.751050949E0,-1.443769336E0
1.513230791E1,-4.953143001E-1,9.751050949E0,-1.438983679E0
1.513468635E1,-4.833501875E-1,9.784850121E0,-1.453340650E0
1.513706479E1,-5.000999570E-1,9.763015747E0,-1.465304732E0
1.513944244E1,-4.905286431E-1,9.777671814E0,-1.474876046E0
1.514182010E1,-4.905286431E-1,9.777671814E0,-1.462911963E0
1.514419854E1,-5.147559643E-1,9.794421196E0,-1.462911963E0
1.514657698E1,-5.051847100E-1,9.808777809E0,-1.458126307E0
1.514895463E1,-5.099703074E-1,9.792028427E0,-1.441376567E0
1.515133229E1,-5.147559643E-1,9.789635658E0,-1.448554993E0
1.515371073E1,-4.977070987E-1,9.784850121E0,-1.455733418E0
1.515608916E1,-5.024927258E-1,9.789635658E0,-1.470090389E0
1.515846682E1,-5.075774789E-1,9.782457352E0,-1.474876046E0
1.516084448E1,-5.195416212E-1,9.787242889E0,-1.460519075E0
1.516322291E1,-5.291129351E-1,9.784850121E0,-1.474876046E0
1.516560135E1,-5.362913609E-1,9.784850121E0,-1.438983679E0
1.516797901E1,-5.243272781E-1,9.799206734E0,-1.455733418E0
1.517035666E1,-5.171487927E-1,9.801599503E0,-1.446162224E0
1.517273510E1,-5.171487927E-1,9.787242889E0,-1.455733418E0
1.517511354E1,-5.243272781E-1,9.789635658E0,-1.448554993E0
1.517749119E1,-5.195416212E-1,9.767801285E0,-1.455733418E0
1.517986885E1,-5.219344497E-1,9.748658180E0,-1.455733418E0
1.518224729E1,-5.195416212E-1,9.758230209E0,-1.470090389E0
1.518462572E1,-5.075774789E-1,9.731908798E0,-1.453340650E0
1.518700338E1,-5.219344497E-1,9.739087105E0,-1.470090389E0
1.518938104E1,-5.410770178E-1,9.712766647E0,-1.482054472E0
1.519175948E1,-5.123631358E-1,9.712766647E0,-1.470090389E0
1.519413791E1,-5.434698462E-1,9.710372925E0,-1.453340650E0
1.519651557E1,-5.315057039E-1,9.700801849E0,-1.455733418E0
1.519889322E1,-5.291129351E-1,9.696016312E0,-1.446162224E0
1.520127166E1,-5.171487927E-1,9.696016312E0,-1.448554993E0
1.520365010E1,-5.147559643E-1,9.707980156E0,-1.458126307E0
1.520602776E1,-5.024927258E-1,9.681659698E0,-1.470090389E0
1.520840541E1,-5.000999570E-1,9.698409081E0,-1.438983679E0
1.521078385E1,-4.953143001E-1,9.707980156E0,-1.438983679E0
1.521316229E1,-4.761717021E-1,9.712766647E0,-1.424626827E0
1.521553994E1,-4.785645306E-1,9.717552185E0,-1.427019596E0
1.521791760E1,-4.474578202E-1,9.717552185E0,-1.424626827E0
1.522029604E1,-4.546363056E-1,9.710372925E0,-1.422233939E0
1.522267448E1,-4.474578202E-1,9.717552185E0,-1.453340650E0
1.522505213E1,-4.546363056E-1,9.715159416E0,-1.446162224E0
1.522742979E1,-4.378865361E-1,9.729516029E0,-1.460519075E0
1.522980823E1,-4.546363056E-1,9.724730492E0,-1.455733418E0
1.523218666E1,-4.331009090E-1,9.722337723E0,-1.465304732E0
1.523456432E1,-4.450650215E-1,9.719944954E0,-1.460519075E0
1.523694198E1,-4.283152521E-1,9.722337723E0,-1.455733418E0
1.523932041E1,-4.283152521E-1,9.724730492E0,-1.403091431E0
1.524169885E1,-4.187439680E-1,9.722337723E0,-1.434198022E0
1.524407651E1,-4.211367965E-1,9.727123260E0,-1.424626827E0
1.524645416E1,-4.187439680E-1,9.710372925E0,-1.419841170E0
1.524883260E1,-4.354937077E-1,9.719944954E0,-1.419841170E0
1.525121104E1,-4.067798555E-1,9.743872643E0,-1.434198022E0
1.525358869E1,-4.283152521E-1,9.736694336E0,-1.407876968E0
1.525596635E1,-4.091726840E-1,9.734301567E0,-1.419841170E0
1.525834479E1,-4.019941986E-1,9.734301567E0,-1.417448282E0
1.526072323E1,-4.091726840E-1,9.746265411E0,-1.424626827E0
1.526310088E1,-4.067798555E-1,9.751050949E0,-1.410269856E0
1.526547854E1,-4.043870270E-1,9.746265411E0,-1.431805253E0
1.526785698E1,-3.828516304E-1,9.748658180E0,-1.443769336E0
1.527023541E1,-3.708875179E-1,9.739087105E0,-1.441376567E0
1.527261307E1,-3.804588020E-1,9.741479874E0,-1.458126307E0
1.527499072E1,-3.708875179E-1,9.748658180E0,-1.462911963E0
1.527736916E1,-3.517449200E-1,9.760622978E0,-1.455733418E0
1.527974760E1,-3.373879790E-1,9.755837440E0,-1.446162224E0
1.528212526E1,-3.134597540E-1,9.743872643E0,-1.441376567E0
1.528450291E1,-3.182454109E-1,9.770194054E0,-1.453340650E0
1.528688135E1,-3.230310678E-1,9.741479874E0,-1.472483277E0
1.528925979E1,-3.206382394E-1,9.751050949E0,-1.489233017E0
1.529163744E1,-3.110669553E-1,9.763015747E0,-1.436590910E0
1.529401510E1,-2.799602449E-1,9.739087105E0,-1.470090389E0
1.529639354E1,-2.991028428E-1,9.741479874E0,-1.496411443E0
1.529877198E1,-3.326023519E-1,9.746265411E0,-1.482054472E0
1.530114963E1,-3.182454109E-1,9.731908798E0,-1.486840129E0
1.530352729E1,-3.182454109E-1,9.729516029E0,-1.479661703E0
1.530590572E1,-3.206382394E-1,9.700801849E0,-1.491625786E0
1.530828416E1,-3.326023519E-1,9.717552185E0,-1.491625786E0
1.531066182E1,-3.397808075E-1,9.698409081E0,-1.510768414E0
1.531303948E1,-3.445664644E-1,9.705587387E0,-1.505982757E0
1.531541791E1,-3.589234054E-1,9.696016312E0,-1.515554070E0
1.531779635E1,-3.804588020E-1,9.693623543E0,-1.508375525E0
1.532017401E1,-3.972085714E-1,9.684052467E0,-1.522732496E0
1.532255166E1,-3.900300860E-1,9.672088623E0,-1.515554070E0
1.532493010E1,-4.091726840E-1,9.672088623E0,-1.534696579E0
1.532730854E1,-4.211367965E-1,9.652945518E0,-1.537089467E0
1.532968619E1,-4.594219327E-1,9.674481392E0,-1.520339727E0
1.533206385E1,-4.666004181E-1,9.664909363E0,-1.546660781E0
1.533444229E1,-4.618147612E-1,9.662516594E0,-1.527518153E0
1.533682072E1,-4.809573591E-1,9.638588905E0,-1.525125384E0
1.533919838E1,-5.147559643E-1,9.648159981E0,-1.541875124E0
1.534157604E1,-5.291129351E-1,9.648159981E0,-1.534696579E0
1.534395448E1,-5.458626747E-1,9.650552750E0,-1.539482236E0
1.534633291E1,-5.673980713E-1,9.652945518E0,-1.529910922E0
1.534871057E1,-5.985047817E-1,9.648159981E0,-1.491625786E0
1.535108823E1,-5.985047817E-1,9.640981674E0,-1.527518153E0
1.535346666E1,-6.367899179E-1,9.645767212E0,-1.510768414E0
1.535584505E1,-6.152545214E-1,9.621838570E0,-1.515554070E0
1.535822270E1,-6.535396576E-1,9.633803368E0,-1.525125384E0
1.536060041E1,-6.535396576E-1,9.640981674E0,-1.503589988E0
1.536297885E1,-6.798607111E-1,9.643374443E0,-1.527518153E0
1.536535729E1,-6.822535396E-1,9.640981674E0,-1.503589988E0
1.536773494E1,-7.085745931E-1,9.638588905E0,-1.501197100E0
1.537011260E1,-7.133602500E-1,9.645767212E0,-1.505982757E0
1.537249104E1,-7.348956466E-1,9.643374443E0,-1.494018674E0
1.537486948E1,-7.444669604E-1,9.643374443E0,-1.501197100E0
1.537724713E1,-7.588238716E-1,9.662516594E0,-1.498804331E0
1.537962479E1,-7.468597889E-1,9.681659698E0,-1.494018674E0
1.538200323E1,-7.660023570E-1,9.679266930E0,-1.489233017E0
1.538438166E1,-7.660023570E-1,9.693623543E0,-1.505982757E0
1.538675932E1,-7.707880139E-1,9.681659698E0,-1.484447360E0
1.538913698E1,-7.612167001E-1,9.712766647E0,-1.491625786E0
1.539151541E1,-7.564310431E-1,9.729516029E0,-1.470090389E0
1.539389385E1,-7.468597889E-1,9.743872643E0,-1.498804331E0
1.539627151E1,-7.444669604E-1,9.758230209E0,-1.503589988E0
1.539864916E1,-7.468597889E-1,9.760622978E0,-1.496411443E0
1.540102760E1,-7.492526174E-1,9.763015747E0,-1.479661703E0
1.540340599E1,-7.348956466E-1,9.760622978E0,-1.505982757E0
1.540578364E1,-7.420741320E-1,9.772586823E0,-1.522732496E0
1.540816135E1,-7.348956466E-1,9.792028427E0,-1.532303810E0
1.541053979E1,-7.636095285E-1,9.801599503E0,-1.515554070E0
1.541291817E1,-7.564310431E-1,9.799206734E0,-1.537089467E0
1.541529583E1,-7.683951855E-1,9.782457352E0,-1.544267893E0
1.541767354E1,-7.827520967E-1,9.787242889E0,-1.546660781E0
1.542005198E1,-7.995018363E-1,9.808777809E0,-1.544267893E0
1.542243036E1,-7.875377536E-1,9.789635658E0,-1.565803289E0
1.542480802E1,-7.971090674E-1,9.796813965E0,-1.582553029E0
1.542718573E1,-7.971090674E-1,9.782457352E0,-1.582553029E0
1.542956416E1,-8.114659786E-1,9.801599503E0,-1.599302888E0
1.543194255E1,-8.162516356E-1,9.801599503E0,-1.582553029E0
1.543432020E1,-7.995018363E-1,9.780064583E0,-1.589731574E0
1.543669791E1,-8.186444640E-1,9.770194054E0,-1.584945917E0
1.543907635E1,-8.401798606E-1,9.772586823E0,-1.594517231E0
1.544145474E1,-8.353942037E-1,9.782457352E0,-1.608874083E0
1.544383239E1,-8.497511148E-1,9.777671814E0,-1.596910000E0
1.544621010E1,-8.401798606E-1,9.753444672E0,-1.620838284E0
1.544858854E1,-8.665009141E-1,9.758230209E0,-1.599302888E0
1.545096692E1,-8.401798606E-1,9.748658180E0,-1.589731574E0
1.545334458E1,-8.641080856E-1,9.751050949E0,-1.613659739E0
1.545572224E1,-8.353942037E-1,9.753444672E0,-1.599302888E0
1.545810067E1,-8.449655175E-1,9.770194054E0,-1.599302888E0
1.546047911E1,-8.258228898E-1,9.767801285E0,-1.604088426E0
1.546285677E1,-8.401798606E-1,9.770194054E0,-1.613659739E0
1.546523448E1,-8.306085467E-1,9.753444672E0,-1.620838284E0
1.546761291E1,-8.258228898E-1,9.789635658E0,-1.611266971E0
1.546999130E1,-8.066803217E-1,9.767801285E0,-1.601695657E0
1.547236895E1,-8.282157183E-1,9.784850121E0,-1.611266971E0
1.547474666E1,-7.971090674E-1,9.777671814E0,-1.584945917E0
1.547712510E1,-8.042874932E-1,9.792028427E0,-1.608874083E0
1.547950348E1,-8.162516356E-1,9.794421196E0,-1.594517231E0
1.548188114E1,-8.114659786E-1,9.796813965E0,-1.582553029E0
1.548425880E1,-8.042874932E-1,9.799206734E0,-1.587338686E0
1.548663724E1,-7.947162390E-1,9.789635658E0,-1.592124343E0
1.548901567E1,-8.018946648E-1,9.789635658E0,-1.594517231E0
1.549139333E1,-7.803592682E-1,9.787242889E0,-1.613659739E0
1.549377099E1,-7.851449251E-1,9.794421196E0,-1.599302888E0
1.549614942E1,-7.683951855E-1,9.789635658E0,-1.606481314E0
1.549852786E1,-7.707880139E-1,9.789635658E0,-1.606481314E0
1.550090552E1,-7.875377536E-1,9.777671814E0,-1.592124343E0
1.550328317E1,-7.564310431E-1,9.789635658E0,-1.625623941E0
1.550566161E1,-7.731808424E-1,9.770194054E0,-1.623231053E0
1.550804005E1,-7.875377536E-1,9.789635658E0,-1.637588024E0
1.551041770E1,-7.707880139E-1,9.770194054E0,-1.637588024E0
1.551279536E1,-7.444669604E-1,9.767801285E0,-1.623231053E0
1.551517380E1,-7.683951855E-1,9.748658180E0,-1.599302888E0
1.551755224E1,-7.803592682E-1,9.772586823E0,-1.616052628E0
1.551992989E1,-7.683951855E-1,9.727123260E0,-1.625623941E0
1.552230755E1,-7.636095285E-1,9.763015747E0,-1.630409479E0
1.552468599E1,-7.707880139E-1,9.739087105E0,-1.623231053E0
1.552706442E1,-7.731808424E-1,9.712766647E0,-1.635195136E0
1.552944208E1,-7.923234105E-1,9.724730492E0,-1.613659739E0
1.553181974E1,-8.234301209E-1,9.734301567E0,-1.611266971E0
1.553419817E1,-7.731808424E-1,9.722337723E0,-1.625623941E0
1.553657661E1,-7.731808424E-1,9.710372925E0,-1.620838284E0
1.553895427E1,-7.755736113E-1,9.698409081E0,-1.606481314E0
1.554133192E1,-7.755736113E-1,9.698409081E0,-1.580160260E0
1.554371036E1,-7.803592682E-1,9.686445236E0,-1.572981834E0
1.554608880E1,-7.779664397E-1,9.676874161E0,-1.549053550E0
1.554846645E1,-7.612167001E-1,9.645767212E0,-1.556231976E0
1.555084411E1,-7.564310431E-1,9.631410599E0,-1.549053550E0
1.555322255E1,-7.755736113E-1,9.621838570E0,-1.549053550E0
1.555560099E1,-7.660023570E-1,9.624231339E0,-1.534696579E0
1.555797864E1,-7.540382147E-1,9.617053032E0,-1.515554070E0
1.556035630E1,-7.109674215E-1,9.600303650E0,-1.515554070E0
1.556273474E1,-7.181459069E-1,9.588339806E0,-1.520339727E0
1.556511317E1,-7.157530785E-1,9.552447319E0,-1.505982757E0
1.556749083E1,-6.990033388E-1,9.573982239E0,-1.474876046E0
1.556986848E1,-6.894320250E-1,9.538089752E0,-1.489233017E0
1.557224692E1,-6.655037999E-1,9.547661781E0,-1.501197100E0
1.557462536E1,-6.343970895E-1,9.547661781E0,-1.458126307E0
1.557700302E1,-6.320042610E-1,9.521340370E0,-1.484447360E0
1.557938067E1,-6.008976102E-1,9.545269012E0,-1.462911963E0
1.558175911E1,-5.530411601E-1,9.562018394E0,-1.450947881E0
1.558413755E1,-5.338985324E-1,9.569196701E0,-1.467697620E0
1.558651520E1,-5.195416212E-1,9.585947037E0,-1.460519075E0
1.558889286E1,-5.000999570E-1,9.602696419E0,-1.458126307E0
1.559127130E1,-4.689932466E-1,9.633803368E0,-1.460519075E0
1.559364974E1,-4.546363056E-1,9.652945518E0,-1.453340650E0
1.559602739E1,-4.211367965E-1,9.660123825E0,-1.494018674E0
1.559840505E1,-4.187439680E-1,9.686445236E0,-1.484447360E0
1.560078349E1,-4.091726840E-1,9.719944954E0,-1.458126307E0
1.560316192E1,-3.900300860E-1,9.748658180E0,-1.482054472E0
1.560553958E1,-3.756731451E-1,9.787242889E0,-1.484447360E0
1.560791724E1,-3.565305769E-1,9.787242889E0,-1.494018674E0
1.561029567E1,-3.421736360E-1,9.801599503E0,-1.474876046E0
1.561267411E1,-3.613162339E-1,9.827920914E0,-1.477268934E0
1.561505177E1,-3.397808075E-1,9.847063065E0,-1.465304732E0
1.561742942E1,-3.302095234E-1,9.880562782E0,-1.450947881E0
1.561980786E1,-3.134597540E-1,9.868598938E0,-1.441376567E0
1.562218630E1,-2.991028428E-1,9.887741089E0,-1.436590910E0
1.562456395E1,-2.871387303E-1,9.906884193E0,-1.415055513E0
1.562694161E1,-2.703889608E-1,9.937990189E0,-1.403091431E0
1.562932005E1,-2.823530734E-1,9.930811882E0,-1.369591832E0
1.563169849E1,-2.703889608E-1,9.921240807E0,-1.369591832E0
1.563407614E1,-2.632105052E-1,9.923633575E0,-1.360020518E0
1.563645380E1,-2.584248483E-1,9.911669731E0,-1.348056436E0
1.563883224E1,-2.584248483E-1,9.918848038E0,-1.360020518E0
1.564121067E1,-2.416750938E-1,9.897313118E0,-1.364806175E0
1.564358833E1,-2.225325108E-1,9.887741089E0,-1.369591832E0
1.564596598E1,-2.129612118E-1,9.892526627E0,-1.398305774E0
1.564834442E1,-2.009970993E-1,9.890133858E0,-1.393520117E0
1.565072286E1,-2.081755698E-1,9.892526627E0,-1.405484200E0
1.565310052E1,-1.962114573E-1,9.897313118E0,-1.391127229E0
1.565547817E1,-1.914258152E-1,9.880562782E0,-1.436590910E0
1.565785661E1,-1.746760458E-1,9.904491425E0,-1.434198022E0
1.566023505E1,-1.459621787E-1,9.880562782E0,-1.441376567E0
1.566261270E1,-1.818545163E-1,9.878170013E0,-1.467697620E0
1.566499036E1,-1.746760458E-1,9.885348320E0,-1.443769336E0
1.566736880E1,-1.387837082E-1,9.892526627E0,-1.419841170E0
1.566974724E1,-1.316052526E-1,9.914062500E0,-1.455733418E0
1.567212489E1,-1.244267747E-1,9.906884193E0,-1.472483277E0
1.567450255E1,-9.092725813E-2,9.890133858E0,-1.450947881E0
1.567688098E1,-9.332008660E-2,9.902098656E0,-1.434198022E0
1.567925942E1,-7.896314561E-2,9.914062500E0,-1.441376567E0
1.568163708E1,-7.657032460E-2,9.921240807E0,-1.431805253E0
1.568401474E1,-5.982056633E-2,9.909276962E0,-1.438983679E0
1.568639317E1,-5.982056633E-2,9.882955551E0,-1.438983679E0
1.568877161E1,-4.785645381E-2,9.887741089E0,-1.443769336E0
1.569114927E1,-4.546362907E-2,9.880562782E0,-1.422233939E0
1.569352692E1,-5.742774159E-2,9.866206169E0,-1.443769336E0
1.569590536E1,-6.939185411E-2,9.866206169E0,-1.410269856E0
1.569828380E1,-4.067798331E-2,9.870991707E0,-1.412662625E0
1.570066145E1,-7.178468257E-2,9.854242325E0,-1.388734460E0
1.570303911E1,-6.699903309E-2,9.832706451E0,-1.395912886E0
1.570541755E1,-6.460621208E-2,9.825528145E0,-1.381555915E0
1.570779598E1,-6.460621208E-2,9.823135376E0,-1.362413406E0
1.571017364E1,-6.460621208E-2,9.839884758E0,-1.383948803E0
1.571255130E1,-6.460621208E-2,9.808777809E0,-1.388734460E0
1.571492974E1,-7.896314561E-2,9.811170578E0,-1.407876968E0
1.571730817E1,-8.853443712E-2,9.780064583E0,-1.386341572E0
1.571968583E1,-7.417750359E-2,9.784850121E0,-1.388734460E0
1.572206349E1,-7.417750359E-2,9.780064583E0,-1.388734460E0
1.572444192E1,-9.332008660E-2,9.780064583E0,-1.388734460E0
1.572682036E1,-9.092725813E-2,9.770194054E0,-1.388734460E0
1.572919802E1,-1.076770201E-1,9.755837440E0,-1.391127229E0
1.573157567E1,-1.100698411E-1,9.772586823E0,-1.371984720E0
1.573395411E1,-1.244267747E-1,9.746265411E0,-1.403091431E0
1.573633250E1,-1.220339537E-1,9.739087105E0,-1.379163146E0
1.573871015E1,-1.387837082E-1,9.705587387E0,-1.403091431E0
1.574108786E1,-1.316052526E-1,9.715159416E0,-1.381555915E0
1.574346630E1,-1.531406492E-1,9.693623543E0,-1.379163146E0
1.574584468E1,-1.531406492E-1,9.672088623E0,-1.371984720E0
1.574822234E1,-1.507478207E-1,9.672088623E0,-1.379163146E0
1.575060005E1,-1.483550072E-1,9.650552750E0,-1.374377489E0
1.575297849E1,-1.555334777E-1,9.626625061E0,-1.398305774E0
1.575535687E1,-1.794617027E-1,9.633803368E0,-1.379163146E0
1.575773453E1,-2.057827413E-1,9.626625061E0,-1.371984720E0
1.576011224E1,-2.177468538E-1,9.638588905E0,-1.379163146E0
1.576249067E1,-2.225325108E-1,9.614660263E0,-1.386341572E0
1.576486906E1,-2.201396823E-1,9.593125343E0,-1.369591832E0
1.576724671E1,-2.464607358E-1,9.605089188E0,-1.395912886E0
1.576962442E1,-2.440679073E-1,9.619445801E0,-1.391127229E0
1.577200286E1,-2.560320199E-1,9.607481956E0,-1.405484200E0
1.577438124E1,-2.584248483E-1,9.607481956E0,-1.417448282E0
1.577675890E1,-2.679961324E-1,9.595518112E0,-1.427019596E0
1.577913656E1,-2.871387303E-1,9.614660263E0,-1.424626827E0
1.578151500E1,-3.014956415E-1,9.609874725E0,-1.450947881E0
1.578389343E1,-3.014956415E-1,9.621838570E0,-1.446162224E0
1.578627109E1,-3.254238665E-1,9.612267494E0,-1.458126307E0
1.578864880E1,-3.517449200E-1,9.629017830E0,-1.472483277E0
1.579102724E1,-3.373879790E-1,9.638588905E0,-1.438983679E0
1.579340562E1,-3.661018610E-1,9.621838570E0,-1.467697620E0
1.579578328E1,-3.684946895E-1,9.638588905E0,-1.453340650E0
1.579816098E1,-3.756731451E-1,9.655338287E0,-1.460519075E0
1.580053942E1,-3.924229145E-1,9.674481392E0,-1.448554993E0
1.580291781E1,-4.019941986E-1,9.712766647E0,-1.474876046E0
1.580529546E1,-3.948157430E-1,9.712766647E0,-1.470090389E0
1.580767317E1,-4.043870270E-1,9.739087105E0,-1.486840129E0
1.581005161E1,-4.187439680E-1,9.765408516E0,-1.496411443E0
1.581243000E1,-4.235295951E-1,9.765408516E0,-1.496411443E0
1.581480765E1,-4.283152521E-1,9.789635658E0,-1.501197100E0
1.581718531E1,-4.091726840E-1,9.770194054E0,-1.486840129E0
1.581956375E1,-4.402793646E-1,9.799206734E0,-1.505982757E0
1.582194218E1,-4.354937077E-1,9.787242889E0,-1.517946839E0
1.582431984E1,-4.307080805E-1,9.796813965E0,-1.486840129E0
1.582669750E1,-4.402793646E-1,9.801599503E0,-1.491625786E0
1.582907593E1,-4.498506486E-1,9.782457352E0,-1.489233017E0
1.583145437E1,-4.402793646E-1,9.763015747E0,-1.498804331E0
1.583383203E1,-4.713860750E-1,9.792028427E0,-1.508375525E0
1.583620968E1,-4.642075896E-1,9.760622978E0,-1.515554070E0
1.583858812E1,-4.929214716E-1,9.767801285E0,-1.494018674E0
1.584096656E1,-5.000999570E-1,9.763015747E0,-1.479661703E0
1.584334421E1,-4.857429862E-1,9.767801285E0,-1.520339727E0
1.584572187E1,-4.642075896E-1,9.760622978E0,-1.501197100E0
1.584810031E1,-4.833501875E-1,9.751050949E0,-1.501197100E0
1.585047874E1,-4.785645306E-1,9.727123260E0,-1.508375525E0
1.585285640E1,-4.905286431E-1,9.710372925E0,-1.527518153E0
1.585523406E1,-4.953143001E-1,9.715159416E0,-1.513161182E0
1.585761250E1,-5.267201066E-1,9.727123260E0,-1.522732496E0
1.585999093E1,-5.195416212E-1,9.684052467E0,-1.549053550E0
1.586236859E1,-5.195416212E-1,9.681659698E0,-1.558624864E0
1.586474625E1,-5.123631358E-1,9.676874161E0,-1.582553029E0
1.586712468E1,-5.075774789E-1,9.679266930E0,-1.556231976E0
1.586950312E1,-5.000999570E-1,9.703194618E0,-1.575374603E0
1.587188078E1,-4.737788737E-1,9.703194618E0,-1.561017632E0
1.587425843E1,-4.666004181E-1,9.688838005E0,-1.553839207E0
1.587663687E1,-4.354937077E-1,9.667302132E0,-1.565803289E0
1.587901531E1,-4.378865361E-1,9.686445236E0,-1.546660781E0
1.588139296E1,-4.354937077E-1,9.700801849E0,-1.563410521E0
1.588377062E1,-3.924229145E-1,9.691230774E0,-1.582553029E0
1.588614906E1,-3.541377485E-1,9.686445236E0,-1.592124343E0
1.588852750E1,-3.517449200E-1,9.676874161E0,-1.599302888E0
1.589090515E1,-3.445664644E-1,9.669695854E0,-1.613659739E0
1.589328281E1,-3.565305769E-1,9.648159981E0,-1.637588024E0
1.589566125E1,-3.445664644E-1,9.621838570E0,-1.616052628E0
1.589803968E1,-3.397808075E-1,9.633803368E0,-1.642373681E0
1.590041734E1,-3.397808075E-1,9.626625061E0,-1.647159338E0
1.590279500E1,-3.397808075E-1,9.595518112E0,-1.671087503E0
1.590517343E1,-3.708875179E-1,9.612267494E0,-1.661516190E0
1.590755187E1,-3.732803464E-1,9.602696419E0,-1.685444474E0
1.590992953E1,-3.613162339E-1,9.602696419E0,-1.654337764E0
1.591230718E1,-3.565305769E-1,9.621838570E0,-1.656730533E0
1.591468562E1,-3.708875179E-1,9.617053032E0,-1.623231053E0
1.591706406E1,-3.780659735E-1,9.638588905E0,-1.649552107E0
1.591944171E1,-3.661018610E-1,9.640981674E0,-1.642373681E0
1.592181937E1,-3.421736360E-1,9.645767212E0,-1.637588024E0
1.592419781E1,-3.541377485E-1,9.655338287E0,-1.637588024E0
1.592657625E1,-3.493520916E-1,9.676874161E0,-1.630409479E0
1.592895390E1,-3.565305769E-1,9.710372925E0,-1.635195136E0
1.593133156E1,-3.110669553E-1,9.722337723E0,-1.625623941E0
1.593371000E1,-3.182454109E-1,9.739087105E0,-1.663909078E0
1.593608843E1,-3.278166950E-1,9.746265411E0,-1.668694735E0
1.593846609E1,-3.158525825E-1,9.765408516E0,-1.675873160E0
1.594084374E1,-3.206382394E-1,9.748658180E0,-1.673480392E0
1.594322218E1,-3.086741269E-1,9.765408516E0,-1.695015788E0
1.594560062E1,-3.014956415E-1,9.748658180E0,-1.675873160E0
1.594797828E1,-3.038884699E-1,9.727123260E0,-1.680658817E0
1.595035593E1,-3.182454109E-1,9.739087105E0,-1.675873160E0
1.595273437E1,-2.943171859E-1,9.734301567E0,-1.683051586E0
1.595511281E1,-2.799602449E-1,9.722337723E0,-1.683051586E0
1.595749046E1,-2.799602449E-1,9.712766647E0,-1.687837243E0
1.595986812E1,-2.823530734E-1,9.741479874E0,-1.678265929E0
1.596224656E1,-2.775674164E-1,9.751050949E0,-1.673480392E0
1.596462500E1,-2.344966233E-1,9.724730492E0,-1.671087503E0
1.596700265E1,-2.297109663E-1,9.736694336E0,-1.668694735E0
1.596938031E1,-1.962114573E-1,9.724730492E0,-1.656730533E0
1.597175874E1,-1.722832322E-1,9.715159416E0,-1.671087503E0
1.597413718E1,-1.698904037E-1,9.703194618E0,-1.687837243E0
1.597651484E1,-1.722832322E-1,9.712766647E0,-1.699801445E0
1.597889250E1,-1.531406492E-1,9.698409081E0,-1.704586983E0
1.598127093E1,-1.435693651E-1,9.688838005E0,-1.687837243E0
1.598364937E1,-1.483550072E-1,9.664909363E0,-1.702194214E0
1.598602703E1,-1.555334777E-1,9.667302132E0,-1.714158297E0
1.598840468E1,-1.579262912E-1,9.645767212E0,-1.687837243E0
1.599078312E1,-1.627119333E-1,9.650552750E0,-1.716551185E0
1.599316156E1,-1.627119333E-1,9.660123825E0,-1.716551185E0
1.599553921E1,-1.722832322E-1,9.650552750E0,-1.702194214E0
1.599791687E1,-1.986042857E-1,9.631410599E0,-1.685444474E0
1.600029531E1,-2.297109663E-1,9.633803368E0,-1.683051586E0
1.600267375E1,-2.321037948E-1,9.643374443E0,-1.699801445E0
1.600505140E1,-2.488535494E-1,9.638588905E0,-1.683051586E0
1.600742906E1,-2.536391914E-1,9.631410599E0,-1.678265929E0
1.600980750E1,-2.679961324E-1,9.626625061E0,-1.675873160E0
1.601218588E1,-2.799602449E-1,9.645767212E0,-1.685444474E0
1.601456354E1,-2.823530734E-1,9.636196136E0,-1.666301847E0
1.601694124E1,-2.943171859E-1,9.662516594E0,-1.666301847E0
1.601931968E1,-2.847459018E-1,9.662516594E0,-1.651944876E0
1.602169812E1,-2.608176768E-1,9.667302132E0,-1.651944876E0
1.602407578E1,-2.751746178E-1,9.691230774E0,-1.644766450E0
1.602645343E1,-2.656033039E-1,9.691230774E0,-1.623231053E0
1.602883187E1,-2.488535494E-1,9.700801849E0,-1.625623941E0
1.603121026E1,-2.392822653E-1,9.717552185E0,-1.659123421E0
1.603358791E1,-2.297109663E-1,9.703194618E0,-1.656730533E0
1.603596562E1,-2.536391914E-1,9.719944954E0,-1.678265929E0
1.603834406E1,-2.440679073E-1,9.700801849E0,-1.675873160E0
1.604072244E1,-2.656033039E-1,9.688838005E0,-1.702194214E0
1.604310010E1,-2.751746178E-1,9.707980156E0,-1.752742529E0
1.604547781E1,-2.823530734E-1,9.717552185E0,-1.755135417E0
1.604785625E1,-2.656033039E-1,9.703194618E0,-1.740479350E0
1.605023463E1,-2.560320199E-1,9.715159416E0,-1.726122379E0
1.605261229E1,-2.440679073E-1,9.717552185E0,-1.706979871E0
1.605498994E1,-2.344966233E-1,9.710372925E0,-1.692622900E0
1.605736838E1,-2.153540403E-1,9.751050949E0,-1.678265929E0
1.605974682E1,-2.201396823E-1,9.746265411E0,-1.647159338E0
1.606212448E1,-1.818545163E-1,9.746265411E0,-1.639980793E0
1.606450213E1,-1.914258152E-1,9.748658180E0,-1.604088426E0
1.606688057E1,-2.033899277E-1,9.760622978E0,-1.651944876E0
1.606925901E1,-2.249253243E-1,9.760622978E0,-1.673480392E0
1.607163666E1,-2.392822653E-1,9.748658180E0,-1.704586983E0
1.607401437E1,-2.392822653E-1,9.705587387E0,-1.745265007E0
1.607639281E1,-2.751746178E-1,9.727123260E0,-1.752742529E0
1.607877119E1,-2.823530734E-1,9.705587387E0,-1.764706731E0
1.608114885E1,-2.991028428E-1,9.667302132E0,-1.735693693E0
1.608352656E1,-3.278166950E-1,9.674481392E0,-1.750349760E0
1.608590500E1,-3.349951804E-1,9.655338287E0,-1.714158297E0
1.608828338E1,-3.254238665E-1,9.631410599E0,-1.728515267E0
1.609066104E1,-3.349951804E-1,9.612267494E0,-1.697408557E0
1.609303869E1,-3.541377485E-1,9.607481956E0,-1.704586983E0
1.609541713E1,-3.469592929E-1,9.605089188E0,-1.685444474E0
1.609779557E1,-3.302095234E-1,9.583553314E0,-1.683051586E0
1.610017323E1,-3.421736360E-1,9.600303650E0,-1.685444474E0
1.610255088E1,-3.278166950E-1,9.581160545E0,-1.685444474E0
1.610492932E1,-3.038884699E-1,9.588339806E0,-1.673480392E0
1.610730776E1,-3.134597540E-1,9.612267494E0,-1.668694735E0
1.610968541E1,-2.991028428E-1,9.629017830E0,-1.697408557E0
1.611206307E1,-2.656033039E-1,9.600303650E0,-1.678265929E0
1.611444151E1,-2.703889608E-1,9.617053032E0,-1.697408557E0
1.611681994E1,-7.803592682E-1,9.839884758E0,-1.651944876E0
1.611919760E1,-2.416750938E-1,9.717552185E0,-1.702194214E0
1.612157526E1,2.036890239E-1,9.614660263E0,-1.721336842E0
1.612395369E1,1.055833027E-1,9.554840088E0,-1.697408557E0
1.612633213E1,-6.939185411E-2,9.511769295E0,-1.699801445E0
1.612870979E1,-1.651047617E-1,9.552447319E0,-1.709372640E0
1.613108744E1,-1.914258152E-1,9.605089188E0,-1.711765528E0
1.613346588E1,-1.244267747E-1,9.624231339E0,-1.711765528E0
1.613584432E1,-9.810572863E-2,9.679266930E0,-1.723729610E0
1.613822198E1,-5.982056633E-2,9.652945518E0,-1.721336842E0
1.614059963E1,-5.503492057E-2,9.676874161E0,-1.718943954E0
1.614297807E1,-5.024927482E-2,9.672088623E0,-1.716551185E0
1.614535651E1,-5.503492057E-2,9.688838005E0,-1.723729610E0
1.614773416E1,-7.178467698E-3,9.693623543E0,-1.685444474E0
1.615011182E1,-1.435693540E-2,9.679266930E0,-1.671087503E0
1.615249026E1,9.571290575E-3,9.672088623E0,-1.692622900E0
1.615486869E1,2.153540403E-2,9.679266930E0,-1.663909078E0
1.615724635E1,5.503492057E-2,9.676874161E0,-1.661516190E0
1.615962401E1,5.264209956E-2,9.703194618E0,-1.642373681E0
1.616200244E1,7.686942816E-2,9.707980156E0,-1.623231053E0
1.616438088E1,9.122636169E-2,9.693623543E0,-1.558624864E0
1.616675854E1,8.404789865E-2,9.717552185E0,-1.584945917E0
1.616913619E1,8.404789865E-2,9.722337723E0,-1.587338686E0
1.617151463E1,8.165507019E-2,9.717552185E0,-1.556231976E0
1.617389307E1,-3.469592929E-1,9.952347755E0,-1.544267893E0
1.617627073E1,-2.536391914E-1,9.868598938E0,-1.522732496E0
1.617864838E1,5.506483316E-1,9.652945518E0,-1.635195136E0
1.618102682E1,5.410770178E-1,9.571589470E0,-1.582553029E0
1.618340526E1,2.587239444E-1,9.559625626E0,-1.529910922E0
1.618578291E1,1.103689447E-1,9.547661781E0,-1.513161182E0
1.618816057E1,1.031904742E-1,9.612267494E0,-1.529910922E0
1.619053901E1,1.342971772E-1,9.633803368E0,-1.537089467E0
1.619291744E1,1.701895148E-1,9.662516594E0,-1.532303810E0
1.619529510E1,2.060818523E-1,9.676874161E0,-1.539482236E0
1.619767276E1,2.276172489E-1,9.691230774E0,-1.544267893E0
1.620005119E1,2.084746659E-1,9.703194618E0,-1.539482236E0
1.620242963E1,2.276172489E-1,9.652945518E0,-1.508375525E0
1.620480729E1,2.300100774E-1,9.629017830E0,-1.515554070E0
1.620718494E1,2.419741899E-1,9.669695854E0,-1.486840129E0
1.620956338E1,2.778665423E-1,9.669695854E0,-1.503589988E0
1.621194182E1,3.305086195E-1,9.700801849E0,-1.484447360E0
1.621431948E1,3.185445070E-1,9.700801849E0,-1.477268934E0
1.621669713E1,3.376871049E-1,9.686445236E0,-1.482054472E0
1.621907557E1,3.640081584E-1,9.705587387E0,-1.477268934E0
1.622145401E1,3.831507266E-1,9.707980156E0,-1.477268934E0
1.622383166E1,3.735794425E-1,9.724730492E0,-1.472483277E0
1.622620932E1,3.999004960E-1,9.724730492E0,-1.489233017E0
1.622858776E1,4.166502357E-1,9.729516029E0,-1.520339727E0
1.623096619E1,4.262215197E-1,9.739087105E0,-1.522732496E0
1.623334385E1,4.286143482E-1,9.719944954E0,-1.496411443E0
1.623572151E1,4.597210586E-1,9.736694336E0,-1.489233017E0
1.623809994E1,4.645066857E-1,9.736694336E0,-1.503589988E0
1.624047838E1,4.573282301E-1,9.751050949E0,-1.494018674E0
1.624285604E1,4.573282301E-1,9.780064583E0,-1.503589988E0
1.624523369E1,4.501497746E-1,9.767801285E0,-1.510768414E0
1.624761213E1,4.668995142E-1,9.782457352E0,-1.515554070E0
1.624999057E1,4.621138871E-1,9.796813965E0,-1.505982757E0
1.625236822E1,4.764707983E-1,9.787242889E0,-1.489233017E0
1.625474588E1,4.788636267E-1,9.787242889E0,-1.505982757E0
1.625712432E1,4.621138871E-1,9.796813965E0,-1.498804331E0
1.625950276E1,4.621138871E-1,9.808777809E0,-1.505982757E0
1.626188041E1,4.860421121E-1,9.803992271E0,-1.503589988E0
1.626425807E1,5.027918816E-1,9.815957069E0,-1.522732496E0
1.626663651E1,4.740779996E-1,9.825528145E0,-1.510768414E0
1.626901494E1,4.764707983E-1,9.844670296E0,-1.479661703E0
1.627139260E1,4.812564552E-1,9.820742607E0,-1.513161182E0
1.627377026E1,4.788636267E-1,9.808777809E0,-1.517946839E0
1.627614869E1,4.860421121E-1,9.832706451E0,-1.520339727E0
1.627852713E1,4.692923427E-1,9.837491989E0,-1.558624864E0
1.628090479E1,4.405784607E-1,9.832706451E0,-1.546660781E0
1.628328244E1,4.549354017E-1,9.839884758E0,-1.527518153E0
1.628566088E1,4.453641176E-1,9.820742607E0,-1.556231976E0
1.628803927E1,4.405784607E-1,9.818349838E0,-1.525125384E0
1.629041692E1,4.597210586E-1,9.820742607E0,-1.489233017E0
1.629279463E1,4.692923427E-1,9.837491989E0,-1.489233017E0
1.629517307E1,4.549354017E-1,9.837491989E0,-1.467697620E0
1.629755145E1,4.597210586E-1,9.854242325E0,-1.462911963E0
1.629992911E1,4.788636267E-1,9.847063065E0,-1.453340650E0
1.630230682E1,4.573282301E-1,9.825528145E0,-1.429412484E0
1.630468526E1,4.740779996E-1,9.839884758E0,-1.453340650E0
1.630706364E1,4.692923427E-1,9.856635094E0,-1.472483277E0
1.630944130E1,4.621138871E-1,9.861420631E0,-1.474876046E0
1.631181895E1,4.525425732E-1,9.842277527E0,-1.460519075E0
1.631419739E1,4.716851711E-1,9.825528145E0,-1.455733418E0
1.631657583E1,4.621138871E-1,9.801599503E0,-1.450947881E0
1.631895348E1,4.405784607E-1,9.818349838E0,-1.448554993E0
1.632133114E1,4.501497746E-1,9.760622978E0,-1.441376567E0
1.632370958E1,4.334000051E-1,9.775279045E0,-1.434198022E0
1.632608802E1,4.262215197E-1,9.763015747E0,-1.417448282E0
1.632846567E1,4.381856322E-1,9.753444672E0,-1.415055513E0
1.633084333E1,4.334000051E-1,9.755837440E0,-1.410269856E0
1.633322177E1,4.238287210E-1,9.755837440E0,-1.417448282E0
1.633560020E1,4.190430641E-1,9.741479874E0,-1.395912886E0
1.633797786E1,4.190430641E-1,9.731908798E0,-1.407876968E0
1.634035552E1,3.951148391E-1,9.746265411E0,-1.400698543E0
1.634273395E1,4.118646085E-1,9.748658180E0,-1.395912886E0
1.634511239E1,3.951148391E-1,9.751050949E0,-1.415055513E0
1.634749005E1,4.094717801E-1,9.748658180E0,-1.403091431E0
1.634986770E1,4.046861231E-1,9.734301567E0,-1.417448282E0
1.635224614E1,4.070789516E-1,9.763015747E0,-1.417448282E0
1.635462458E1,4.142574072E-1,9.758230209E0,-1.424626827E0
1.635700224E1,4.118646085E-1,9.753444672E0,-1.458126307E0
1.635937989E1,4.094717801E-1,9.780064583E0,-1.436590910E0
1.636175833E1,4.118646085E-1,9.792028427E0,-1.465304732E0
1.636413677E1,4.094717801E-1,9.767801285E0,-1.429412484E0
1.636651442E1,4.070789516E-1,9.767801285E0,-1.462911963E0
1.636889208E1,4.166502357E-1,9.775279045E0,-1.486840129E0
1.637127052E1,4.094717801E-1,9.765408516E0,-1.467697620E0
1.637364895E1,4.142574072E-1,9.787242889E0,-1.479661703E0
1.637602661E1,4.022932947E-1,9.770194054E0,-1.470090389E0
1.637840427E1,3.903291821E-1,9.784850121E0,-1.474876046E0
1.638078270E1,3.783650696E-1,9.796813965E0,-1.458126307E0
1.638316114E1,3.807578981E-1,9.772586823E0,-1.460519075E0
1.638553880E1,3.783650696E-1,9.796813965E0,-1.470090389E0
1.638791645E1,3.999004960E-1,9.782457352E0,-1.472483277E0
1.639029489E1,3.807578981E-1,9.777671814E0,-1.479661703E0
1.639267333E1,3.903291821E-1,9.777671814E0,-1.486840129E0
1.639505098E1,3.831507266E-1,9.796813965E0,-1.489233017E0
1.639742864E1,3.520440459E-1,9.796813965E0,-1.477268934E0
1.639980708E1,3.233301640E-1,9.796813965E0,-1.513161182E0
1.640218552E1,3.257229924E-1,9.811170578E0,-1.537089467E0
1.640456317E1,3.233301640E-1,9.813564301E0,-1.534696579E0
1.640694083E1,3.281157911E-1,9.818349838E0,-1.539482236E0
1.640931927E1,3.400799036E-1,9.789635658E0,-1.525125384E0
1.641169770E1,3.113660514E-1,9.806385040E0,-1.494018674E0
1.641407536E1,2.994019389E-1,9.808777809E0,-1.494018674E0
1.641645302E1,3.041875660E-1,9.815957069E0,-1.505982757E0
1.641883145E1,3.161516786E-1,9.820742607E0,-1.491625786E0
1.642120989E1,3.017947674E-1,9.830313683E0,-1.479661703E0
1.642358755E1,2.730808854E-1,9.806385040E0,-1.491625786E0
1.642596520E1,2.850449979E-1,9.808777809E0,-1.486840129E0
1.642834364E1,2.802593410E-1,9.808777809E0,-1.477268934E0
1.643072208E1,2.706880569E-1,9.808777809E0,-1.479661703E0
1.643309974E1,2.754737139E-1,9.777671814E0,-1.477268934E0
1.643547739E1,2.611167729E-1,9.758230209E0,-1.443769336E0
1.643785583E1,2.491526604E-1,9.763015747E0,-1.450947881E0
1.644023427E1,2.443670183E-1,9.739087105E0,-1.436590910E0
1.644261192E1,2.515454888E-1,9.734301567E0,-1.431805253E0
1.644498958E1,2.419741899E-1,9.729516029E0,-1.424626827E0
1.644736802E1,2.539383173E-1,9.722337723E0,-1.419841170E0
1.644974645E1,3.017947674E-1,9.780064583E0,-1.460519075E0
1.645212411E1,2.180459648E-1,9.676874161E0,-1.395912886E0
1.645450177E1,1.797607988E-1,9.597910881E0,-1.417448282E0
1.645688020E1,2.012962103E-1,9.660123825E0,-1.470090389E0
1.645925864E1,2.252244353E-1,9.674481392E0,-1.477268934E0
1.646163630E1,2.611167729E-1,9.684052467E0,-1.446162224E0
1.646401395E1,2.324029058E-1,9.660123825E0,-1.455733418E0
1.646639239E1,2.156531364E-1,9.657731056E0,-1.472483277E0
1.646877083E1,2.060818523E-1,9.664909363E0,-1.474876046E0
1.647114848E1,2.108674943E-1,9.643374443E0,-1.465304732E0
1.647352614E1,2.084746659E-1,9.636196136E0,-1.470090389E0
1.647590458E1,1.917249113E-1,9.662516594E0,-1.470090389E0
1.647828302E1,2.084746659E-1,9.657731056E0,-1.482054472E0
1.648066067E1,2.012962103E-1,9.640981674E0,-1.489233017E0
1.648303833E1,1.965105534E-1,9.636196136E0,-1.498804331E0
1.648541677E1,1.797607988E-1,9.650552750E0,-1.532303810E0
1.648779520E1,1.701895148E-1,9.640981674E0,-1.501197100E0
1.649017286E1,1.582254022E-1,9.655338287E0,-1.508375525E0
1.649255052E1,1.462612897E-1,9.633803368E0,-1.508375525E0
1.649492895E1,1.390828192E-1,9.633803368E0,-1.541875124E0
1.649730739E1,1.055833027E-1,9.636196136E0,-1.541875124E0
1.649968505E1,1.151545867E-1,9.643374443E0,-1.510768414E0
1.650206270E1,1.175474152E-1,9.645767212E0,-1.520339727E0
1.650444114E1,1.031904742E-1,9.662516594E0,-1.505982757E0
1.650681958E1,8.644071966E-2,9.660123825E0,-1.513161182E0
1.650919724E1,8.644071966E-2,9.660123825E0,-1.505982757E0
1.651157489E1,8.404789865E-2,9.698409081E0,-1.510768414E0
1.651395333E1,6.251249462E-2,9.705587387E0,-1.522732496E0
1.651633177E1,6.251249462E-2,9.724730492E0,-1.508375525E0
1.651870942E1,5.772684515E-2,9.739087105E0,-1.529910922E0
1.652108708E1,6.490531564E-2,9.770194054E0,-1.525125384E0
1.652346552E1,5.503492057E-2,9.784850121E0,-1.501197100E0
1.652584390E1,6.251249462E-2,9.792028427E0,-1.505982757E0
1.652822156E1,5.772684515E-2,9.794421196E0,-1.529910922E0
1.653059927E1,5.264209956E-2,9.811170578E0,-1.532303810E0
1.653297770E1,6.251249462E-2,9.823135376E0,-1.546660781E0
1.653535609E1,5.772684515E-2,9.830313683E0,-1.561017632E0
1.653773374E1,6.490531564E-2,9.842277527E0,-1.546660781E0
1.654011145E1,4.785645381E-2,9.820742607E0,-1.539482236E0
1.654248989E1,6.251249462E-2,9.811170578E0,-1.561017632E0
1.654486828E1,4.546362907E-2,9.827920914E0,-1.563410521E0
1.654724593E1,7.208377868E-2,9.801599503E0,-1.587338686E0
1.654962359E1,3.349951655E-2,9.780064583E0,-1.580160260E0
1.655200203E1,2.392822690E-2,9.765408516E0,-1.570588946E0
1.655438046E1,-2.392822644E-3,9.751050949E0,-1.575374603E0
1.655675812E1,-2.153540403E-2,9.758230209E0,-1.592124343E0
1.655913578E1,-3.110669367E-2,9.748658180E0,-1.568196177E0
1.656151421E1,-3.828516230E-2,9.719944954E0,-1.556231976E0
1.656389265E1,-7.657032460E-2,9.722337723E0,-1.544267893E0
1.656627031E1,-7.896314561E-2,9.715159416E0,-1.525125384E0
1.656864796E1,-7.178468257E-2,9.693623543E0,-1.517946839E0
1.657102640E1,-9.092725813E-2,9.703194618E0,-1.525125384E0
1.657340484E1,-7.657032460E-2,9.731908798E0,-1.525125384E0
1.657578250E1,-9.810572863E-2,9.719944954E0,-1.517946839E0
1.657816015E1,-1.148554832E-1,9.719944954E0,-1.517946839E0
1.658053859E1,-9.332008660E-2,9.715159416E0,-1.501197100E0
1.658291703E1,-1.268195957E-1,9.734301567E0,-1.498804331E0
1.658529468E1,-1.196411327E-1,9.710372925E0,-1.515554070E0
1.658767234E1,-1.196411327E-1,9.707980156E0,-1.505982757E0
1.659005078E1,-1.100698411E-1,9.727123260E0,-1.517946839E0
1.659242921E1,-1.124626622E-1,9.722337723E0,-1.541875124E0
1.659480687E1,-1.268195957E-1,9.707980156E0,-1.551446438E0
1.659718453E1,-1.220339537E-1,9.712766647E0,-1.546660781E0
1.659956296E1,-1.244267747E-1,9.717552185E0,-1.544267893E0
1.660194140E1,-1.148554832E-1,9.693623543E0,-1.539482236E0
1.660431906E1,-1.052841991E-1,9.712766647E0,-1.561017632E0
1.660669671E1,-1.028913707E-1,9.731908798E0,-1.553839207E0
1.660907515E1,-9.810572863E-2,9.739087105E0,-1.551446438E0
1.661145359E1,-9.571290761E-2,9.722337723E0,-1.556231976E0
1.661383124E1,-7.417750359E-2,9.755837440E0,-1.539482236E0
1.661620890E1,-5.024927482E-2,9.770194054E0,-1.570588946E0
1.661858734E1,-4.785645381E-2,9.751050949E0,-1.549053550E0
1.662096578E1,-1.914258115E-2,9.753444672E0,-1.568196177E0
1.662334343E1,-2.871387079E-2,9.751050949E0,-1.551446438E0
1.662572109E1,-1.435693540E-2,9.758230209E0,-1.558624864E0
1.662809953E1,-2.153540403E-2,9.739087105E0,-1.589731574E0
1.663047796E1,-2.392822644E-3,9.729516029E0,-1.592124343E0
1.663285562E1,-1.674975827E-2,9.731908798E0,-1.570588946E0
1.663523328E1,-3.828516230E-2,9.705587387E0,-1.601695657E0
1.663761171E1,-2.871387079E-2,9.710372925E0,-1.599302888E0
1.663999015E1,-4.546362907E-2,9.705587387E0,-1.628016710E0
1.664236781E1,-4.546362907E-2,9.707980156E0,-1.599302888E0
1.664474546E1,-5.024927482E-2,9.712766647E0,-1.618445396E0
1.664712390E1,-5.264209956E-2,9.705587387E0,-1.606481314E0
1.664950234E1,-5.264209956E-2,9.729516029E0,-1.599302888E0
1.665188000E1,-4.785645381E-2,9.741479874E0,-1.611266971E0
1.665425765E1,-4.067798331E-2,9.736694336E0,-1.611266971E0
1.665663609E1,-5.264209956E-2,9.734301567E0,-1.589731574E0
1.665901453E1,-5.503492057E-2,9.717552185E0,-1.577767372E0
1.666139218E1,-4.785645381E-2,9.724730492E0,-1.577767372E0
1.666376984E1,-5.264209956E-2,9.739087105E0,-1.584945917E0
1.666614828E1,-5.024927482E-2,9.736694336E0,-1.582553029E0
1.666852671E1,-5.982056633E-2,9.743872643E0,-1.577767372E0
1.667090437E1,-5.264209956E-2,9.729516029E0,-1.584945917E0
1.667328203E1,-3.828516230E-2,9.739087105E0,-1.594517231E0
1.667566046E1,-4.546362907E-2,9.746265411E0,-1.606481314E0
1.667803890E1,-6.699903309E-2,9.739087105E0,-1.599302888E0
1.668041656E1,-5.024927482E-2,9.751050949E0,-1.599302888E0
1.668279421E1,-4.785645381E-2,9.741479874E0,-1.625623941E0
1.668517265E1,-3.110669367E-2,9.753444672E0,-1.592124343E0
1.668755109E1,-2.871387079E-2,9.741479874E0,-1.620838284E0
1.668992874E1,-4.785645287E-3,9.746265411E0,-1.618445396E0
1.669230640E1,-4.785645287E-3,9.743872643E0,-1.606481314E0
1.669468484E1,-3.349951655E-2,9.734301567E0,-1.620838284E0
1.669706328E1,-2.392822644E-3,9.763015747E0,-1.604088426E0
1.669944093E1,7.178467698E-3,9.739087105E0,-1.594517231E0
1.670181859E1,7.178467698E-3,9.743872643E0,-1.594517231E0
1.670419703E1,0.000000000E0,9.758230209E0,-1.601695657E0
1.670657546E1,2.392822644E-3,9.758230209E0,-1.592124343E0
1.670895312E1,9.571290575E-3,9.780064583E0,-1.599302888E0
1.671133078E1,1.914258115E-2,9.758230209E0,-1.592124343E0
1.671370921E1,2.632104978E-2,9.784850121E0,-1.575374603E0
1.671608765E1,4.546362907E-2,9.801599503E0,-1.568196177E0
1.671846531E1,6.251249462E-2,9.801599503E0,-1.582553029E0
1.672084296E1,9.361918271E-2,9.847063065E0,-1.577767372E0
1.672322140E1,1.031904742E-1,9.832706451E0,-1.577767372E0
1.672559984E1,1.223330572E-1,9.863813400E0,-1.570588946E0
1.672797750E1,1.606182158E-1,9.837491989E0,-1.582553029E0
1.673035515E1,1.773679852E-1,9.844670296E0,-1.606481314E0
1.673273359E1,1.606182158E-1,9.825528145E0,-1.601695657E0
1.673511198E1,1.965105534E-1,9.806385040E0,-1.589731574E0
1.673748963E1,1.893320978E-1,9.823135376E0,-1.613659739E0
1.673986734E1,1.965105534E-1,9.837491989E0,-1.613659739E0
1.674224578E1,1.845464408E-1,9.837491989E0,-1.596910000E0
1.674462416E1,2.084746659E-1,9.827920914E0,-1.608874083E0
1.674700182E1,2.156531364E-1,9.823135376E0,-1.613659739E0
1.674937953E1,1.965105534E-1,9.813564301E0,-1.628016710E0
1.675175796E1,2.132603228E-1,9.818349838E0,-1.613659739E0
1.675413640E1,2.036890239E-1,9.789635658E0,-1.611266971E0
1.675651406E1,2.036890239E-1,9.780064583E0,-1.616052628E0
1.675889166E1,1.941177398E-1,9.794421196E0,-1.613659739E0
1.676127010E1,1.965105534E-1,9.770194054E0,-1.592124343E0
1.676364854E1,1.893320978E-1,9.763015747E0,-1.570588946E0
1.676602619E1,1.989033818E-1,9.758230209E0,-1.575374603E0
1.676840390E1,2.156531364E-1,9.746265411E0,-1.582553029E0
1.677078234E1,1.917249113E-1,9.722337723E0,-1.563410521E0
1.677316072E1,2.036890239E-1,9.719944954E0,-1.570588946E0
1.677553838E1,1.797607988E-1,9.731908798E0,-1.570588946E0
1.677791604E1,2.036890239E-1,9.712766647E0,-1.584945917E0
1.678029448E1,2.180459648E-1,9.688838005E0,-1.594517231E0
1.678267291E1,2.108674943E-1,9.707980156E0,-1.565803289E0
1.678505057E1,2.156531364E-1,9.681659698E0,-1.577767372E0
1.678742822E1,2.324029058E-1,9.679266930E0,-1.592124343E0
1.678980666E1,2.204387933E-1,9.684052467E0,-1.584945917E0
1.679218510E1,2.036890239E-1,9.684052467E0,-1.611266971E0
1.679456276E1,1.749751568E-1,9.686445236E0,-1.604088426E0
1.679694041E1,1.654038578E-1,9.693623543E0,-1.611266971E0
1.679931885E1,1.414756328E-1,9.705587387E0,-1.620838284E0
1.680169729E1,1.725823283E-1,9.715159416E0,-1.628016710E0
1.680407494E1,1.558325738E-1,9.707980156E0,-1.618445396E0
1.680645260E1,1.390828192E-1,9.722337723E0,-1.637588024E0
1.680883104E1,1.127617657E-1,9.717552185E0,-1.651944876E0
1.681120948E1,1.007976532E-1,9.712766647E0,-1.628016710E0
1.681358713E1,8.644071966E-2,9.719944954E0,-1.637588024E0
1.681596479E1,8.404789865E-2,9.729516029E0,-1.639980793E0
1.681834322E1,5.024927482E-2,9.763015747E0,-1.649552107E0
1.682072166E1,5.024927482E-2,9.767801285E0,-1.639980793E0
1.682309932E1,4.307080805E-2,9.777671814E0,-1.628016710E0
1.682547698E1,1.674975827E-2,9.767801285E0,-1.623231053E0
1.682785541E1,1.674975827E-2,9.789635658E0,-1.608874083E0
1.683023385E1,9.571290575E-3,9.770194054E0,-1.608874083E0
1.683261151E1,-4.785645287E-3,9.799206734E0,-1.601695657E0
1.683498916E1,-9.571290575E-3,9.780064583E0,-1.601695657E0
1.683736760E1,-7.178467698E-3,9.782457352E0,-1.589731574E0
1.683974604E1,-2.632104978E-2,9.803992271E0,-1.587338686E0
1.684212369E1,-2.392822690E-2,9.803992271E0,-1.580160260E0
1.684450135E1,2.392822644E-3,9.799206734E0,-1.553839207E0
1.684687979E1,1.435693540E-2,9.803992271E0,-1.558624864E0
1.684925822E1,2.392822644E-3,9.789635658E0,-1.539482236E0
1.685163588E1,2.632104978E-2,9.801599503E0,-1.505982757E0
1.685401354E1,1.674975827E-2,9.772586823E0,-1.498804331E0
1.685639198E1,4.785645287E-3,9.806385040E0,-1.539482236E0
1.685877041E1,2.392822644E-3,9.784850121E0,-1.532303810E0
1.686114807E1,-2.153540403E-2,9.782457352E0,-1.529910922E0
1.686352573E1,-1.435693540E-2,9.767801285E0,-1.551446438E0
1.686590416E1,-1.674975827E-2,9.755837440E0,-1.592124343E0
1.686828260E1,-3.828516230E-2,9.736694336E0,-1.592124343E0
1.687066026E1,-3.828516230E-2,9.729516029E0,-1.563410521E0
1.687303791E1,-4.785645381E-2,9.729516029E0,-1.589731574E0
1.687541635E1,-4.067798331E-2,9.722337723E0,-1.587338686E0
1.687779479E1,-7.417750359E-2,9.696016312E0,-1.546660781E0
1.688017244E1,-6.939185411E-2,9.712766647E0,-1.544267893E0
1.688255010E1,-7.896314561E-2,9.684052467E0,-1.565803289E0
1.688492854E1,-8.135596663E-2,9.710372925E0,-1.558624864E0
1.688730698E1,-8.135596663E-2,9.686445236E0,-1.587338686E0
1.688968463E1,-8.135596663E-2,9.710372925E0,-1.563410521E0
1.689206229E1,-9.571290761E-2,9.712766647E0,-1.553839207E0
1.689444073E1,-7.178468257E-2,9.715159416E0,-1.558624864E0
1.689681916E1,-5.264209956E-2,9.700801849E0,-1.570588946E0
1.689919682E1,-5.982056633E-2,9.681659698E0,-1.596910000E0
1.690157448E1,-6.221338734E-2,9.691230774E0,-1.589731574E0
1.690395291E1,-7.417750359E-2,9.672088623E0,-1.592124343E0
1.690633135E1,-7.896314561E-2,9.664909363E0,-1.592124343E0
1.690870901E1,-7.178468257E-2,9.657731056E0,-1.596910000E0
1.691108666E1,-6.221338734E-2,9.672088623E0,-1.570588946E0
1.691346510E1,-4.067798331E-2,9.662516594E0,-1.561017632E0
1.691584354E1,-3.828516230E-2,9.674481392E0,-1.527518153E0
1.691822119E1,-2.153540403E-2,9.669695854E0,-1.527518153E0
1.692059885E1,-4.785645287E-3,9.688838005E0,-1.505982757E0
1.692297729E1,0.000000000E0,9.676874161E0,-1.484447360E0
1.692535572E1,-1.674975827E-2,9.681659698E0,-1.477268934E0
1.692773338E1,-2.392822644E-3,9.681659698E0,-1.453340650E0
1.693011104E1,-2.392822644E-3,9.688838005E0,-1.465304732E0
1.693248948E1,2.392822644E-3,9.674481392E0,-1.458126307E0
1.693486791E1,7.178467698E-3,9.660123825E0,-1.467697620E0
1.693724557E1,-2.392822690E-2,9.655338287E0,-1.467697620E0
1.693962323E1,-2.153540403E-2,9.621838570E0,-1.458126307E0
1.694200166E1,-3.589234129E-2,9.629017830E0,-1.415055513E0
1.694438005E1,-3.589234129E-2,9.621838570E0,-1.429412484E0
1.694675770E1,-5.742774159E-2,9.631410599E0,-1.412662625E0
1.694913541E1,-1.435693540E-2,9.619445801E0,-1.398305774E0
1.695151385E1,-4.546362907E-2,9.617053032E0,-1.386341572E0
1.695389224E1,-6.939185411E-2,9.631410599E0,-1.395912886E0
1.695626989E1,-8.135596663E-2,9.614660263E0,-1.405484200E0
1.695864760E1,-7.417750359E-2,9.614660263E0,-1.391127229E0
1.696102604E1,-8.135596663E-2,9.624231339E0,-1.410269856E0
1.696340442E1,-9.810572863E-2,9.638588905E0,-1.410269856E0
1.696578208E1,-1.124626622E-1,9.650552750E0,-1.417448282E0
1.696815979E1,-1.100698411E-1,9.638588905E0,-1.424626827E0
1.697053823E1,-1.124626622E-1,9.645767212E0,-1.431805253E0
1.697291661E1,-1.028913707E-1,9.672088623E0,-1.462911963E0
1.697529427E1,-1.004985496E-1,9.698409081E0,-1.474876046E0
1.697767198E1,-1.196411327E-1,9.679266930E0,-1.525125384E0
1.698005041E1,-1.028913707E-1,9.698409081E0,-1.513161182E0
1.698242880E1,-7.896314561E-2,9.734301567E0,-1.534696579E0
1.698480645E1,-7.896314561E-2,9.743872643E0,-1.541875124E0
1.698718411E1,-6.221338734E-2,9.751050949E0,-1.546660781E0
1.698956255E1,-6.221338734E-2,9.751050949E0,-1.563410521E0
1.699194098E1,-7.896314561E-2,9.767801285E0,-1.558624864E0
1.699431864E1,-3.828516230E-2,9.760622978E0,-1.584945917E0
1.699669630E1,-4.307080805E-2,9.753444672E0,-1.584945917E0
1.699907474E1,-4.067798331E-2,9.760622978E0,-1.594517231E0
1.700145317E1,-2.392822690E-2,9.777671814E0,-1.582553029E0
1.700383083E1,-1.674975827E-2,9.772586823E0,-1.592124343E0
1.700620849E1,-1.914258115E-2,9.755837440E0,-1.604088426E0
1.700858692E1,-1.435693540E-2,9.772586823E0,-1.611266971E0
1.701096536E1,-2.153540403E-2,9.784850121E0,-1.611266971E0
1.701334302E1,-2.392822690E-2,9.760622978E0,-1.580160260E0
1.701572067E1,-1.196411345E-2,9.782457352E0,-1.601695657E0
1.701809911E1,-2.871387079E-2,9.765408516E0,-1.568196177E0
1.702047755E1,-3.349951655E-2,9.755837440E0,-1.568196177E0
1.702285520E1,-4.067798331E-2,9.772586823E0,-1.541875124E0
1.702523286E1,-3.828516230E-2,9.753444672E0,-1.529910922E0
1.702761130E1,-4.307080805E-2,9.755837440E0,-1.503589988E0
1.702998974E1,-5.742774159E-2,9.748658180E0,-1.510768414E0
1.703236739E1,-5.982056633E-2,9.751050949E0,-1.472483277E0
1.703474505E1,-6.221338734E-2,9.789635658E0,-1.470090389E0
1.703712349E1,-5.982056633E-2,9.784850121E0,-1.436590910E0
1.703950192E1,-5.982056633E-2,9.772586823E0,-1.427019596E0
1.704187958E1,-7.896314561E-2,9.765408516E0,-1.398305774E0
1.704425724E1,-6.699903309E-2,9.760622978E0,-1.403091431E0
1.704663567E1,-7.657032460E-2,9.753444672E0,-1.398305774E0
1.704901411E1,-8.374879509E-2,9.753444672E0,-1.388734460E0
1.705139177E1,-1.028913707E-1,9.724730492E0,-1.376770377E0
1.705376942E1,-1.172483116E-1,9.736694336E0,-1.362413406E0
1.705614786E1,-1.292124242E-1,9.712766647E0,-1.386341572E0
1.705852630E1,-1.483550072E-1,9.707980156E0,-1.398305774E0
1.706090395E1,-1.603191197E-1,9.734301567E0,-1.386341572E0
1.706328161E1,-1.698904037E-1,9.717552185E0,-1.422233939E0
1.706566005E1,-1.579262912E-1,9.712766647E0,-1.436590910E0
1.706803849E1,-1.722832322E-1,9.710372925E0,-1.448554993E0
1.707041614E1,-1.914258152E-1,9.700801849E0,-1.453340650E0
1.707279380E1,-1.866401732E-1,9.710372925E0,-1.479661703E0
1.707517224E1,-1.890329868E-1,9.727123260E0,-1.496411443E0
1.707755067E1,-1.986042857E-1,9.722337723E0,-1.513161182E0
1.707992833E1,-2.009970993E-1,9.719944954E0,-1.505982757E0
1.708230598E1,-1.698904037E-1,9.736694336E0,-1.529910922E0
1.708468442E1,-1.722832322E-1,9.734301567E0,-1.513161182E0
1.708706286E1,-1.651047617E-1,9.746265411E0,-1.515554070E0
1.708944052E1,-1.842473447E-1,9.772586823E0,-1.510768414E0
1.709181817E1,-1.483550072E-1,9.787242889E0,-1.520339727E0
1.709419661E1,-1.531406492E-1,9.789635658E0,-1.515554070E0
1.709657505E1,-1.507478207E-1,9.796813965E0,-1.515554070E0
1.709895270E1,-1.435693651E-1,9.806385040E0,-1.513161182E0
1.710133036E1,-1.172483116E-1,9.808777809E0,-1.510768414E0
1.710370880E1,-9.810572863E-2,9.803992271E0,-1.510768414E0
1.710608724E1,-8.614161611E-2,9.811170578E0,-1.508375525E0
1.710846489E1,-8.135596663E-2,9.789635658E0,-1.484447360E0
1.711084255E1,-1.220339537E-1,9.775279045E0,-1.498804331E0
1.711322098E1,-9.571290761E-2,9.775279045E0,-1.484447360E0
1.711559942E1,-1.028913707E-1,9.777671814E0,-1.505982757E0
1.711797708E1,-1.052841991E-1,9.758230209E0,-1.508375525E0
1.712035474E1,-1.052841991E-1,9.758230209E0,-1.486840129E0
1.712273317E1,-1.004985496E-1,9.741479874E0,-1.508375525E0
1.712511161E1,-1.076770201E-1,9.765408516E0,-1.494018674E0
1.712748927E1,-1.196411327E-1,9.741479874E0,-1.501197100E0
1.712986692E1,-1.148554832E-1,9.760622978E0,-1.515554070E0
1.713224536E1,-1.339980662E-1,9.736694336E0,-1.510768414E0
1.713462380E1,-1.244267747E-1,9.746265411E0,-1.520339727E0
1.713700145E1,-1.244267747E-1,9.753444672E0,-1.508375525E0
1.713937911E1,-1.244267747E-1,9.755837440E0,-1.505982757E0
1.714175755E1,-1.339980662E-1,9.780064583E0,-1.496411443E0
1.714413593E1,-1.459621787E-1,9.782457352E0,-1.525125384E0
1.714651359E1,-1.316052526E-1,9.777671814E0,-1.510768414E0
1.714889130E1,-1.052841991E-1,9.780064583E0,-1.496411443E0
1.715126974E1,-1.076770201E-1,9.765408516E0,-1.491625786E0
1.715364812E1,-9.810572863E-2,9.780064583E0,-1.455733418E0
1.715602578E1,-9.332008660E-2,9.770194054E0,-1.455733418E0
1.715840343E1,-1.004985496E-1,9.782457352E0,-1.455733418E0
1.716078187E1,-8.374879509E-2,9.763015747E0,-1.458126307E0
1.716316031E1,-6.221338734E-2,9.763015747E0,-1.407876968E0
1.716553796E1,-7.657032460E-2,9.765408516E0,-1.427019596E0
1.716791567E1,-5.742774159E-2,9.760622978E0,-1.410269856E0
1.717029411E1,-5.024927482E-2,9.736694336E0,-1.388734460E0
1.717267250E1,-3.828516230E-2,9.753444672E0,-1.398305774E0
1.717505015E1,-4.067798331E-2,9.746265411E0,-1.398305774E0
1.717742781E1,-3.110669367E-2,9.748658180E0,-1.398305774E0
1.717980624E1,-4.067798331E-2,9.722337723E0,-1.410269856E0
1.718218468E1,-4.546362907E-2,9.736694336E0,-1.395912886E0
1.718456234E1,-4.067798331E-2,9.722337723E0,-1.388734460E0
1.718694000E1,-3.828516230E-2,9.729516029E0,-1.403091431E0
1.718931843E1,-4.546362907E-2,9.729516029E0,-1.405484200E0
1.719169687E1,-6.221338734E-2,9.736694336E0,-1.410269856E0
1.719407453E1,-6.460621208E-2,9.727123260E0,-1.417448282E0
1.719645218E1,-7.657032460E-2,9.722337723E0,-1.410269856E0
1.719883062E1,-6.460621208E-2,9.727123260E0,-1.434198022E0
1.720120906E1,-6.699903309E-2,9.719944954E0,-1.450947881E0
1.720358671E1,-7.417750359E-2,9.710372925E0,-1.448554993E0
1.720596437E1,-6.221338734E-2,9.736694336E0,-1.448554993E0
1.720834281E1,-7.896314561E-2,9.743872643E0,-1.448554993E0
1.721072125E1,-7.417750359E-2,9.751050949E0,-1.465304732E0
1.721309890E1,-7.178468257E-2,9.758230209E0,-1.470090389E0
1.721547656E1,-7.657032460E-2,9.770194054E0,-1.498804331E0
1.721785500E1,-6.939185411E-2,9.777671814E0,-1.482054472E0
1.722023343E1,-4.307080805E-2,9.780064583E0,-1.484447360E0
1.722261109E1,-5.982056633E-2,9.770194054E0,-1.484447360E0
1.722498874E1,-6.221338734E-2,9.796813965E0,-1.513161182E0
1.722736718E1,-6.460621208E-2,9.770194054E0,-1.501197100E0
1.722974562E1,-6.699903309E-2,9.775279045E0,-1.510768414E0
1.723212328E1,-6.939185411E-2,9.758230209E0,-1.520339727E0
1.723450093E1,-5.982056633E-2,9.767801285E0,-1.474876046E0
1.723687937E1,-7.178468257E-2,9.777671814E0,-1.496411443E0
1.723925781E1,-6.460621208E-2,9.772586823E0,-1.474876046E0
1.724163546E1,-6.221338734E-2,9.789635658E0,-1.477268934E0
1.724401312E1,-5.982056633E-2,9.787242889E0,-1.465304732E0
1.724639156E1,-6.699903309E-2,9.775279045E0,-1.441376567E0
1.724877000E1,-7.178468257E-2,9.780064583E0,-1.422233939E0
1.725114765E1,-6.221338734E-2,9.775279045E0,-1.417448282E0
1.725352531E1,-7.417750359E-2,9.767801285E0,-1.427019596E0
1.725590374E1,-9.571290761E-2,9.777671814E0,-1.422233939E0
1.725828218E1,-8.614161611E-2,9.780064583E0,-1.424626827E0
1.726065984E1,-1.004985496E-1,9.763015747E0,-1.405484200E0
1.726303750E1,-1.172483116E-1,9.748658180E0,-1.412662625E0
1.726541593E1,-1.268195957E-1,9.746265411E0,-1.383948803E0
1.726779437E1,-1.603191197E-1,9.751050949E0,-1.391127229E0
1.727017203E1,-1.603191197E-1,9.746265411E0,-1.383948803E0
1.727254968E1,-1.674975902E-1,9.746265411E0,-1.364806175E0
1.727492812E1,-1.603191197E-1,9.734301567E0,-1.376770377E0
1.727730656E1,-1.698904037E-1,9.741479874E0,-1.355234981E0
1.727968421E1,-1.770688742E-1,9.739087105E0,-1.345663667E0
1.728206187E1,-1.794617027E-1,9.746265411E0,-1.369591832E0
1.728444031E1,-1.794617027E-1,9.748658180E0,-1.367199063E0
1.728681874E1,-1.603191197E-1,9.748658180E0,-1.350449324E0
1.728919640E1,-1.579262912E-1,9.758230209E0,-1.352842093E0
1.729157406E1,-1.579262912E-1,9.739087105E0,-1.350449324E0
1.729395250E1,-1.794617027E-1,9.734301567E0,-1.331306696E0
1.729633093E1,-1.579262912E-1,9.753444672E0,-1.338485122E0
1.729870859E1,-1.555334777E-1,9.765408516E0,-1.350449324E0
1.730108624E1,-1.244267747E-1,9.787242889E0,-1.331306696E0
1.730346468E1,-1.148554832E-1,9.767801285E0,-1.345663667E0
1.730584312E1,-1.100698411E-1,9.767801285E0,-1.338485122E0
1.730822078E1,-8.374879509E-2,9.787242889E0,-1.357627749E0
1.731059843E1,-9.810572863E-2,9.780064583E0,-1.333699465E0
1.731297687E1,-8.614161611E-2,9.792028427E0,-1.331306696E0
1.731535531E1,-7.657032460E-2,9.789635658E0,-1.364806175E0
1.731773296E1,-8.614161611E-2,9.770194054E0,-1.369591832E0
1.732011062E1,-5.742774159E-2,9.770194054E0,-1.379163146E0
1.732248906E1,-7.896314561E-2,9.751050949E0,-1.371984720E0
1.732486750E1,-6.699903309E-2,9.746265411E0,-1.376770377E0
1.732724515E1,-6.460621208E-2,9.736694336E0,-1.393520117E0
1.732962281E1,-5.982056633E-2,9.722337723E0,-1.376770377E0
1.733200124E1,-6.699903309E-2,9.712766647E0,-1.376770377E0
1.733437963E1,-7.178468257E-2,9.700801849E0,-1.360020518E0
1.733675729E1,-6.221338734E-2,9.700801849E0,-1.350449324E0
1.733913500E1,-7.896314561E-2,9.688838005E0,-1.360020518E0
1.734151343E1,-1.100698411E-1,9.676874161E0,-1.360020518E0
1.734389182E1,-1.316052526E-1,9.691230774E0,-1.371984720E0
1.734626948E1,-1.148554832E-1,9.679266930E0,-1.367199063E0
1.734864713E1,-1.411765367E-1,9.660123825E0,-1.383948803E0
1.735102557E1,-1.411765367E-1,9.667302132E0,-1.374377489E0
1.735340401E1,-1.579262912E-1,9.669695854E0,-1.386341572E0
1.735578166E1,-1.483550072E-1,9.664909363E0,-1.391127229E0
1.735815932E1,-1.531406492E-1,9.662516594E0,-1.398305774E0
1.736053776E1,-1.579262912E-1,9.676874161E0,-1.376770377E0
1.736291619E1,-1.555334777E-1,9.691230774E0,-1.395912886E0
1.736529385E1,-1.339980662E-1,9.679266930E0,-1.410269856E0
1.736767151E1,-1.651047617E-1,9.660123825E0,-1.405484200E0
1.737004994E1,-1.435693651E-1,9.710372925E0,-1.395912886E0
1.737242838E1,-1.435693651E-1,9.724730492E0,-1.405484200E0
1.737480604E1,-1.531406492E-1,9.710372925E0,-1.398305774E0
1.737718369E1,-1.411765367E-1,9.715159416E0,-1.412662625E0
1.737956213E1,-1.339980662E-1,9.729516029E0,-1.403091431E0
1.738194057E1,-1.148554832E-1,9.748658180E0,-1.431805253E0
1.738431822E1,-9.332008660E-2,9.734301567E0,-1.412662625E0
1.738669588E1,-9.571290761E-2,9.765408516E0,-1.431805253E0
1.738907432E1,-1.004985496E-1,9.751050949E0,-1.410269856E0
1.739145276E1,-8.853443712E-2,9.767801285E0,-1.410269856E0
1.739383041E1,-8.853443712E-2,9.775279045E0,-1.381555915E0
1.739620807E1,-8.614161611E-2,9.775279045E0,-1.379163146E0
1.739858651E1,-7.417750359E-2,9.780064583E0,-1.381555915E0
1.740096494E1,-8.614161611E-2,9.815957069E0,-1.371984720E0
1.740334260E1,-1.100698411E-1,9.799206734E0,-1.381555915E0
1.740572026E1,-1.004985496E-1,9.818349838E0,-1.374377489E0
1.740809869E1,-1.220339537E-1,9.815957069E0,-1.355234981E0
1.741047713E1,-1.196411327E-1,9.827920914E0,-1.369591832E0
1.741285479E1,-1.220339537E-1,9.823135376E0,-1.355234981E0
1.741523244E1,-1.316052526E-1,9.842277527E0,-1.331306696E0
1.741761088E1,-1.076770201E-1,9.832706451E0,-1.316949725E0
1.741998932E1,-1.100698411E-1,9.837491989E0,-1.333699465E0
1.742236698E1,-1.004985496E-1,9.870991707E0,-1.331306696E0
1.742474463E1,-1.100698411E-1,9.880562782E0,-1.328913927E0
1.742712307E1,-1.100698411E-1,9.851848602E0,-1.316949725E0
1.742950151E1,-1.076770201E-1,9.863813400E0,-1.345663667E0
1.743187916E1,-8.374879509E-2,9.863813400E0,-1.340878010E0
1.743425682E1,-9.092725813E-2,9.837491989E0,-1.338485122E0
1.743663526E1,-7.657032460E-2,9.870991707E0,-1.345663667E0
1.743901369E1,-7.657032460E-2,9.854242325E0,-1.333699465E0
1.744139135E1,-6.460621208E-2,9.856635094E0,-1.362413406E0
1.744376901E1,-5.742774159E-2,9.811170578E0,-1.367199063E0
1.744614744E1,-8.135596663E-2,9.808777809E0,-1.362413406E0
1.744852588E1,-6.221338734E-2,9.789635658E0,-1.369591832E0
1.745090354E1,-5.264209956E-2,9.770194054E0,-1.395912886E0
1.745328119E1,-6.221338734E-2,9.763015747E0,-1.381555915E0
1.745565963E1,-5.742774159E-2,9.758230209E0,-1.398305774E0
1.745803807E1,-6.460621208E-2,9.758230209E0,-1.388734460E0
1.746041572E1,-7.417750359E-2,9.741479874E0,-1.395912886E0
1.746279338E1,-8.374879509E-2,9.703194618E0,-1.386341572E0
1.746517182E1,-6.460621208E-2,9.712766647E0,-1.381555915E0
1.746755026E1,-8.614161611E-2,9.705587387E0,-1.427019596E0
1.746992791E1,-6.460621208E-2,9.693623543E0,-1.400698543E0
1.747230557E1,-8.374879509E-2,9.684052467E0,-1.398305774E0
1.747468401E1,-8.614161611E-2,9.696016312E0,-1.374377489E0
1.747706244E1,-1.004985496E-1,9.681659698E0,-1.383948803E0
1.747944010E1,-9.332008660E-2,9.696016312E0,-1.388734460E0
1.748181776E1,-7.896314561E-2,9.684052467E0,-1.383948803E0
1.748419619E1,-8.614161611E-2,9.669695854E0,-1.379163146E0
1.748657463E1,-7.178468257E-2,9.698409081E0,-1.376770377E0
1.748895229E1,-9.092725813E-2,9.679266930E0,-1.376770377E0
1.749132994E1,-7.417750359E-2,9.696016312E0,-1.350449324E0
1.749370838E1,-8.614161611E-2,9.705587387E0,-1.350449324E0
1.749608682E1,-6.221338734E-2,9.729516029E0,-1.340878010E0
1.749846448E1,-4.546362907E-2,9.741479874E0,-1.367199063E0
1.750084213E1,-3.349951655E-2,9.727123260E0,-1.369591832E0
1.750322057E1,-3.589234129E-2,9.765408516E0,-1.357627749E0
1.750559901E1,-2.392822690E-2,9.782457352E0,-1.348056436E0
1.750797666E1,1.435693540E-2,9.813564301E0,-1.331306696E0
1.751035432E1,1.196411345E-2,9.808777809E0,-1.345663667E0
1.751273276E1,4.785645381E-2,9.811170578E0,-1.343270779E0
1.751511119E1,4.307080805E-2,9.842277527E0,-1.348056436E0
1.751748885E1,3.589234129E-2,9.823135376E0,-1.350449324E0
1.751986651E1,5.503492057E-2,9.808777809E0,-1.376770377E0
1.752224494E1,4.785645381E-2,9.808777809E0,-1.364806175E0
1.752462333E1,3.589234129E-2,9.813564301E0,-1.350449324E0
1.752700098E1,3.110669367E-2,9.789635658E0,-1.355234981E0
1.752937869E1,3.828516230E-2,9.789635658E0,-1.364806175E0
1.753175713E1,7.178467698E-3,9.775279045E0,-1.367199063E0
1.753413552E1,1.196411345E-2,9.763015747E0,-1.355234981E0
1.753651317E1,-1.435693540E-2,9.751050949E0,-1.345663667E0
1.753889088E1,-3.589234129E-2,9.731908798E0,-1.340878010E0
1.754126932E1,-3.828516230E-2,9.736694336E0,-1.336092353E0
1.754364770E1,-4.785645381E-2,9.717552185E0,-1.336092353E0
1.754602536E1,-5.503492057E-2,9.710372925E0,-1.331306696E0
1.754840307E1,-6.460621208E-2,9.717552185E0,-1.319342613E0
1.755078151E1,-6.939185411E-2,9.693623543E0,-1.367199063E0
1.755315989E1,-8.374879509E-2,9.698409081E0,-1.328913927E0
1.755553755E1,-7.178468257E-2,9.688838005E0,-1.324128270E0
1.755791520E1,-7.417750359E-2,9.707980156E0,-1.350449324E0
1.756029364E1,-9.092725813E-2,9.696016312E0,-1.319342613E0
1.756267208E1,-8.853443712E-2,9.703194618E0,-1.340878010E0
1.756504974E1,-8.853443712E-2,9.705587387E0,-1.369591832E0
1.756742739E1,-8.853443712E-2,9.707980156E0,-1.379163146E0
1.756980583E1,-1.052841991E-1,9.710372925E0,-1.381555915E0
1.757218427E1,-8.374879509E-2,9.734301567E0,-1.395912886E0
1.757456192E1,-9.332008660E-2,9.743872643E0,-1.398305774E0
1.757693958E1,-8.614161611E-2,9.748658180E0,-1.419841170E0
1.757931802E1,-7.417750359E-2,9.746265411E0,-1.407876968E0
1.758169645E1,-7.178468257E-2,9.765408516E0,-1.422233939E0
1.758407411E1,-6.699903309E-2,9.760622978E0,-1.391127229E0
1.758645177E1,-4.067798331E-2,9.789635658E0,-1.429412484E0
1.758883020E1,-3.110669367E-2,9.775279045E0,-1.348056436E0
1.759120864E1,-3.349951655E-2,9.794421196E0,-1.381555915E0
1.759358630E1,-2.392822690E-2,9.787242889E0,-1.393520117E0
1.759596395E1,-1.914258115E-2,9.796813965E0,-1.398305774E0
1.759834239E1,9.571290575E-3,9.782457352E0,-1.388734460E0
1.760072083E1,-2.632104978E-2,9.811170578E0,-1.376770377E0
1.760309848E1,-2.392822690E-2,9.806385040E0,-1.386341572E0
1.760547614E1,-1.435693540E-2,9.770194054E0,-1.405484200E0
1.760785458E1,-2.392822644E-3,9.777671814E0,-1.415055513E0
1.761023302E1,7.178467698E-3,9.787242889E0,-1.419841170E0
1.761261067E1,-1.196411345E-2,9.782457352E0,-1.405484200E0
1.761498833E1,-2.392822690E-2,9.772586823E0,-1.415055513E0
1.761736677E1,-2.153540403E-2,9.753444672E0,-1.383948803E0
1.761974520E1,-2.392822690E-2,9.734301567E0,-1.388734460E0
1.762212286E1,-4.067798331E-2,9.731908798E0,-1.405484200E0
1.762450052E1,-6.699903309E-2,9.731908798E0,-1.395912886E0
1.762687895E1,-6.221338734E-2,9.719944954E0,-1.388734460E0
1.762925739E1,-5.264209956E-2,9.710372925E0,-1.381555915E0
1.763163505E1,-6.221338734E-2,9.710372925E0,-1.391127229E0
1.763401270E1,-8.374879509E-2,9.679266930E0,-1.362413406E0
1.763639114E1,-7.178468257E-2,9.681659698E0,-1.388734460E0
1.763876958E1,-7.178468257E-2,9.691230774E0,-1.400698543E0
1.764114724E1,-8.135596663E-2,9.664909363E0,-1.415055513E0
1.764352489E1,-9.571290761E-2,9.681659698E0,-1.422233939E0
1.764590333E1,-8.853443712E-2,9.688838005E0,-1.405484200E0
1.764828177E1,-7.657032460E-2,9.693623543E0,-1.419841170E0
1.765065942E1,-9.092725813E-2,9.686445236E0,-1.427019596E0
1.765303708E1,-8.853443712E-2,9.688838005E0,-1.412662625E0
1.765541552E1,-7.178468257E-2,9.719944954E0,-1.438983679E0
1.765779395E1,-7.417750359E-2,9.710372925E0,-1.436590910E0
1.766017161E1,-8.614161611E-2,9.724730492E0,-1.415055513E0
1.766254927E1,-7.417750359E-2,9.719944954E0,-1.419841170E0
1.766492770E1,-5.982056633E-2,9.722337723E0,-1.417448282E0
1.766730614E1,-7.178468257E-2,9.734301567E0,-1.410269856E0
1.766968380E1,-6.460621208E-2,9.712766647E0,-1.376770377E0
1.767206145E1,-6.939185411E-2,9.748658180E0,-1.383948803E0
1.767443989E1,-7.178468257E-2,9.739087105E0,-1.393520117E0
1.767681833E1,-7.178468257E-2,9.767801285E0,-1.376770377E0
1.767919598E1,-6.460621208E-2,9.780064583E0,-1.369591832E0
1.768157364E1,-6.221338734E-2,9.780064583E0,-1.362413406E0
1.768395208E1,-5.982056633E-2,9.811170578E0,-1.352842093E0
1.768633052E1,-5.982056633E-2,9.801599503E0,-1.355234981E0
1.768870817E1,-6.221338734E-2,9.782457352E0,-1.360020518E0
1.769108583E1,-5.024927482E-2,9.818349838E0,-1.364806175E0
1.769346427E1,-5.982056633E-2,9.787242889E0,-1.355234981E0
1.769584270E1,-7.178468257E-2,9.823135376E0,-1.316949725E0
1.769822036E1,-5.264209956E-2,9.794421196E0,-1.309771299E0
1.770059802E1,-6.939185411E-2,9.818349838E0,-1.324128270E0
1.770297645E1,-5.982056633E-2,9.825528145E0,-1.328913927E0
1.770535484E1,-6.221338734E-2,9.823135376E0,-1.297807217E0
1.770773250E1,-7.178468257E-2,9.811170578E0,-1.281057477E0
1.771011015E1,-6.460621208E-2,9.803992271E0,-1.309771299E0
1.771248859E1,-4.067798331E-2,9.811170578E0,-1.271486163E0
1.771486703E1,-4.546362907E-2,9.808777809E0,-1.276271820E0
1.771724468E1,-4.067798331E-2,9.806385040E0,-1.273878932E0
1.771962234E1,-6.460621208E-2,9.820742607E0,-1.304985642E0
1.772200078E1,-5.503492057E-2,9.772586823E0,-1.309771299E0
1.772437921E1,-3.828516230E-2,9.780064583E0,-1.319342613E0
1.772675687E1,-3.589234129E-2,9.777671814E0,-1.319342613E0
1.772913453E1,-4.307080805E-2,9.767801285E0,-1.348056436E0
1.773151296E1,-3.828516230E-2,9.794421196E0,-1.367199063E0
1.773389140E1,-3.110669367E-2,9.770194054E0,-1.371984720E0
1.773626906E1,-3.110669367E-2,9.760622978E0,-1.395912886E0
1.773864671E1,-4.067798331E-2,9.746265411E0,-1.405484200E0
1.774102515E1,-1.914258115E-2,9.751050949E0,-1.405484200E0
1.774340359E1,-3.589234129E-2,9.755837440E0,-1.417448282E0
1.774578124E1,-5.503492057E-2,9.758230209E0,-1.429412484E0
1.774815890E1,-5.264209956E-2,9.746265411E0,-1.427019596E0
1.775053734E1,-4.307080805E-2,9.746265411E0,-1.419841170E0
1.775291578E1,-4.785645381E-2,9.751050949E0,-1.427019596E0
1.775529343E1,-5.742774159E-2,9.755837440E0,-1.415055513E0
1.775767109E1,-5.503492057E-2,9.746265411E0,-1.403091431E0
1.776004953E1,-5.024927482E-2,9.734301567E0,-1.398305774E0
1.776242796E1,-6.460621208E-2,9.736694336E0,-1.398305774E0
1.776480562E1,-4.785645381E-2,9.782457352E0,-1.388734460E0
1.776718328E1,-6.699903309E-2,9.758230209E0,-1.376770377E0
1.776956171E1,-4.546362907E-2,9.760622978E0,-1.350449324E0
1.777194015E1,-3.828516230E-2,9.760622978E0,-1.352842093E0
1.777431781E1,-4.067798331E-2,9.767801285E0,-1.316949725E0
1.777669546E1,-2.632104978E-2,9.753444672E0,-1.331306696E0
1.777907390E1,-2.392822690E-2,9.794421196E0,-1.324128270E0
1.778145234E1,-2.153540403E-2,9.777671814E0,-1.314556956E0
1.778383000E1,-1.435693540E-2,9.792028427E0,-1.312164068E0
1.778620765E1,-1.196411345E-2,9.770194054E0,-1.321735382E0
1.778858609E1,9.571290575E-3,9.777671814E0,-1.316949725E0
1.779096453E1,2.392822644E-3,9.792028427E0,-1.324128270E0
1.779334218E1,1.435693540E-2,9.780064583E0,-1.324128270E0
1.779571984E1,3.110669367E-2,9.782457352E0,-1.324128270E0
1.779809828E1,1.435693540E-2,9.792028427E0,-1.326521039E0
1.780047671E1,4.067798331E-2,9.777671814E0,-1.321735382E0
1.780285437E1,1.435693540E-2,9.770194054E0,-1.319342613E0
1.780523203E1,4.785645287E-3,9.748658180E0,-1.319342613E0
1.780761046E1,2.153540403E-2,9.741479874E0,-1.324128270E0
1.780998890E1,1.914258115E-2,9.734301567E0,-1.321735382E0
1.781236656E1,-4.785645287E-3,9.753444672E0,-1.333699465E0
1.781474421E1,1.196411345E-2,9.734301567E0,-1.331306696E0
1.781712265E1,-7.178467698E-3,9.722337723E0,-1.326521039E0
1.781950109E1,-2.153540403E-2,9.734301567E0,-1.331306696E0
1.782187874E1,-1.435693540E-2,9.729516029E0,-1.348056436E0
1.782425640E1,-2.632104978E-2,9.746265411E0,-1.355234981E0
1.782663484E1,-2.632104978E-2,9.715159416E0,-1.348056436E0
1.782901328E1,-3.349951655E-2,9.703194618E0,-1.348056436E0
1.783139093E1,-2.153540403E-2,9.724730492E0,-1.340878010E0
1.783376859E1,-3.349951655E-2,9.719944954E0,-1.340878010E0
1.783614703E1,-2.392822690E-2,9.705587387E0,-1.331306696E0
1.783852546E1,-2.871387079E-2,9.717552185E0,-1.352842093E0
1.784090312E1,-3.349951655E-2,9.719944954E0,-1.360020518E0
1.784328078E1,-3.349951655E-2,9.731908798E0,-1.343270779E0
1.784565921E1,-2.632104978E-2,9.724730492E0,-1.352842093E0
1.784803765E1,-2.153540403E-2,9.729516029E0,-1.360020518E0
1.785041531E1,-1.914258115E-2,9.719944954E0,-1.367199063E0
1.785279296E1,-1.674975827E-2,9.731908798E0,-1.364806175E0
1.785517140E1,-3.589234129E-2,9.734301567E0,-1.371984720E0
1.785754984E1,-3.828516230E-2,9.743872643E0,-1.369591832E0
1.785992750E1,-7.178467698E-3,9.751050949E0,-1.352842093E0
1.786230515E1,1.435693540E-2,9.763015747E0,-1.345663667E0
1.786468359E1,1.196411345E-2,9.763015747E0,-1.324128270E0
1.786706203E1,9.571290575E-3,9.763015747E0,-1.321735382E0
1.786943968E1,1.914258115E-2,9.760622978E0,-1.293021560E0
1.787181734E1,5.772684515E-2,9.775279045E0,-1.319342613E0
1.787419578E1,6.490531564E-2,9.794421196E0,-1.304985642E0
1.787657416E1,3.110669367E-2,9.789635658E0,-1.321735382E0
1.787895182E1,2.871387079E-2,9.782457352E0,-1.314556956E0
1.788132953E1,4.307080805E-2,9.801599503E0,-1.314556956E0
1.788370796E1,5.264209956E-2,9.787242889E0,-1.343270779E0
1.788608635E1,3.110669367E-2,9.784850121E0,-1.343270779E0
1.788846401E1,3.828516230E-2,9.784850121E0,-1.336092353E0
1.789084171E1,4.785645381E-2,9.784850121E0,-1.326521039E0
1.789322015E1,4.785645381E-2,9.777671814E0,-1.324128270E0
1.789559854E1,3.828516230E-2,9.765408516E0,-1.324128270E0
1.789797619E1,4.546362907E-2,9.775279045E0,-1.316949725E0
1.790035385E1,5.024927482E-2,9.784850121E0,-1.328913927E0
1.790273229E1,1.914258115E-2,9.770194054E0,-1.312164068E0
1.790511072E1,1.674975827E-2,9.753444672E0,-1.321735382E0
1.790748838E1,4.785645287E-3,9.770194054E0,-1.314556956E0
1.790986604E1,-1.914258115E-2,9.758230209E0,-1.293021560E0
1.791224448E1,0.000000000E0,9.741479874E0,-1.293021560E0
1.791462291E1,0.000000000E0,9.739087105E0,-1.300199986E0
1.791700057E1,-2.153540403E-2,9.748658180E0,-1.319342613E0
1.791937823E1,-3.110669367E-2,9.746265411E0,-1.300199986E0
1.792175666E1,-3.110669367E-2,9.731908798E0,-1.319342613E0
1.792413510E1,-1.674975827E-2,9.727123260E0,-1.307378531E0
1.792651276E1,-1.196411345E-2,9.731908798E0,-1.343270779E0
1.792889041E1,-1.914258115E-2,9.736694336E0,-1.348056436E0
1.793126885E1,-2.871387079E-2,9.736694336E0,-1.357627749E0
1.793364729E1,-4.785645287E-3,9.739087105E0,-1.362413406E0
1.793602494E1,7.178467698E-3,9.731908798E0,-1.352842093E0
1.793840260E1,-4.785645287E-3,9.743872643E0,-1.355234981E0
1.794078104E1,-1.435693540E-2,9.746265411E0,-1.360020518E0
1.794315948E1,4.785645287E-3,9.724730492E0,-1.364806175E0
1.794553713E1,-9.571290575E-3,9.736694336E0,-1.333699465E0
1.794791479E1,-2.153540403E-2,9.743872643E0,-1.333699465E0
1.795029322E1,-4.785645287E-3,9.739087105E0,-1.352842093E0
1.795267166E1,-9.571290575E-3,9.746265411E0,-1.340878010E0
1.795504932E1,-2.632104978E-2,9.743872643E0,-1.338485122E0
1.795742698E1,-4.067798331E-2,9.746265411E0,-1.328913927E0
1.795980541E1,-3.110669367E-2,9.741479874E0,-1.328913927E0
1.796218385E1,-4.785645381E-2,9.780064583E0,-1.338485122E0
1.796456151E1,-4.785645287E-3,9.767801285E0,-1.345663667E0
1.796693916E1,-3.589234129E-2,9.815957069E0,-1.326521039E0
1.796931760E1,-2.632104978E-2,9.792028427E0,-1.326521039E0
1.797169604E1,-2.871387079E-2,9.799206734E0,-1.312164068E0
1.797407369E1,-4.067798331E-2,9.803992271E0,-1.338485122E0
1.797645135E1,-5.024927482E-2,9.825528145E0,-1.326521039E0
1.797882979E1,-3.349951655E-2,9.830313683E0,-1.328913927E0
1.798120822E1,-5.503492057E-2,9.823135376E0,-1.319342613E0
1.798358588E1,-5.503492057E-2,9.815957069E0,-1.333699465E0
1.798596354E1,-5.503492057E-2,9.813564301E0,-1.350449324E0
1.798834198E1,-4.307080805E-2,9.806385040E0,-1.314556956E0
1.799072041E1,-6.221338734E-2,9.794421196E0,-1.316949725E0
1.799309807E1,-6.221338734E-2,9.799206734E0,-1.297807217E0
1.799547573E1,-5.503492057E-2,9.782457352E0,-1.338485122E0
1.799785416E1,-6.221338734E-2,9.794421196E0,-1.328913927E0
1.800023260E1,-4.785645381E-2,9.777671814E0,-1.316949725E0
1.800261026E1,-4.307080805E-2,9.784850121E0,-1.328913927E0
1.800498791E1,-4.785645381E-2,9.770194054E0,-1.321735382E0
1.800736635E1,-5.742774159E-2,9.775279045E0,-1.348056436E0
1.800974479E1,-6.939185411E-2,9.760622978E0,-1.336092353E0
1.801212244E1,-7.417750359E-2,9.748658180E0,-1.350449324E0
1.801450010E1,-7.178468257E-2,9.746265411E0,-1.336092353E0
1.801687854E1,-7.178468257E-2,9.731908798E0,-1.350449324E0
1.801925698E1,-6.221338734E-2,9.734301567E0,-1.331306696E0
1.802163463E1,-6.460621208E-2,9.724730492E0,-1.340878010E0
1.802401229E1,-4.307080805E-2,9.746265411E0,-1.326521039E0
1.802639073E1,-5.024927482E-2,9.729516029E0,-1.374377489E0
1.802876911E1,-5.024927482E-2,9.731908798E0,-1.338485122E0
1.803114677E1,-2.871387079E-2,9.746265411E0,-1.333699465E0
1.803352448E1,-2.392822690E-2,9.746265411E0,-1.357627749E0
1.803590291E1,-3.110669367E-2,9.729516029E0,-1.350449324E0
1.803828130E1,-2.392822690E-2,9.724730492E0,-1.369591832E0
1.804065895E1,-2.632104978E-2,9.731908798E0,-1.343270779E0
1.804303666E1,-7.178467698E-3,9.743872643E0,-1.376770377E0
1.804541510E1,-2.871387079E-2,9.741479874E0,-1.350449324E0
1.804779348E1,-3.110669367E-2,9.748658180E0,-1.357627749E0
1.805017114E1,-1.435693540E-2,9.746265411E0,-1.362413406E0
1.805254885E1,-7.178467698E-3,9.772586823E0,-1.367199063E0
1.805492729E1,-3.110669367E-2,9.758230209E0,-1.360020518E0
1.805730567E1,-2.153540403E-2,9.775279045E0,-1.362413406E0
1.805968333E1,-3.349951655E-2,9.775279045E0,-1.374377489E0
1.806206104E1,-2.392822690E-2,9.767801285E0,-1.388734460E0
1.806443948E1,-5.264209956E-2,9.772586823E0,-1.360020518E0
1.806681786E1,-4.307080805E-2,9.777671814E0,-1.388734460E0
1.806919552E1,-4.067798331E-2,9.784850121E0,-1.360020518E0
1.807157317E1,-4.785645381E-2,9.799206734E0,-1.364806175E0
1.807395161E1,-5.742774159E-2,9.825528145E0,-1.371984720E0
1.807633005E1,-5.982056633E-2,9.832706451E0,-1.348056436E0
1.807870770E1,-2.632104978E-2,9.818349838E0,-1.331306696E0
1.808108536E1,-3.828516230E-2,9.839884758E0,-1.314556956E0
1.808346380E1,-3.589234129E-2,9.813564301E0,-1.314556956E0
1.808584224E1,-5.503492057E-2,9.801599503E0,-1.367199063E0
1.808821989E1,-5.264209956E-2,9.801599503E0,-1.338485122E0
1.809059755E1,-5.503492057E-2,9.808777809E0,-1.340878010E0
1.809297599E1,-4.546362907E-2,9.801599503E0,-1.338485122E0
1.809535442E1,-3.828516230E-2,9.789635658E0,-1.348056436E0
1.809773208E1,-2.871387079E-2,9.780064583E0,-1.345663667E0
1.810010974E1,-4.785645381E-2,9.772586823E0,-1.352842093E0
1.810248817E1,-2.153540403E-2,9.772586823E0,-1.350449324E0
1.810486661E1,-1.674975827E-2,9.763015747E0,-1.362413406E0
1.810724427E1,-4.307080805E-2,9.741479874E0,-1.360020518E0
1.810962192E1,-3.828516230E-2,9.727123260E0,-1.364806175E0
1.811200036E1,-4.067798331E-2,9.717552185E0,-1.405484200E0
1.811437880E1,-5.264209956E-2,9.722337723E0,-1.364806175E0
1.811675645E1,-4.307080805E-2,9.705587387E0,-1.371984720E0
1.811913411E1,-3.828516230E-2,9.700801849E0,-1.371984720E0
1.812151255E1,-3.349951655E-2,9.684052467E0,-1.395912886E0
1.812389099E1,-4.546362907E-2,9.698409081E0,-1.381555915E0
1.812626864E1,-4.785645381E-2,9.698409081E0,-1.398305774E0
1.812864630E1,-5.742774159E-2,9.710372925E0,-1.400698543E0
1.813102474E1,-4.307080805E-2,9.688838005E0,-1.407876968E0
1.813340317E1,-5.982056633E-2,9.705587387E0,-1.415055513E0
1.813578083E1,-5.024927482E-2,9.722337723E0,-1.412662625E0
1.813815848E1,-5.742774159E-2,9.729516029E0,-1.403091431E0
1.814053692E1,-5.024927482E-2,9.688838005E0,-1.450947881E0
1.814291536E1,-5.503492057E-2,9.712766647E0,-1.415055513E0
1.814529302E1,-5.024927482E-2,9.734301567E0,-1.427019596E0
1.814767067E1,-4.785645381E-2,9.731908798E0,-1.427019596E0
1.815004911E1,-7.417750359E-2,9.746265411E0,-1.470090389E0
1.815242755E1,-5.503492057E-2,9.741479874E0,-1.455733418E0
1.815480520E1,-5.024927482E-2,9.753444672E0,-1.458126307E0
1.815718286E1,-5.024927482E-2,9.775279045E0,-1.458126307E0
1.815956130E1,-6.221338734E-2,9.770194054E0,-1.472483277E0
1.816193974E1,-8.374879509E-2,9.765408516E0,-1.446162224E0
1.816431739E1,-8.853443712E-2,9.789635658E0,-1.436590910E0
1.816669505E1,-8.135596663E-2,9.808777809E0,-1.455733418E0
1.816907349E1,-9.810572863E-2,9.801599503E0,-1.429412484E0
1.817145192E1,-8.374879509E-2,9.796813965E0,-1.391127229E0
1.817382958E1,-7.896314561E-2,9.813564301E0,-1.400698543E0
1.817620724E1,-7.896314561E-2,9.806385040E0,-1.395912886E0
1.817858567E1,-8.853443712E-2,9.801599503E0,-1.383948803E0
1.818096411E1,-9.571290761E-2,9.801599503E0,-1.410269856E0
1.818334177E1,-9.092725813E-2,9.818349838E0,-1.388734460E0
1.818571942E1,-9.092725813E-2,9.803992271E0,-1.393520117E0
1.818809786E1,-8.614161611E-2,9.801599503E0,-1.386341572E0
1.819047625E1,-9.092725813E-2,9.777671814E0,-1.369591832E0
1.819285390E1,-9.092725813E-2,9.782457352E0,-1.371984720E0
1.819523161E1,-9.332008660E-2,9.755837440E0,-1.393520117E0
1.819761005E1,-1.100698411E-1,9.743872643E0,-1.403091431E0
1.819998843E1,-9.332008660E-2,9.753444672E0,-1.403091431E0
1.820236609E1,-1.028913707E-1,9.731908798E0,-1.391127229E0
1.820474375E1,-1.124626622E-1,9.707980156E0,-1.415055513E0
1.820712218E1,-1.196411327E-1,9.703194618E0,-1.427019596E0
1.820950062E1,-9.571290761E-2,9.707980156E0,-1.410269856E0
1.821187828E1,-1.172483116E-1,9.684052467E0,-1.436590910E0
1.821425593E1,-1.148554832E-1,9.703194618E0,-1.412662625E0
1.821663437E1,-1.268195957E-1,9.679266930E0,-1.422233939E0
1.821901281E1,-1.292124242E-1,9.691230774E0,-1.436590910E0
1.822139046E1,-1.244267747E-1,9.686445236E0,-1.431805253E0
1.822376817E1,-1.411765367E-1,9.705587387E0,-1.446162224E0
1.822614661E1,-1.411765367E-1,9.707980156E0,-1.427019596E0
1.822852500E1,-1.052841991E-1,9.705587387E0,-1.434198022E0
1.823090265E1,-1.172483116E-1,9.710372925E0,-1.434198022E0
1.823328031E1,-1.244267747E-1,9.724730492E0,-1.438983679E0
1.823565875E1,-1.052841991E-1,9.729516029E0,-1.453340650E0
1.823803718E1,-9.332008660E-2,9.717552185E0,-1.441376567E0
1.824041484E1,-1.100698411E-1,9.731908798E0,-1.448554993E0
1.824279250E1,-1.076770201E-1,9.719944954E0,-1.455733418E0
1.824517093E1,-1.148554832E-1,9.746265411E0,-1.417448282E0
1.824754937E1,-9.332008660E-2,9.760622978E0,-1.424626827E0
1.824992703E1,-1.076770201E-1,9.765408516E0,-1.429412484E0
1.825230468E1,-9.810572863E-2,9.777671814E0,-1.412662625E0
1.825468312E1,-1.076770201E-1,9.777671814E0,-1.405484200E0
1.825706156E1,-1.004985496E-1,9.789635658E0,-1.391127229E0
1.825943921E1,-9.810572863E-2,9.787242889E0,-1.417448282E0
1.826181687E1,-1.028913707E-1,9.772586823E0,-1.415055513E0
1.826419531E1,-1.028913707E-1,9.803992271E0,-1.403091431E0
1.826657375E1,-1.363908947E-1,9.772586823E0,-1.405484200E0
1.826895140E1,-1.339980662E-1,9.755837440E0,-1.400698543E0
1.827132906E1,-1.244267747E-1,9.782457352E0,-1.398305774E0
1.827370750E1,-1.268195957E-1,9.784850121E0,-1.419841170E0
1.827608593E1,-1.459621787E-1,9.782457352E0,-1.398305774E0
1.827846359E1,-1.579262912E-1,9.770194054E0,-1.405484200E0
1.828084124E1,-1.459621787E-1,9.784850121E0,-1.386341572E0
1.828321968E1,-1.459621787E-1,9.775279045E0,-1.407876968E0
1.828559812E1,-1.316052526E-1,9.794421196E0,-1.410269856E0
1.828797578E1,-1.435693651E-1,9.782457352E0,-1.415055513E0
1.829035343E1,-1.316052526E-1,9.772586823E0,-1.438983679E0
1.829273187E1,-1.387837082E-1,9.755837440E0,-1.431805253E0
1.829511031E1,-1.507478207E-1,9.767801285E0,-1.424626827E0
1.829748796E1,-1.387837082E-1,9.775279045E0,-1.443769336E0
1.829986562E1,-1.363908947E-1,9.748658180E0,-1.405484200E0
1.830224406E1,-1.363908947E-1,9.758230209E0,-1.407876968E0
1.830462250E1,-1.411765367E-1,9.739087105E0,-1.434198022E0
1.830700015E1,-1.435693651E-1,9.755837440E0,-1.438983679E0
1.830937781E1,-1.411765367E-1,9.741479874E0,-1.450947881E0
1.831175624E1,-1.603191197E-1,9.741479874E0,-1.455733418E0
1.831413468E1,-1.244267747E-1,9.739087105E0,-1.448554993E0
1.831651234E1,-1.411765367E-1,9.743872643E0,-1.443769336E0
1.831889000E1,-1.268195957E-1,9.748658180E0,-1.450947881E0
1.832126843E1,-1.316052526E-1,9.751050949E0,-1.441376567E0
1.832364687E1,-1.292124242E-1,9.746265411E0,-1.441376567E0
1.832602453E1,-1.244267747E-1,9.758230209E0,-1.448554993E0
1.832840218E1,-1.316052526E-1,9.758230209E0,-1.436590910E0
1.833078062E1,-1.220339537E-1,9.770194054E0,-1.419841170E0
1.833315906E1,-1.220339537E-1,9.760622978E0,-1.419841170E0
1.833553671E1,-1.172483116E-1,9.782457352E0,-1.419841170E0
1.833791437E1,-1.124626622E-1,9.758230209E0,-1.417448282E0
1.834029281E1,-1.028913707E-1,9.763015747E0,-1.441376567E0
1.834267125E1,-1.292124242E-1,9.777671814E0,-1.422233939E0
1.834504890E1,-1.124626622E-1,9.784850121E0,-1.427019596E0
1.834742656E1,-1.148554832E-1,9.815957069E0,-1.424626827E0
1.834980500E1,-1.196411327E-1,9.772586823E0,-1.424626827E0
1.835218338E1,-1.076770201E-1,9.767801285E0,-1.434198022E0
1.835456104E1,-1.316052526E-1,9.777671814E0,-1.438983679E0
1.835693874E1,-1.363908947E-1,9.775279045E0,-1.419841170E0
1.835931718E1,-1.196411327E-1,9.794421196E0,-1.410269856E0
1.836169557E1,-1.244267747E-1,9.801599503E0,-1.419841170E0
1.836407323E1,-1.196411327E-1,9.792028427E0,-1.434198022E0
1.836645088E1,-1.172483116E-1,9.770194054E0,-1.431805253E0
1.836882932E1,-1.124626622E-1,9.787242889E0,-1.436590910E0
1.837120776E1,-1.124626622E-1,9.775279045E0,-1.438983679E0
1.837358541E1,-1.076770201E-1,9.772586823E0,-1.443769336E0
1.837596312E1,-1.052841991E-1,9.770194054E0,-1.446162224E0
1.837834156E1,-1.100698411E-1,9.760622978E0,-1.431805253E0
1.838071994E1,-8.853443712E-2,9.772586823E0,-1.441376567E0
1.838309760E1,-8.614161611E-2,9.784850121E0,-1.415055513E0
1.838547526E1,-9.332008660E-2,9.760622978E0,-1.446162224E0
1.838785369E1,-8.374879509E-2,9.748658180E0,-1.450947881E0
1.839023213E1,-6.939185411E-2,9.751050949E0,-1.427019596E0
1.839260979E1,-5.982056633E-2,9.751050949E0,-1.419841170E0
1.839498744E1,-6.221338734E-2,9.743872643E0,-1.415055513E0
1.839736588E1,-5.982056633E-2,9.741479874E0,-1.410269856E0
1.839974432E1,-6.460621208E-2,9.743872643E0,-1.417448282E0
1.840212198E1,-5.024927482E-2,9.729516029E0,-1.417448282E0
1.840449963E1,-3.110669367E-2,9.727123260E0,-1.419841170E0
1.840687807E1,-4.307080805E-2,9.731908798E0,-1.415055513E0
1.840925651E1,-3.110669367E-2,9.739087105E0,-1.427019596E0
1.841163416E1,-3.828516230E-2,9.722337723E0,-1.446162224E0
1.841401182E1,-5.503492057E-2,9.734301567E0,-1.427019596E0
1.841639026E1,-3.110669367E-2,9.717552185E0,-1.443769336E0
1.841876869E1,-4.307080805E-2,9.731908798E0,-1.448554993E0
1.842114635E1,-4.785645381E-2,9.722337723E0,-1.422233939E0
1.842352401E1,-5.982056633E-2,9.739087105E0,-1.417448282E0
1.842590244E1,-5.024927482E-2,9.729516029E0,-1.450947881E0
1.842828088E1,-5.503492057E-2,9.736694336E0,-1.422233939E0
1.843065854E1,-4.785645381E-2,9.691230774E0,-1.422233939E0
1.843303619E1,-6.221338734E-2,9.731908798E0,-1.431805253E0
1.843541463E1,-5.024927482E-2,9.715159416E0,-1.438983679E0
1.843779307E1,-6.460621208E-2,9.734301567E0,-1.436590910E0
1.844017072E1,-7.178468257E-2,9.736694336E0,-1.465304732E0
1.844254838E1,-5.503492057E-2,9.739087105E0,-1.431805253E0
1.844492682E1,-8.135596663E-2,9.724730492E0,-1.429412484E0
1.844730526E1,-6.221338734E-2,9.736694336E0,-1.417448282E0
1.844968291E1,-6.699903309E-2,9.731908798E0,-1.448554993E0
1.845206057E1,-7.657032460E-2,9.739087105E0,-1.427019596E0
1.845443901E1,-7.896314561E-2,9.741479874E0,-1.434198022E0
1.845681744E1,-6.939185411E-2,9.760622978E0,-1.441376567E0
1.845919510E1,-5.264209956E-2,9.760622978E0,-1.446162224E0
1.846157276E1,-5.503492057E-2,9.765408516E0,-1.434198022E0
1.846395119E1,-4.307080805E-2,9.763015747E0,-1.434198022E0
1.846632963E1,-2.632104978E-2,9.746265411E0,-1.427019596E0
1.846870729E1,-2.392822690E-2,9.734301567E0,-1.436590910E0
1.847108494E1,-3.828516230E-2,9.760622978E0,-1.431805253E0
1.847346338E1,-4.067798331E-2,9.777671814E0,-1.443769336E0
1.847584182E1,-3.349951655E-2,9.780064583E0,-1.443769336E0
1.847821948E1,-2.632104978E-2,9.777671814E0,-1.458126307E0
1.848059713E1,-2.871387079E-2,9.780064583E0,-1.453340650E0
1.848297557E1,-3.110669367E-2,9.784850121E0,-1.431805253E0
1.848535401E1,-3.349951655E-2,9.767801285E0,-1.431805253E0
1.848773166E1,-3.110669367E-2,9.775279045E0,-1.450947881E0
1.849010932E1,-2.871387079E-2,9.767801285E0,-1.446162224E0
1.849248776E1,-3.110669367E-2,9.772586823E0,-1.448554993E0
1.849486619E1,-2.632104978E-2,9.775279045E0,-1.465304732E0
1.849724385E1,-1.914258115E-2,9.767801285E0,-1.441376567E0
1.849962151E1,-1.435693540E-2,9.782457352E0,-1.462911963E0
1.850199994E1,-2.632104978E-2,9.753444672E0,-1.470090389E0
1.850437833E1,-3.110669367E-2,9.780064583E0,-1.467697620E0
1.850675598E1,-7.178467698E-3,9.767801285E0,-1.496411443E0
1.850913369E1,-3.349951655E-2,9.782457352E0,-1.465304732E0
1.851151213E1,-5.264209956E-2,9.753444672E0,-1.474876046E0
1.851389052E1,-2.392822690E-2,9.758230209E0,-1.498804331E0
1.851626817E1,-7.178467698E-3,9.772586823E0,-1.482054472E0
1.851864588E1,-1.914258115E-2,9.777671814E0,-1.479661703E0
1.852102432E1,-7.178467698E-3,9.755837440E0,-1.496411443E0
1.852340270E1,-2.153540403E-2,9.743872643E0,-1.479661703E0
1.852578036E1,-1.674975827E-2,9.743872643E0,-1.455733418E0
1.852815802E1,-1.435693540E-2,9.746265411E0,-1.486840129E0
1.853053645E1,-3.589234129E-2,9.743872643E0,-1.465304732E0
1.853291489E1,-3.589234129E-2,9.729516029E0,-1.474876046E0
1.853529255E1,-4.307080805E-2,9.724730492E0,-1.460519075E0
1.853767020E1,-5.264209956E-2,9.731908798E0,-1.458126307E0
1.854004864E1,-6.460621208E-2,9.731908798E0,-1.446162224E0
1.854242708E1,-5.982056633E-2,9.746265411E0,-1.446162224E0
1.854480474E1,-8.614161611E-2,9.722337723E0,-1.434198022E0
1.854718239E1,-6.939185411E-2,9.736694336E0,-1.429412484E0
1.854956083E1,-5.742774159E-2,9.729516029E0,-1.446162224E0
1.855193927E1,-8.374879509E-2,9.722337723E0,-1.417448282E0
1.855431692E1,-7.178468257E-2,9.705587387E0,-1.417448282E0
1.855669458E1,-7.896314561E-2,9.712766647E0,-1.415055513E0
1.855907302E1,-7.896314561E-2,9.717552185E0,-1.405484200E0
1.856145145E1,-7.657032460E-2,9.696016312E0,-1.410269856E0
1.856382911E1,-9.092725813E-2,9.707980156E0,-1.407876968E0
1.856620677E1,-8.853443712E-2,9.712766647E0,-1.417448282E0
1.856858520E1,-6.939185411E-2,9.719944954E0,-1.412662625E0
1.857096364E1,-9.810572863E-2,9.724730492E0,-1.400698543E0
1.857334130E1,-1.004985496E-1,9.727123260E0,-1.381555915E0
1.857571895E1,-9.332008660E-2,9.700801849E0,-1.405484200E0
1.857809739E1,-8.614161611E-2,9.712766647E0,-1.400698543E0
1.858047583E1,-7.657032460E-2,9.712766647E0,-1.400698543E0
1.858285348E1,-8.614161611E-2,9.710372925E0,-1.403091431E0
1.858523114E1,-7.896314561E-2,9.722337723E0,-1.391127229E0
1.858760958E1,-1.052841991E-1,9.741479874E0,-1.403091431E0
1.858998802E1,-8.614161611E-2,9.734301567E0,-1.391127229E0
1.859236567E1,-9.810572863E-2,9.751050949E0,-1.388734460E0
1.859474333E1,-9.332008660E-2,9.770194054E0,-1.376770377E0
1.859712177E1,-7.178468257E-2,9.780064583E0,-1.386341572E0
1.859950020E1,-7.896314561E-2,9.787242889E0,-1.398305774E0
1.860187786E1,-8.135596663E-2,9.775279045E0,-1.419841170E0
1.860425552E1,-8.135596663E-2,9.770194054E0,-1.427019596E0
1.860663395E1,-6.221338734E-2,9.782457352E0,-1.395912886E0
1.860901239E1,-6.460621208E-2,9.772586823E0,-1.391127229E0
1.861139005E1,-6.460621208E-2,9.782457352E0,-1.398305774E0
1.861376770E1,-7.178468257E-2,9.796813965E0,-1.395912886E0
1.861614614E1,-3.110669367E-2,9.772586823E0,-1.395912886E0
1.861852458E1,-4.785645381E-2,9.801599503E0,-1.391127229E0
1.862090224E1,-4.307080805E-2,9.796813965E0,-1.367199063E0
1.862327989E1,-2.153540403E-2,9.784850121E0,-1.388734460E0
1.862565833E1,-2.392822690E-2,9.753444672E0,-1.374377489E0
1.862803677E1,-2.153540403E-2,9.760622978E0,-1.393520117E0
1.863041442E1,-1.674975827E-2,9.763015747E0,-1.360020518E0
1.863279208E1,-1.914258115E-2,9.748658180E0,-1.376770377E0
1.863517052E1,4.785645287E-3,9.746265411E0,-1.374377489E0
1.863754895E1,2.871387079E-2,9.743872643E0,-1.388734460E0
1.863992661E1,3.349951655E-2,9.729516029E0,-1.374377489E0
1.864230427E1,3.589234129E-2,9.707980156E0,-1.381555915E0
1.864468270E1,9.571290575E-3,9.739087105E0,-1.393520117E0
1.864706114E1,2.632104978E-2,9.727123260E0,-1.407876968E0
1.864943880E1,3.110669367E-2,9.746265411E0,-1.405484200E0
1.865181645E1,3.828516230E-2,9.722337723E0,-1.410269856E0
1.865419489E1,7.208377868E-2,9.724730492E0,-1.424626827E0
1.865657328E1,4.067798331E-2,9.731908798E0,-1.431805253E0
1.865895093E1,5.264209956E-2,9.741479874E0,-1.431805253E0
1.866132864E1,4.785645381E-2,9.743872643E0,-1.427019596E0
1.866370708E1,5.503492057E-2,9.736694336E0,-1.427019596E0
1.866608552E1,6.969095767E-2,9.758230209E0,-1.419841170E0
1.866846317E1,7.926224917E-2,9.751050949E0,-1.467697620E0
1.867084083E1,8.404789865E-2,9.743872643E0,-1.434198022E0
1.867321927E1,8.404789865E-2,9.765408516E0,-1.453340650E0
1.867559765E1,8.165507019E-2,9.755837440E0,-1.422233939E0
1.867797531E1,5.772684515E-2,9.743872643E0,-1.434198022E0
1.868035302E1,7.447660714E-2,9.748658180E0,-1.446162224E0
1.868273145E1,5.772684515E-2,9.765408516E0,-1.460519075E0
1.868510984E1,5.264209956E-2,9.777671814E0,-1.446162224E0
1.868748750E1,4.307080805E-2,9.772586823E0,-1.443769336E0
1.868986515E1,3.110669367E-2,9.796813965E0,-1.460519075E0
1.869224359E1,3.110669367E-2,9.803992271E0,-1.443769336E0
1.869462203E1,3.110669367E-2,9.787242889E0,-1.443769336E0
1.869699968E1,-2.392822644E-3,9.792028427E0,-1.429412484E0
1.869937734E1,9.571290575E-3,9.782457352E0,-1.419841170E0
1.870175578E1,4.785645287E-3,9.784850121E0,-1.427019596E0
1.870413421E1,-1.674975827E-2,9.787242889E0,-1.417448282E0
1.870651187E1,-3.110669367E-2,9.777671814E0,-1.381555915E0
1.870888953E1,-3.110669367E-2,9.780064583E0,-1.398305774E0
1.871126796E1,-5.503492057E-2,9.789635658E0,-1.391127229E0
1.871364640E1,-4.307080805E-2,9.760622978E0,-1.371984720E0
1.871602406E1,-6.939185411E-2,9.796813965E0,-1.388734460E0
1.871840171E1,-5.742774159E-2,9.770194054E0,-1.381555915E0
1.872078015E1,-5.024927482E-2,9.772586823E0,-1.395912886E0
1.872315859E1,-4.067798331E-2,9.767801285E0,-1.388734460E0
1.872553624E1,-5.024927482E-2,9.777671814E0,-1.391127229E0
1.872791390E1,-5.024927482E-2,9.755837440E0,-1.395912886E0
1.873029234E1,-5.024927482E-2,9.758230209E0,-1.369591832E0
1.873267078E1,-6.221338734E-2,9.765408516E0,-1.357627749E0
1.873504843E1,-5.982056633E-2,9.755837440E0,-1.381555915E0
1.873742609E1,-5.503492057E-2,9.739087105E0,-1.410269856E0
1.873980453E1,-5.264209956E-2,9.755837440E0,-1.393520117E0
1.874218296E1,-5.024927482E-2,9.739087105E0,-1.405484200E0
1.874456062E1,-3.589234129E-2,9.748658180E0,-1.417448282E0
1.874693828E1,-8.374879509E-2,9.731908798E0,-1.410269856E0
1.874931671E1,-7.657032460E-2,9.748658180E0,-1.415055513E0
1.875169515E1,-7.657032460E-2,9.753444672E0,-1.422233939E0
1.875407281E1,-6.221338734E-2,9.767801285E0,-1.422233939E0
1.875645046E1,-8.614161611E-2,9.758230209E0,-1.438983679E0
1.875882890E1,-8.374879509E-2,9.731908798E0,-1.424626827E0
1.876120734E1,-7.896314561E-2,9.763015747E0,-1.417448282E0
1.876358500E1,-8.374879509E-2,9.743872643E0,-1.436590910E0
1.876596265E1,-9.810572863E-2,9.746265411E0,-1.436590910E0
1.876834109E1,-8.374879509E-2,9.727123260E0,-1.458126307E0
1.877071953E1,-9.332008660E-2,9.746265411E0,-1.450947881E0
1.877309718E1,-9.092725813E-2,9.743872643E0,-1.458126307E0
1.877547484E1,-8.135596663E-2,9.734301567E0,-1.450947881E0
1.877785328E1,-9.332008660E-2,9.727123260E0,-1.427019596E0
1.878023171E1,-1.052841991E-1,9.717552185E0,-1.429412484E0
1.878260937E1,-8.135596663E-2,9.734301567E0,-1.427019596E0
1.878498703E1,-1.004985496E-1,9.722337723E0,-1.403091431E0
1.878736546E1,-1.172483116E-1,9.727123260E0,-1.424626827E0
1.878974390E1,-1.148554832E-1,9.715159416E0,-1.422233939E0
1.879212156E1,-1.076770201E-1,9.712766647E0,-1.415055513E0
1.879449921E1,-1.076770201E-1,9.722337723E0,-1.405484200E0
1.879687765E1,-1.076770201E-1,9.715159416E0,-1.407876968E0
1.879925609E1,-9.571290761E-2,9.715159416E0,-1.415055513E0
1.880163374E1,-1.124626622E-1,9.712766647E0,-1.419841170E0
1.880401140E1,-1.148554832E-1,9.722337723E0,-1.407876968E0
1.880638984E1,-9.810572863E-2,9.698409081E0,-1.415055513E0
1.880876828E1,-9.810572863E-2,9.700801849E0,-1.438983679E0
1.881114593E1,-9.332008660E-2,9.722337723E0,-1.453340650E0
1.881352359E1,-9.332008660E-2,9.691230774E0,-1.446162224E0
1.881590203E1,-8.374879509E-2,9.707980156E0,-1.434198022E0
1.881828041E1,-6.939185411E-2,9.686445236E0,-1.436590910E0
1.882065807E1,-8.135596663E-2,9.691230774E0,-1.429412484E0
1.882303578E1,-7.178468257E-2,9.696016312E0,-1.395912886E0
1.882541421E1,-7.417750359E-2,9.669695854E0,-1.386341572E0
1.882779260E1,-5.264209956E-2,9.693623543E0,-1.412662625E0
1.883017026E1,-5.742774159E-2,9.710372925E0,-1.422233939E0
1.883254791E1,-8.374879509E-2,9.679266930E0,-1.403091431E0
1.883492635E1,-6.699903309E-2,9.681659698E0,-1.386341572E0
1.883730479E1,-5.742774159E-2,9.698409081E0,-1.383948803E0
1.883968244E1,-6.221338734E-2,9.717552185E0,-1.410269856E0
1.884206010E1,-6.221338734E-2,9.696016312E0,-1.386341572E0
1.884443854E1,-8.135596663E-2,9.717552185E0,-1.419841170E0
1.884681698E1,-9.571290761E-2,9.705587387E0,-1.410269856E0
1.884919463E1,-8.135596663E-2,9.712766647E0,-1.407876968E0
1.885157229E1,-1.004985496E-1,9.715159416E0,-1.415055513E0
1.885395072E1,-9.092725813E-2,9.719944954E0,-1.395912886E0
1.885632916E1,-9.810572863E-2,9.734301567E0,-1.395912886E0
1.885870682E1,-9.571290761E-2,9.712766647E0,-1.424626827E0
1.886108448E1,-1.052841991E-1,9.739087105E0,-1.400698543E0
1.886346291E1,-1.052841991E-1,9.736694336E0,-1.403091431E0
1.886584135E1,-1.052841991E-1,9.751050949E0,-1.419841170E0
1.886821901E1,-1.052841991E-1,9.739087105E0,-1.407876968E0
1.887059666E1,-8.853443712E-2,9.760622978E0,-1.415055513E0
1.887297510E1,-8.614161611E-2,9.751050949E0,-1.410269856E0
1.887535354E1,-1.076770201E-1,9.789635658E0,-1.386341572E0
1.887773119E1,-7.896314561E-2,9.794421196E0,-1.407876968E0
1.888010885E1,-8.853443712E-2,9.811170578E0,-1.419841170E0
1.888248729E1,-6.460621208E-2,9.796813965E0,-1.419841170E0
1.888486572E1,-7.657032460E-2,9.796813965E0,-1.443769336E0
1.888724338E1,-5.024927482E-2,9.787242889E0,-1.431805253E0
1.888962104E1,-5.264209956E-2,9.803992271E0,-1.424626827E0
1.889199948E1,-6.939185411E-2,9.782457352E0,-1.427019596E0
1.889437791E1,-3.589234129E-2,9.792028427E0,-1.427019596E0
1.889675557E1,-5.982056633E-2,9.782457352E0,-1.424626827E0
1.889913322E1,-2.632104978E-2,9.780064583E0,-1.438983679E0
1.890151166E1,-3.589234129E-2,9.772586823E0,-1.415055513E0
1.890389010E1,-3.589234129E-2,9.758230209E0,-1.419841170E0
1.890626776E1,-2.871387079E-2,9.760622978E0,-1.422233939E0
1.890864541E1,-3.349951655E-2,9.736694336E0,-1.427019596E0
1.891102385E1,-3.828516230E-2,9.715159416E0,-1.381555915E0
1.891340229E1,-1.914258115E-2,9.736694336E0,-1.393520117E0
1.891577994E1,-6.221338734E-2,9.734301567E0,-1.369591832E0
1.891815760E1,-6.939185411E-2,9.734301567E0,-1.376770377E0
1.892053604E1,-6.221338734E-2,9.724730492E0,-1.379163146E0
1.892291448E1,-4.546362907E-2,9.717552185E0,-1.352842093E0
1.892529213E1,-5.503492057E-2,9.724730492E0,-1.355234981E0
1.892766979E1,-6.221338734E-2,9.712766647E0,-1.352842093E0
1.893004822E1,-6.699903309E-2,9.729516029E0,-1.338485122E0
1.893242666E1,-5.982056633E-2,9.724730492E0,-1.345663667E0
1.893480432E1,-4.546362907E-2,9.743872643E0,-1.350449324E0
1.893718198E1,-5.264209956E-2,9.767801285E0,-1.338485122E0
1.893956041E1,-5.742774159E-2,9.743872643E0,-1.352842093E0
1.894193885E1,-5.742774159E-2,9.741479874E0,-1.345663667E0
1.894431651E1,-5.024927482E-2,9.741479874E0,-1.338485122E0
1.894669416E1,-6.939185411E-2,9.787242889E0,-1.360020518E0
1.894907260E1,-4.307080805E-2,9.729516029E0,-1.324128270E0
1.895145104E1,-6.939185411E-2,9.746265411E0,-1.302592874E0
1.895382869E1,-5.264209956E-2,9.760622978E0,-1.319342613E0
1.895620635E1,-5.503492057E-2,9.748658180E0,-1.314556956E0
1.895858479E1,-4.785645381E-2,9.755837440E0,-1.321735382E0
1.896096322E1,-5.503492057E-2,9.743872643E0,-1.328913927E0
1.896334088E1,-3.589234129E-2,9.743872643E0,-1.312164068E0
1.896571854E1,-1.914258115E-2,9.741479874E0,-1.288235903E0
1.896809698E1,-1.435693540E-2,9.760622978E0,-1.297807217E0
1.897047536E1,-1.435693540E-2,9.758230209E0,-1.278664589E0
1.897285302E1,-7.178467698E-3,9.734301567E0,-1.283450246E0
1.897523072E1,-4.785645287E-3,9.717552185E0,-1.266700506E0
1.897760916E1,1.674975827E-2,9.746265411E0,-1.285843015E0
1.897998755E1,4.785645287E-3,9.739087105E0,-1.271486163E0
1.898236520E1,1.196411345E-2,9.734301567E0,-1.314556956E0
1.898474291E1,1.674975827E-2,9.734301567E0,-1.297807217E0
1.898712135E1,-1.435693540E-2,9.748658180E0,-1.300199986E0
1.898949974E1,-2.392822644E-3,9.734301567E0,-1.316949725E0
1.899187739E1,7.178467698E-3,9.743872643E0,-1.316949725E0
1.899425505E1,1.196411345E-2,9.751050949E0,-1.324128270E0
1.899663348E1,4.785645287E-3,9.731908798E0,-1.314556956E0
1.899901192E1,-7.178467698E-3,9.731908798E0,-1.343270779E0
1.900138958E1,-2.153540403E-2,9.736694336E0,-1.350449324E0
1.900376724E1,-2.392822690E-2,9.739087105E0,-1.360020518E0
1.900614567E1,-1.196411345E-2,9.751050949E0,-1.374377489E0
1.900852411E1,-4.067798331E-2,9.741479874E0,-1.386341572E0
1.901090177E1,-2.632104978E-2,9.717552185E0,-1.362413406E0
1.901327942E1,-3.589234129E-2,9.722337723E0,-1.355234981E0
1.901565786E1,-3.589234129E-2,9.734301567E0,-1.336092353E0
1.901803630E1,-5.024927482E-2,9.741479874E0,-1.338485122E0
1.902041395E1,-2.392822690E-2,9.758230209E0,-1.343270779E0
1.902279161E1,-4.785645381E-2,9.763015747E0,-1.338485122E0
1.902517005E1,-3.589234129E-2,9.758230209E0,-1.362413406E0
1.902754848E1,-4.067798331E-2,9.770194054E0,-1.345663667E0
1.902992614E1,-5.982056633E-2,9.782457352E0,-1.345663667E0
1.903230380E1,-6.460621208E-2,9.765408516E0,-1.350449324E0
1.903468224E1,-4.307080805E-2,9.794421196E0,-1.348056436E0
1.903706067E1,-5.024927482E-2,9.792028427E0,-1.350449324E0
1.903943833E1,-5.024927482E-2,9.796813965E0,-1.348056436E0
1.904181598E1,-4.546362907E-2,9.818349838E0,-1.343270779E0
1.904419442E1,-5.024927482E-2,9.808777809E0,-1.340878010E0
1.904657286E1,-5.982056633E-2,9.815957069E0,-1.343270779E0
1.904895052E1,-3.110669367E-2,9.820742607E0,-1.350449324E0
1.905132817E1,-5.982056633E-2,9.815957069E0,-1.326521039E0
1.905370661E1,-7.178468257E-2,9.813564301E0,-1.352842093E0
1.905608505E1,-5.503492057E-2,9.820742607E0,-1.300199986E0
1.905846270E1,-3.349951655E-2,9.820742607E0,-1.319342613E0
1.906084036E1,-2.632104978E-2,9.832706451E0,-1.333699465E0
1.906321880E1,-3.589234129E-2,9.832706451E0,-1.345663667E0
1.906559724E1,-1.196411345E-2,9.832706451E0,-1.333699465E0
1.906797489E1,-2.632104978E-2,9.823135376E0,-1.331306696E0
1.907035255E1,-5.503492057E-2,9.827920914E0,-1.328913927E0
1.907273098E1,-5.024927482E-2,9.835099220E0,-1.326521039E0
1.907510942E1,-6.939185411E-2,9.818349838E0,-1.326521039E0
1.907748708E1,-3.589234129E-2,9.815957069E0,-1.338485122E0
1.907986474E1,-2.632104978E-2,9.847063065E0,-1.338485122E0
1.908224317E1,-4.307080805E-2,9.830313683E0,-1.333699465E0
1.908462161E1,-2.632104978E-2,9.825528145E0,-1.350449324E0
1.908699927E1,-3.110669367E-2,9.803992271E0,-1.343270779E0
1.908937692E1,-3.349951655E-2,9.823135376E0,-1.364806175E0
1.909175536E1,-3.828516230E-2,9.813564301E0,-1.367199063E0
1.909413380E1,-3.110669367E-2,9.806385040E0,-1.395912886E0
1.909651145E1,-2.153540403E-2,9.799206734E0,-1.369591832E0
1.909888911E1,-4.785645381E-2,9.787242889E0,-1.357627749E0
1.910126755E1,-5.024927482E-2,9.777671814E0,-1.369591832E0
1.910364598E1,-4.546362907E-2,9.763015747E0,-1.357627749E0
1.910602364E1,-4.785645381E-2,9.767801285E0,-1.369591832E0
1.910840130E1,-4.067798331E-2,9.767801285E0,-1.348056436E0
1.911077974E1,-5.982056633E-2,9.765408516E0,-1.379163146E0
1.911315817E1,-5.982056633E-2,9.755837440E0,-1.371984720E0
1.911553583E1,-5.503492057E-2,9.760622978E0,-1.376770377E0
1.911791349E1,-4.785645381E-2,9.739087105E0,-1.360020518E0
1.912029192E1,-6.939185411E-2,9.751050949E0,-1.355234981E0
1.912267036E1,-4.307080805E-2,9.755837440E0,-1.340878010E0
1.912504802E1,-5.982056633E-2,9.736694336E0,-1.352842093E0
1.912742567E1,-6.460621208E-2,9.722337723E0,-1.340878010E0
1.912980411E1,-5.742774159E-2,9.741479874E0,-1.357627749E0
1.913218255E1,-5.503492057E-2,9.748658180E0,-1.348056436E0
1.913456020E1,-4.785645381E-2,9.712766647E0,-1.355234981E0
1.913693786E1,-6.939185411E-2,9.731908798E0,-1.362413406E0
1.913931630E1,-5.024927482E-2,9.755837440E0,-1.395912886E0
1.914169468E1,-5.503492057E-2,9.775279045E0,-1.367199063E0
1.914407234E1,-5.264209956E-2,9.763015747E0,-1.391127229E0
1.914645005E1,-6.460621208E-2,9.772586823E0,-1.362413406E0
1.914882849E1,-5.503492057E-2,9.770194054E0,-1.391127229E0
1.915120687E1,-5.982056633E-2,9.777671814E0,-1.379163146E0
1.915358453E1,-7.178468257E-2,9.799206734E0,-1.391127229E0
1.915596224E1,-6.939185411E-2,9.784850121E0,-1.395912886E0
1.915834067E1,-5.742774159E-2,9.784850121E0,-1.374377489E0
1.916071906E1,-7.178468257E-2,9.792028427E0,-1.376770377E0
1.916309671E1,-6.939185411E-2,9.789635658E0,-1.360020518E0
1.916547437E1,-6.460621208E-2,9.799206734E0,-1.376770377E0
1.916785281E1,-5.503492057E-2,9.796813965E0,-1.388734460E0
1.917023124E1,-5.982056633E-2,9.794421196E0,-1.381555915E0
1.917260890E1,-8.374879509E-2,9.792028427E0,-1.383948803E0
1.917498661E1,-5.742774159E-2,9.806385040E0,-1.357627749E0
1.917736505E1,-6.221338734E-2,9.799206734E0,-1.376770377E0
1.917974343E1,-5.982056633E-2,9.806385040E0,-1.371984720E0
1.918212109E1,-5.264209956E-2,9.801599503E0,-1.367199063E0
1.918449880E1,-2.632104978E-2,9.803992271E0,-1.383948803E0
1.918687724E1,-5.024927482E-2,9.787242889E0,-1.376770377E0
1.918925562E1,-4.067798331E-2,9.794421196E0,-1.367199063E0
1.919163328E1,-3.110669367E-2,9.808777809E0,-1.376770377E0
1.919401093E1,-3.349951655E-2,9.789635658E0,-1.374377489E0
1.919638937E1,-3.828516230E-2,9.760622978E0,-1.388734460E0
1.919876781E1,-4.067798331E-2,9.758230209E0,-1.367199063E0
1.920114546E1,-2.392822690E-2,9.755837440E0,-1.391127229E0
1.920352312E1,-4.067798331E-2,9.739087105E0,-1.400698543E0
1.920590156E1,-2.632104978E-2,9.755837440E0,-1.388734460E0
1.920828000E1,-2.392822690E-2,9.753444672E0,-1.419841170E0
1.921065765E1,-4.785645287E-3,9.717552185E0,-1.376770377E0
1.921303531E1,-3.110669367E-2,9.719944954E0,-1.391127229E0
1.921541375E1,-2.392822690E-2,9.715159416E0,-1.395912886E0
1.921779218E1,1.196411345E-2,9.700801849E0,-1.403091431E0
1.922016984E1,1.435693540E-2,9.698409081E0,-1.376770377E0
1.922254750E1,-7.178467698E-3,9.679266930E0,-1.386341572E0
1.922492593E1,1.914258115E-2,9.662516594E0,-1.417448282E0
1.922730437E1,-7.178467698E-3,9.674481392E0,-1.388734460E0
1.922968203E1,2.392822644E-3,9.636196136E0,-1.386341572E0
1.923205968E1,-9.571290575E-3,9.652945518E0,-1.367199063E0
1.923443812E1,-7.178467698E-3,9.662516594E0,-1.381555915E0
1.923681656E1,-1.674975827E-2,9.652945518E0,-1.379163146E0
1.923919421E1,-1.196411345E-2,9.652945518E0,-1.364806175E0
1.924157187E1,-2.632104978E-2,9.662516594E0,-1.388734460E0
1.924395031E1,-2.153540403E-2,9.652945518E0,-1.369591832E0
1.924632874E1,-3.110669367E-2,9.662516594E0,-1.376770377E0
1.924870640E1,-4.307080805E-2,9.657731056E0,-1.381555915E0
1.925108406E1,-4.307080805E-2,9.686445236E0,-1.369591832E0
1.925346250E1,-4.067798331E-2,9.684052467E0,-1.367199063E0
1.925584093E1,-4.307080805E-2,9.667302132E0,-1.340878010E0
1.925821859E1,-2.392822690E-2,9.693623543E0,-1.357627749E0
1.926059625E1,-2.392822690E-2,9.691230774E0,-1.345663667E0
1.926297468E1,-2.632104978E-2,9.700801849E0,-1.338485122E0
1.926535312E1,-3.110669367E-2,9.715159416E0,-1.321735382E0
1.926773078E1,-1.914258115E-2,9.734301567E0,-1.333699465E0
1.927010843E1,-4.785645381E-2,9.729516029E0,-1.328913927E0
1.927248687E1,-5.503492057E-2,9.751050949E0,-1.345663667E0
1.927486531E1,-3.110669367E-2,9.748658180E0,-1.343270779E0
1.927724296E1,-3.349951655E-2,9.760622978E0,-1.338485122E0
1.927962062E1,-5.264209956E-2,9.784850121E0,-1.360020518E0
1.928199906E1,-4.067798331E-2,9.784850121E0,-1.348056436E0
1.928437750E1,-4.546362907E-2,9.796813965E0,-1.369591832E0
1.928675515E1,-5.024927482E-2,9.801599503E0,-1.350449324E0
1.928913281E1,-5.742774159E-2,9.815957069E0,-1.371984720E0
1.929151125E1,-5.264209956E-2,9.839884758E0,-1.381555915E0
1.929388968E1,-5.742774159E-2,9.839884758E0,-1.391127229E0
1.929626734E1,-5.264209956E-2,9.825528145E0,-1.386341572E0
1.929864500E1,-6.939185411E-2,9.827920914E0,-1.391127229E0
1.930102343E1,-7.178468257E-2,9.844670296E0,-1.405484200E0
1.930340187E1,-8.614161611E-2,9.818349838E0,-1.415055513E0
1.930577953E1,-7.417750359E-2,9.832706451E0,-1.422233939E0
1.930815718E1,-1.172483116E-1,9.825528145E0,-1.441376567E0
1.931053562E1,-1.076770201E-1,9.839884758E0,-1.470090389E0
1.931291406E1,-8.614161611E-2,9.825528145E0,-1.496411443E0
1.931529171E1,-1.124626622E-1,9.835099220E0,-1.494018674E0
1.931766937E1,-1.268195957E-1,9.839884758E0,-1.520339727E0
1.932004781E1,-1.316052526E-1,9.825528145E0,-1.520339727E0
1.932242625E1,-1.268195957E-1,9.813564301E0,-1.546660781E0
1.932480390E1,-1.483550072E-1,9.815957069E0,-1.537089467E0
1.932718156E1,-1.507478207E-1,9.813564301E0,-1.532303810E0
1.932956000E1,-1.674975902E-1,9.823135376E0,-1.558624864E0
1.933193843E1,-1.507478207E-1,9.813564301E0,-1.539482236E0
1.933431609E1,-1.555334777E-1,9.806385040E0,-1.537089467E0
1.933669374E1,-1.674975902E-1,9.820742607E0,-1.539482236E0
1.933907218E1,-1.627119333E-1,9.825528145E0,-1.544267893E0
1.934145062E1,-1.363908947E-1,9.801599503E0,-1.539482236E0
1.934382828E1,-1.459621787E-1,9.796813965E0,-1.522732496E0
1.934620593E1,-1.555334777E-1,9.792028427E0,-1.522732496E0
1.934858437E1,-1.579262912E-1,9.799206734E0,-1.515554070E0
1.935096281E1,-1.698904037E-1,9.815957069E0,-1.520339727E0
1.935334046E1,-1.746760458E-1,9.789635658E0,-1.501197100E0
1.935571812E1,-1.603191197E-1,9.772586823E0,-1.515554070E0
1.935809656E1,-1.890329868E-1,9.765408516E0,-1.510768414E0
1.936047500E1,-1.794617027E-1,9.755837440E0,-1.491625786E0
1.936285265E1,-1.914258152E-1,9.743872643E0,-1.467697620E0
1.936523031E1,-1.818545163E-1,9.746265411E0,-1.482054472E0
1.936760875E1,-1.890329868E-1,9.731908798E0,-1.460519075E0
1.936998718E1,-1.986042857E-1,9.724730492E0,-1.424626827E0
1.937236484E1,-1.770688742E-1,9.717552185E0,-1.434198022E0
1.937474250E1,-1.603191197E-1,9.722337723E0,-1.431805253E0
1.937712093E1,-1.746760458E-1,9.700801849E0,-1.415055513E0
1.937949937E1,-1.890329868E-1,9.710372925E0,-1.417448282E0
1.938187703E1,-1.770688742E-1,9.715159416E0,-1.415055513E0
1.938425468E1,-1.890329868E-1,9.710372925E0,-1.407876968E0
1.938663312E1,-1.914258152E-1,9.691230774E0,-1.422233939E0
1.938901156E1,-1.627119333E-1,9.719944954E0,-1.427019596E0
1.939138921E1,-1.722832322E-1,9.696016312E0,-1.424626827E0
1.939376687E1,-1.651047617E-1,9.688838005E0,-1.417448282E0
1.939614531E1,-1.722832322E-1,9.719944954E0,-1.429412484E0
1.939852375E1,-1.746760458E-1,9.712766647E0,-1.410269856E0
1.940090140E1,-1.866401732E-1,9.703194618E0,-1.448554993E0
1.940327906E1,-1.579262912E-1,9.676874161E0,-1.431805253E0
1.940565750E1,-1.698904037E-1,9.700801849E0,-1.431805253E0
1.940803593E1,-1.507478207E-1,9.686445236E0,-1.405484200E0
1.941041359E1,-1.770688742E-1,9.688838005E0,-1.410269856E0
1.941279124E1,-1.842473447E-1,9.688838005E0,-1.410269856E0
1.941516968E1,-1.794617027E-1,9.707980156E0,-1.427019596E0
1.941754812E1,-1.603191197E-1,9.698409081E0,-1.419841170E0
1.941992578E1,-1.698904037E-1,9.698409081E0,-1.403091431E0
1.942230343E1,-1.507478207E-1,9.698409081E0,-1.422233939E0
1.942468187E1,-1.674975902E-1,9.715159416E0,-1.422233939E0
1.942706031E1,-1.435693651E-1,9.707980156E0,-1.424626827E0
1.942943796E1,-1.459621787E-1,9.729516029E0,-1.460519075E0
1.943181562E1,-1.579262912E-1,9.712766647E0,-1.441376567E0
1.943419406E1,-1.435693651E-1,9.722337723E0,-1.438983679E0
1.943657250E1,-1.507478207E-1,9.729516029E0,-1.453340650E0
1.943895015E1,-1.579262912E-1,9.741479874E0,-1.427019596E0
1.944132781E1,-1.579262912E-1,9.722337723E0,-1.429412484E0
1.944370624E1,-1.459621787E-1,9.722337723E0,-1.443769336E0
1.944608468E1,-1.555334777E-1,9.703194618E0,-1.455733418E0
1.944846234E1,-1.651047617E-1,9.719944954E0,-1.460519075E0
1.945084000E1,-1.794617027E-1,9.724730492E0,-1.465304732E0
1.945321843E1,-1.698904037E-1,9.722337723E0,-1.455733418E0
1.945559687E1,-1.555334777E-1,9.736694336E0,-1.450947881E0
1.945797453E1,-1.674975902E-1,9.739087105E0,-1.448554993E0
1.946035218E1,-1.722832322E-1,9.746265411E0,-1.472483277E0
1.946273062E1,-1.794617027E-1,9.724730492E0,-1.453340650E0
1.946510906E1,-1.674975902E-1,9.727123260E0,-1.450947881E0
1.946748671E1,-1.627119333E-1,9.727123260E0,-1.450947881E0
1.946986437E1,-1.459621787E-1,9.736694336E0,-1.460519075E0
1.947224281E1,-1.507478207E-1,9.755837440E0,-1.474876046E0
1.947462124E1,-1.531406492E-1,9.743872643E0,-1.458126307E0
1.947699890E1,-1.316052526E-1,9.741479874E0,-1.465304732E0
1.947937656E1,-1.363908947E-1,9.748658180E0,-1.460519075E0
1.948175500E1,-1.220339537E-1,9.760622978E0,-1.465304732E0
1.948413343E1,-1.292124242E-1,9.751050949E0,-1.486840129E0
1.948651109E1,-1.268195957E-1,9.753444672E0,-1.460519075E0
1.948888874E1,-1.172483116E-1,9.746265411E0,-1.450947881E0
1.949126718E1,-1.363908947E-1,9.746265411E0,-1.458126307E0
1.949364562E1,-1.172483116E-1,9.741479874E0,-1.474876046E0
1.949602328E1,-1.220339537E-1,9.751050949E0,-1.443769336E0
1.949840093E1,-1.220339537E-1,9.736694336E0,-1.455733418E0
1.950077937E1,-1.244267747E-1,9.734301567E0,-1.472483277E0
1.950315781E1,-1.292124242E-1,9.741479874E0,-1.460519075E0
1.950553546E1,-1.363908947E-1,9.736694336E0,-1.441376567E0
1.950791312E1,-1.507478207E-1,9.741479874E0,-1.453340650E0
1.951029156E1,-1.555334777E-1,9.727123260E0,-1.438983679E0
1.951266994E1,-1.651047617E-1,9.729516029E0,-1.450947881E0
1.951504760E1,-1.818545163E-1,9.741479874E0,-1.458126307E0
1.951742531E1,-1.794617027E-1,9.736694336E0,-1.479661703E0
1.951980374E1,-1.746760458E-1,9.748658180E0,-1.465304732E0
1.952218213E1,-1.770688742E-1,9.763015747E0,-1.458126307E0
1.952455979E1,-1.627119333E-1,9.751050949E0,-1.470090389E0
1.952693750E1,-1.794617027E-1,9.751050949E0,-1.474876046E0
1.952931593E1,-2.105683982E-1,9.751050949E0,-1.484447360E0
1.953169437E1,-1.962114573E-1,9.760622978E0,-1.458126307E0
1.953407203E1,-1.890329868E-1,9.760622978E0,-1.458126307E0
1.953644968E1,-1.746760458E-1,9.751050949E0,-1.460519075E0
1.953882812E1,-1.890329868E-1,9.734301567E0,-1.467697620E0
1.954120651E1,-2.009970993E-1,9.741479874E0,-1.467697620E0
1.954358416E1,-1.962114573E-1,9.743872643E0,-1.472483277E0
1.954596187E1,-1.890329868E-1,9.731908798E0,-1.453340650E0
1.954834031E1,-1.962114573E-1,9.722337723E0,-1.453340650E0
1.955071874E1,-1.818545163E-1,9.731908798E0,-1.448554993E0
1.955309640E1,-1.866401732E-1,9.731908798E0,-1.448554993E0
1.955547406E1,-1.770688742E-1,9.739087105E0,-1.472483277E0
1.955785250E1,-1.914258152E-1,9.753444672E0,-1.455733418E0
1.956023093E1,-1.651047617E-1,9.743872643E0,-1.443769336E0
1.956260859E1,-1.531406492E-1,9.746265411E0,-1.450947881E0
1.956498624E1,-1.531406492E-1,9.748658180E0,-1.441376567E0
1.956736468E1,-1.555334777E-1,9.748658180E0,-1.434198022E0
1.956974312E1,-1.674975902E-1,9.755837440E0,-1.417448282E0
1.957212078E1,-1.435693651E-1,9.746265411E0,-1.410269856E0
1.957449843E1,-1.483550072E-1,9.765408516E0,-1.393520117E0
1.957687687E1,-1.531406492E-1,9.751050949E0,-1.429412484E0
1.957925531E1,-1.316052526E-1,9.765408516E0,-1.415055513E0
1.958163296E1,-1.459621787E-1,9.765408516E0,-1.405484200E0
1.958401062E1,-1.268195957E-1,9.770194054E0,-1.407876968E0
1.958638906E1,-1.316052526E-1,9.751050949E0,-1.388734460E0
1.958876750E1,-1.387837082E-1,9.755837440E0,-1.412662625E0
1.959114515E1,-1.292124242E-1,9.765408516E0,-1.412662625E0
1.959352281E1,-1.339980662E-1,9.760622978E0,-1.415055513E0
1.959590124E1,-1.124626622E-1,9.760622978E0,-1.400698543E0
1.959827968E1,-9.810572863E-2,9.753444672E0,-1.412662625E0
1.960065734E1,-1.100698411E-1,9.760622978E0,-1.386341572E0
1.960303500E1,-8.853443712E-2,9.734301567E0,-1.410269856E0
1.960541343E1,-1.028913707E-1,9.741479874E0,-1.400698543E0
1.960779187E1,-8.135596663E-2,9.755837440E0,-1.386341572E0
1.961016953E1,-9.332008660E-2,9.746265411E0,-1.400698543E0
1.961254718E1,-9.571290761E-2,9.751050949E0,-1.376770377E0
1.961492562E1,-1.004985496E-1,9.760622978E0,-1.367199063E0
1.961730401E1,-1.076770201E-1,9.746265411E0,-1.400698543E0
1.961968166E1,-1.076770201E-1,9.755837440E0,-1.419841170E0
1.962205937E1,-9.810572863E-2,9.770194054E0,-1.417448282E0
1.962443781E1,-1.148554832E-1,9.755837440E0,-1.424626827E0
1.962681624E1,-1.124626622E-1,9.760622978E0,-1.434198022E0
1.962919390E1,-1.292124242E-1,9.772586823E0,-1.438983679E0
1.963157156E1,-1.411765367E-1,9.775279045E0,-1.434198022E0
1.963395000E1,-1.483550072E-1,9.787242889E0,-1.429412484E0
1.963632843E1,-1.579262912E-1,9.763015747E0,-1.441376567E0
1.963870609E1,-1.698904037E-1,9.767801285E0,-1.443769336E0
1.964108374E1,-1.698904037E-1,9.775279045E0,-1.448554993E0
1.964346218E1,-1.651047617E-1,9.755837440E0,-1.412662625E0
1.964584062E1,-1.794617027E-1,9.751050949E0,-1.419841170E0
1.964821828E1,-1.890329868E-1,9.743872643E0,-1.419841170E0
1.965059593E1,-1.770688742E-1,9.746265411E0,-1.410269856E0
1.965297437E1,-2.057827413E-1,9.748658180E0,-1.410269856E0
1.965535281E1,-1.890329868E-1,9.758230209E0,-1.412662625E0
1.965773046E1,-1.962114573E-1,9.734301567E0,-1.429412484E0
1.966010812E1,-1.938186288E-1,9.722337723E0,-1.415055513E0
1.966248656E1,-2.081755698E-1,9.705587387E0,-1.398305774E0
1.966486500E1,-2.057827413E-1,9.717552185E0,-1.400698543E0
1.966724265E1,-2.225325108E-1,9.727123260E0,-1.386341572E0
1.966962031E1,-2.201396823E-1,9.724730492E0,-1.383948803E0
1.967199874E1,-2.368894368E-1,9.715159416E0,-1.388734460E0
1.967437718E1,-2.344966233E-1,9.715159416E0,-1.374377489E0
1.967675484E1,-2.249253243E-1,9.712766647E0,-1.360020518E0
1.967913250E1,-2.177468538E-1,9.729516029E0,-1.376770377E0
1.968151093E1,-2.392822653E-1,9.763015747E0,-1.371984720E0
1.968388937E1,-2.201396823E-1,9.767801285E0,-1.364806175E0
1.968626703E1,-2.368894368E-1,9.755837440E0,-1.355234981E0
1.968864468E1,-2.440679073E-1,9.765408516E0,-1.374377489E0
1.969102312E1,-2.560320199E-1,9.765408516E0,-1.393520117E0
1.969340156E1,-2.297109663E-1,9.784850121E0,-1.388734460E0
1.969577921E1,-2.321037948E-1,9.775279045E0,-1.374377489E0
1.969815687E1,-2.225325108E-1,9.775279045E0,-1.381555915E0
1.970053531E1,-2.249253243E-1,9.775279045E0,-1.403091431E0
1.970291374E1,-2.081755698E-1,9.777671814E0,-1.393520117E0
1.970529140E1,-2.033899277E-1,9.763015747E0,-1.415055513E0
1.970766906E1,-1.842473447E-1,9.765408516E0,-1.403091431E0
1.971004750E1,-2.057827413E-1,9.760622978E0,-1.383948803E0
1.971242593E1,-1.698904037E-1,9.753444672E0,-1.410269856E0
1.971480359E1,-1.794617027E-1,9.751050949E0,-1.419841170E0
1.971718125E1,-1.674975902E-1,9.741479874E0,-1.410269856E0
1.971955968E1,-1.746760458E-1,9.731908798E0,-1.427019596E0
1.972193812E1,-1.531406492E-1,9.724730492E0,-1.424626827E0
1.972431578E1,-1.483550072E-1,9.748658180E0,-1.415055513E0
1.972669343E1,-1.674975902E-1,9.739087105E0,-1.422233939E0
1.972907187E1,-1.555334777E-1,9.736694336E0,-1.429412484E0
1.973145031E1,-1.531406492E-1,9.743872643E0,-1.431805253E0
1.973382796E1,-1.770688742E-1,9.746265411E0,-1.427019596E0
1.973620562E1,-1.507478207E-1,9.736694336E0,-1.400698543E0
1.973858406E1,-1.555334777E-1,9.741479874E0,-1.415055513E0
1.974096250E1,-1.627119333E-1,9.734301567E0,-1.407876968E0
1.974334015E1,-1.890329868E-1,9.719944954E0,-1.393520117E0
1.974571781E1,-1.866401732E-1,9.715159416E0,-1.422233939E0
1.974809625E1,-1.579262912E-1,9.719944954E0,-1.419841170E0
1.975047468E1,-1.674975902E-1,9.724730492E0,-1.403091431E0
1.975285234E1,-1.651047617E-1,9.722337723E0,-1.403091431E0
1.975523000E1,-1.483550072E-1,9.717552185E0,-1.395912886E0
1.975760843E1,-1.507478207E-1,9.722337723E0,-1.403091431E0
1.975998687E1,-1.435693651E-1,9.724730492E0,-1.429412484E0
1.976236453E1,-1.459621787E-1,9.722337723E0,-1.388734460E0
1.976474218E1,-1.363908947E-1,9.712766647E0,-1.400698543E0
1.976712062E1,-1.507478207E-1,9.743872643E0,-1.429412484E0
1.976949906E1,-1.435693651E-1,9.719944954E0,-1.388734460E0
1.977187671E1,-1.052841991E-1,9.734301567E0,-1.410269856E0
1.977425437E1,-1.028913707E-1,9.743872643E0,-1.395912886E0
1.977663281E1,-8.614161611E-2,9.734301567E0,-1.407876968E0
1.977901124E1,-1.220339537E-1,9.767801285E0,-1.407876968E0
1.978138890E1,-8.853443712E-2,9.753444672E0,-1.415055513E0
1.978376656E1,-7.896314561E-2,9.760622978E0,-1.417448282E0
1.978614500E1,-1.100698411E-1,9.758230209E0,-1.386341572E0
1.978852343E1,-9.092725813E-2,9.770194054E0,-1.386341572E0
1.979090109E1,-8.853443712E-2,9.755837440E0,-1.407876968E0
1.979327875E1,-7.417750359E-2,9.792028427E0,-1.412662625E0
1.979565718E1,-7.657032460E-2,9.753444672E0,-1.427019596E0
1.979803562E1,-8.374879509E-2,9.770194054E0,-1.424626827E0
1.980041328E1,-9.810572863E-2,9.765408516E0,-1.427019596E0
1.980279093E1,-8.374879509E-2,9.758230209E0,-1.424626827E0
1.980516937E1,-8.614161611E-2,9.784850121E0,-1.443769336E0
1.980754781E1,-9.332008660E-2,9.770194054E0,-1.431805253E0
1.980992546E1,-1.148554832E-1,9.758230209E0,-1.429412484E0
1.981230312E1,-9.092725813E-2,9.763015747E0,-1.429412484E0
1.981468156E1,-8.374879509E-2,9.751050949E0,-1.415055513E0
1.981706000E1,-8.614161611E-2,9.758230209E0,-1.434198022E0
1.981943765E1,-6.939185411E-2,9.753444672E0,-1.424626827E0
1.982181531E1,-8.135596663E-2,9.760622978E0,-1.427019596E0
1.982419375E1,-7.657032460E-2,9.753444672E0,-1.441376567E0
1.982657218E1,-8.374879509E-2,9.767801285E0,-1.458126307E0
1.982894984E1,-7.417750359E-2,9.775279045E0,-1.427019596E0
1.983132750E1,-5.982056633E-2,9.767801285E0,-1.443769336E0
1.983370593E1,-6.939185411E-2,9.772586823E0,-1.465304732E0
1.983608437E1,-6.221338734E-2,9.763015747E0,-1.462911963E0
1.983846203E1,-6.939185411E-2,9.765408516E0,-1.465304732E0
1.984083968E1,-5.982056633E-2,9.777671814E0,-1.460519075E0
1.984321812E1,-5.742774159E-2,9.753444672E0,-1.474876046E0
1.984559656E1,-5.982056633E-2,9.755837440E0,-1.484447360E0
1.984797421E1,-5.742774159E-2,9.763015747E0,-1.494018674E0
1.985035187E1,-6.939185411E-2,9.760622978E0,-1.491625786E0
1.985273031E1,-7.178468257E-2,9.748658180E0,-1.465304732E0
1.985510875E1,-8.135596663E-2,9.755837440E0,-1.472483277E0
1.985748640E1,-9.332008660E-2,9.758230209E0,-1.472483277E0
1.985986406E1,-9.810572863E-2,9.734301567E0,-1.474876046E0
1.986224250E1,-1.052841991E-1,9.751050949E0,-1.472483277E0
1.986462093E1,-9.810572863E-2,9.765408516E0,-1.462911963E0
1.986699859E1,-9.571290761E-2,9.751050949E0,-1.455733418E0
1.986937624E1,-1.004985496E-1,9.731908798E0,-1.462911963E0
1.987175468E1,-1.316052526E-1,9.741479874E0,-1.460519075E0
1.987413312E1,-1.292124242E-1,9.748658180E0,-1.474876046E0
1.987651078E1,-1.435693651E-1,9.731908798E0,-1.470090389E0
1.987888843E1,-1.483550072E-1,9.741479874E0,-1.472483277E0
1.988126687E1,-1.316052526E-1,9.736694336E0,-1.460519075E0
1.988364531E1,-1.507478207E-1,9.755837440E0,-1.462911963E0
1.988602296E1,-1.603191197E-1,9.751050949E0,-1.448554993E0
1.988840062E1,-1.770688742E-1,9.743872643E0,-1.446162224E0
1.989077906E1,-1.603191197E-1,9.746265411E0,-1.434198022E0
1.989315750E1,-1.507478207E-1,9.765408516E0,-1.434198022E0
1.989553515E1,-1.674975902E-1,9.746265411E0,-1.441376567E0
1.989791281E1,-1.651047617E-1,9.739087105E0,-1.470090389E0
1.990029125E1,-1.722832322E-1,9.734301567E0,-1.453340650E0
1.990266968E1,-1.866401732E-1,9.746265411E0,-1.450947881E0
1.990504734E1,-1.698904037E-1,9.731908798E0,-1.446162224E0
1.990742500E1,-1.627119333E-1,9.760622978E0,-1.462911963E0
1.990980343E1,-1.722832322E-1,9.731908798E0,-1.460519075E0
1.991218187E1,-1.938186288E-1,9.734301567E0,-1.458126307E0
1.991455953E1,-1.579262912E-1,9.753444672E0,-1.486840129E0
1.991693718E1,-1.698904037E-1,9.751050949E0,-1.477268934E0
1.991931562E1,-1.555334777E-1,9.736694336E0,-1.477268934E0
1.992169406E1,-1.507478207E-1,9.758230209E0,-1.479661703E0
1.992407171E1,-1.531406492E-1,9.755837440E0,-1.503589988E0
1.992644937E1,-1.196411327E-1,9.763015747E0,-1.482054472E0
1.992882781E1,-1.363908947E-1,9.767801285E0,-1.515554070E0
1.993120625E1,-1.411765367E-1,9.760622978E0,-1.537089467E0
1.993358390E1,-1.459621787E-1,9.755837440E0,-1.532303810E0
1.993596156E1,-1.531406492E-1,9.760622978E0,-1.534696579E0
1.993834000E1,-1.507478207E-1,9.755837440E0,-1.537089467E0
1.994071843E1,-1.555334777E-1,9.760622978E0,-1.525125384E0
1.994309609E1,-1.722832322E-1,9.758230209E0,-1.522732496E0
1.994547380E1,-1.459621787E-1,9.755837440E0,-1.513161182E0
1.994785224E1,-1.459621787E-1,9.748658180E0,-1.508375525E0
1.995023062E1,-1.603191197E-1,9.772586823E0,-1.496411443E0
1.995260828E1,-1.579262912E-1,9.760622978E0,-1.515554070E0
1.995498598E1,-1.603191197E-1,9.748658180E0,-1.510768414E0
1.995736442E1,-1.627119333E-1,9.748658180E0,-1.505982757E0
1.995974281E1,-1.507478207E-1,9.727123260E0,-1.505982757E0
1.996212046E1,-1.746760458E-1,9.746265411E0,-1.501197100E0
1.996449817E1,-1.746760458E-1,9.729516029E0,-1.515554070E0
1.996687661E1,-1.938186288E-1,9.758230209E0,-1.486840129E0
1.996925500E1,-1.818545163E-1,9.734301567E0,-1.491625786E0
1.997163265E1,-1.770688742E-1,9.736694336E0,-1.501197100E0
1.997401036E1,-1.962114573E-1,9.724730492E0,-1.491625786E0
1.997638880E1,-2.081755698E-1,9.736694336E0,-1.484447360E0
1.997876718E1,-2.081755698E-1,9.715159416E0,-1.486840129E0
1.998114484E1,-1.866401732E-1,9.731908798E0,-1.486840129E0
1.998352255E1,-2.153540403E-1,9.729516029E0,-1.498804331E0
1.998590098E1,-2.129612118E-1,9.731908798E0,-1.491625786E0
1.998827942E1,-2.249253243E-1,9.727123260E0,-1.486840129E0
1.999065708E1,-2.249253243E-1,9.736694336E0,-1.494018674E0
1.999303474E1,-2.297109663E-1,9.741479874E0,-1.501197100E0
1.999541317E1,-2.321037948E-1,9.741479874E0,-1.496411443E0
1.999779161E1,-2.392822653E-1,9.751050949E0,-1.491625786E0
2.000016927E1,-2.368894368E-1,9.751050949E0,-1.496411443E0
2.000254692E1,-2.153540403E-1,9.765408516E0,-1.486840129E0
2.000492536E1,-2.297109663E-1,9.763015747E0,-1.510768414E0
2.000730380E1,-2.225325108E-1,9.748658180E0,-1.508375525E0
2.000968145E1,-2.153540403E-1,9.760622978E0,-1.510768414E0
2.001205911E1,-2.177468538E-1,9.755837440E0,-1.515554070E0
2.001443755E1,-2.225325108E-1,9.753444672E0,-1.501197100E0
2.001681598E1,-2.153540403E-1,9.731908798E0,-1.525125384E0
2.001919364E1,-2.249253243E-1,9.746265411E0,-1.532303810E0
2.002157130E1,-2.177468538E-1,9.746265411E0,-1.539482236E0
2.002394974E1,-2.297109663E-1,9.753444672E0,-1.539482236E0
2.002632817E1,-2.153540403E-1,9.741479874E0,-1.541875124E0
2.002870583E1,-2.177468538E-1,9.753444672E0,-1.558624864E0
2.003108348E1,-2.321037948E-1,9.734301567E0,-1.537089467E0
2.003346192E1,-2.201396823E-1,9.703194618E0,-1.529910922E0
2.003584036E1,-2.368894368E-1,9.734301567E0,-1.529910922E0
2.003821802E1,-2.440679073E-1,9.739087105E0,-1.522732496E0
2.004059567E1,-2.344966233E-1,9.722337723E0,-1.539482236E0
2.004297411E1,-2.440679073E-1,9.722337723E0,-1.510768414E0
2.004535255E1,-2.656033039E-1,9.727123260E0,-1.539482236E0
2.004773020E1,-2.679961324E-1,9.717552185E0,-1.505982757E0
2.005010786E1,-2.608176768E-1,9.755837440E0,-1.534696579E0
2.005248630E1,-2.656033039E-1,9.739087105E0,-1.520339727E0
2.005486474E1,-2.608176768E-1,9.746265411E0,-1.496411443E0
2.005724239E1,-2.608176768E-1,9.743872643E0,-1.513161182E0
2.005962005E1,-2.488535494E-1,9.753444672E0,-1.520339727E0
2.006199848E1,-2.703889608E-1,9.758230209E0,-1.513161182E0
2.006437692E1,-2.632105052E-1,9.736694336E0,-1.515554070E0
2.006675458E1,-2.608176768E-1,9.739087105E0,-1.517946839E0
2.006913224E1,-2.703889608E-1,9.746265411E0,-1.529910922E0
2.007151067E1,-2.656033039E-1,9.724730492E0,-1.544267893E0
2.007388911E1,-2.536391914E-1,9.746265411E0,-1.537089467E0
2.007626677E1,-2.416750938E-1,9.739087105E0,-1.501197100E0
2.007864442E1,-2.321037948E-1,9.755837440E0,-1.532303810E0
2.008102286E1,-2.321037948E-1,9.753444672E0,-1.534696579E0
2.008340130E1,-2.297109663E-1,9.760622978E0,-1.522732496E0
2.008577895E1,-2.321037948E-1,9.755837440E0,-1.527518153E0
2.008815661E1,-2.488535494E-1,9.775279045E0,-1.544267893E0
2.009053505E1,-2.512463629E-1,9.784850121E0,-1.508375525E0
2.009291348E1,-2.297109663E-1,9.787242889E0,-1.537089467E0
2.009529114E1,-2.249253243E-1,9.767801285E0,-1.529910922E0
2.009766880E1,-2.297109663E-1,9.772586823E0,-1.541875124E0
2.010004724E1,-2.081755698E-1,9.760622978E0,-1.561017632E0
2.010242567E1,-2.081755698E-1,9.741479874E0,-1.525125384E0
2.010480333E1,-2.129612118E-1,9.736694336E0,-1.513161182E0
2.010718099E1,-2.177468538E-1,9.743872643E0,-1.520339727E0
2.010955942E1,-2.129612118E-1,9.715159416E0,-1.491625786E0
2.011193786E1,-1.938186288E-1,9.722337723E0,-1.472483277E0
2.011431552E1,-2.105683982E-1,9.698409081E0,-1.482054472E0
2.011669317E1,-2.273181528E-1,9.698409081E0,-1.472483277E0
2.011907161E1,-1.986042857E-1,9.691230774E0,-1.477268934E0
2.012145005E1,-2.009970993E-1,9.681659698E0,-1.467697620E0
2.012382770E1,-1.818545163E-1,9.681659698E0,-1.455733418E0
2.012620536E1,-1.842473447E-1,9.662516594E0,-1.460519075E0
2.012858380E1,-1.866401732E-1,9.669695854E0,-1.462911963E0
2.013096224E1,-1.818545163E-1,9.657731056E0,-1.462911963E0
2.013333989E1,-1.770688742E-1,9.660123825E0,-1.467697620E0
2.013571755E1,-1.794617027E-1,9.674481392E0,-1.470090389E0
2.013809598E1,-1.651047617E-1,9.681659698E0,-1.458126307E0
2.014047442E1,-1.722832322E-1,9.693623543E0,-1.477268934E0
2.014285208E1,-1.507478207E-1,9.669695854E0,-1.484447360E0
2.014522974E1,-1.603191197E-1,9.667302132E0,-1.467697620E0
2.014760817E1,-1.674975902E-1,9.684052467E0,-1.450947881E0
2.014998661E1,-1.603191197E-1,9.715159416E0,-1.467697620E0
2.015236427E1,-1.722832322E-1,9.705587387E0,-1.438983679E0
2.015474192E1,-1.627119333E-1,9.707980156E0,-1.441376567E0
2.015712036E1,-1.531406492E-1,9.688838005E0,-1.441376567E0
2.015949880E1,-1.579262912E-1,9.717552185E0,-1.434198022E0
2.016187645E1,-1.674975902E-1,9.696016312E0,-1.405484200E0
2.016425411E1,-1.555334777E-1,9.688838005E0,-1.419841170E0
2.016663255E1,-1.770688742E-1,9.722337723E0,-1.415055513E0
2.016901098E1,-1.651047617E-1,9.705587387E0,-1.417448282E0
2.017138864E1,-1.674975902E-1,9.710372925E0,-1.431805253E0
2.017376630E1,-1.555334777E-1,9.712766647E0,-1.412662625E0
2.017614474E1,-1.531406492E-1,9.719944954E0,-1.395912886E0
2.017852317E1,-1.411765367E-1,9.741479874E0,-1.412662625E0
2.018090083E1,-1.507478207E-1,9.727123260E0,-1.407876968E0
2.018327849E1,-1.387837082E-1,9.724730492E0,-1.405484200E0
2.018565692E1,-1.363908947E-1,9.724730492E0,-1.383948803E0
2.018803536E1,-1.244267747E-1,9.719944954E0,-1.381555915E0
2.019041302E1,-1.052841991E-1,9.736694336E0,-1.388734460E0
2.019279073E1,-1.148554832E-1,9.734301567E0,-1.383948803E0
2.019516916E1,-1.148554832E-1,9.739087105E0,-1.362413406E0
2.019754755E1,-1.196411327E-1,9.717552185E0,-1.371984720E0
2.019992520E1,-8.135596663E-2,9.719944954E0,-1.379163146E0
2.020230291E1,-7.896314561E-2,9.707980156E0,-1.374377489E0
2.020468135E1,-9.092725813E-2,9.703194618E0,-1.374377489E0
2.020705979E1,-8.374879509E-2,9.731908798E0,-1.374377489E0
2.020943744E1,-7.657032460E-2,9.681659698E0,-1.371984720E0
2.021181510E1,-6.699903309E-2,9.698409081E0,-1.374377489E0
2.021419354E1,-7.417750359E-2,9.712766647E0,-1.379163146E0
2.021657198E1,-7.417750359E-2,9.705587387E0,-1.367199063E0
2.021894963E1,-9.810572863E-2,9.681659698E0,-1.352842093E0
2.022132729E1,-7.896314561E-2,9.710372925E0,-1.386341572E0
2.022370573E1,-1.268195957E-1,9.696016312E0,-1.369591832E0
2.022608416E1,-1.052841991E-1,9.707980156E0,-1.374377489E0
2.022846182E1,-1.172483116E-1,9.703194618E0,-1.383948803E0
2.023083948E1,-9.332008660E-2,9.705587387E0,-1.386341572E0
2.023321791E1,-1.004985496E-1,9.698409081E0,-1.386341572E0
2.023559635E1,-1.172483116E-1,9.705587387E0,-1.364806175E0
2.023797401E1,-1.172483116E-1,9.722337723E0,-1.369591832E0
2.024035166E1,-8.853443712E-2,9.731908798E0,-1.367199063E0
2.024273010E1,-1.124626622E-1,9.731908798E0,-1.379163146E0
2.024510854E1,-9.810572863E-2,9.722337723E0,-1.383948803E0
2.024748619E1,-1.100698411E-1,9.703194618E0,-1.371984720E0
2.024986385E1,-1.100698411E-1,9.731908798E0,-1.343270779E0
2.025224229E1,-1.435693651E-1,9.755837440E0,-1.364806175E0
2.025462073E1,-1.244267747E-1,9.731908798E0,-1.348056436E0
2.025699838E1,-1.483550072E-1,9.698409081E0,-1.355234981E0
2.025937604E1,-1.339980662E-1,9.722337723E0,-1.360020518E0
2.026175448E1,-1.435693651E-1,9.722337723E0,-1.367199063E0
2.026413291E1,-1.435693651E-1,9.731908798E0,-1.355234981E0
2.026651057E1,-1.435693651E-1,9.719944954E0,-1.360020518E0
2.026888822E1,-1.555334777E-1,9.722337723E0,-1.360020518E0
2.027126666E1,-1.507478207E-1,9.739087105E0,-1.355234981E0
2.027364510E1,-1.794617027E-1,9.746265411E0,-1.364806175E0
2.027602276E1,-1.698904037E-1,9.751050949E0,-1.362413406E0
2.027840041E1,-1.746760458E-1,9.719944954E0,-1.391127229E0
2.028077885E1,-1.746760458E-1,9.770194054E0,-1.386341572E0
2.028315729E1,-1.698904037E-1,9.772586823E0,-1.403091431E0
2.028553494E1,-2.105683982E-1,9.775279045E0,-1.386341572E0
2.028791260E1,-1.962114573E-1,9.787242889E0,-1.419841170E0
2.029029104E1,-2.033899277E-1,9.782457352E0,-1.410269856E0
2.029266948E1,-2.249253243E-1,9.784850121E0,-1.412662625E0
2.029504713E1,-2.225325108E-1,9.794421196E0,-1.417448282E0
2.029742479E1,-2.560320199E-1,9.782457352E0,-1.415055513E0
2.029980322E1,-2.488535494E-1,9.787242889E0,-1.391127229E0
2.030218166E1,-2.679961324E-1,9.799206734E0,-1.381555915E0
2.030455932E1,-2.703889608E-1,9.815957069E0,-1.393520117E0
2.030693698E1,-2.775674164E-1,9.799206734E0,-1.374377489E0
2.030931541E1,-2.751746178E-1,9.792028427E0,-1.352842093E0
2.031169385E1,-2.823530734E-1,9.792028427E0,-1.362413406E0
2.031407151E1,-2.847459018E-1,9.801599503E0,-1.367199063E0
2.031644916E1,-2.823530734E-1,9.787242889E0,-1.357627749E0
2.031882760E1,-3.158525825E-1,9.767801285E0,-1.348056436E0
2.032120604E1,-2.967100143E-1,9.770194054E0,-1.321735382E0
2.032358369E1,-2.823530734E-1,9.794421196E0,-1.333699465E0
2.032596135E1,-2.679961324E-1,9.777671814E0,-1.336092353E0
2.032833979E1,-2.775674164E-1,9.792028427E0,-1.328913927E0
2.033071823E1,-2.799602449E-1,9.784850121E0,-1.348056436E0
2.033309588E1,-2.656033039E-1,9.806385040E0,-1.352842093E0
2.033547354E1,-2.727817893E-1,9.796813965E0,-1.343270779E0
2.033785198E1,-2.703889608E-1,9.808777809E0,-1.352842093E0
2.034023041E1,-2.632105052E-1,9.794421196E0,-1.376770377E0
2.034260807E1,-2.823530734E-1,9.825528145E0,-1.379163146E0
2.034498572E1,-2.512463629E-1,9.825528145E0,-1.367199063E0
2.034736416E1,-2.584248483E-1,9.839884758E0,-1.362413406E0
2.034974260E1,-2.584248483E-1,9.811170578E0,-1.391127229E0
2.035212026E1,-2.512463629E-1,9.827920914E0,-1.417448282E0
2.035449791E1,-2.416750938E-1,9.839884758E0,-1.388734460E0
2.035687635E1,-2.249253243E-1,9.823135376E0,-1.381555915E0
2.035925479E1,-2.416750938E-1,9.815957069E0,-1.369591832E0
2.036163244E1,-2.177468538E-1,9.827920914E0,-1.388734460E0
2.036401015E1,-1.986042857E-1,9.849455833E0,-1.388734460E0
2.036638859E1,-2.081755698E-1,9.825528145E0,-1.403091431E0
2.036876698E1,-1.890329868E-1,9.835099220E0,-1.383948803E0
2.037114463E1,-2.057827413E-1,9.818349838E0,-1.398305774E0
2.037352234E1,-1.914258152E-1,9.811170578E0,-1.410269856E0
2.037590078E1,-1.890329868E-1,9.820742607E0,-1.400698543E0
2.037827916E1,-1.914258152E-1,9.811170578E0,-1.379163146E0
2.038065682E1,-1.914258152E-1,9.815957069E0,-1.410269856E0
2.038303453E1,-1.842473447E-1,9.813564301E0,-1.424626827E0
2.038541296E1,-1.746760458E-1,9.775279045E0,-1.400698543E0
2.038779135E1,-1.914258152E-1,9.801599503E0,-1.379163146E0
2.039016901E1,-1.770688742E-1,9.753444672E0,-1.388734460E0
2.039254671E1,-1.507478207E-1,9.784850121E0,-1.381555915E0
2.039492515E1,-1.507478207E-1,9.755837440E0,-1.386341572E0
2.039730354E1,-1.483550072E-1,9.727123260E0,-1.391127229E0
2.039968119E1,-1.555334777E-1,9.746265411E0,-1.403091431E0
2.040205890E1,-1.531406492E-1,9.741479874E0,-1.407876968E0
2.040443734E1,-1.244267747E-1,9.729516029E0,-1.424626827E0
2.040681578E1,-1.292124242E-1,9.727123260E0,-1.419841170E0
2.040919343E1,-1.292124242E-1,9.731908798E0,-1.393520117E0
2.041157109E1,-1.196411327E-1,9.731908798E0,-1.412662625E0
2.041394953E1,-1.076770201E-1,9.736694336E0,-1.441376567E0
2.041632796E1,-8.135596663E-2,9.712766647E0,-1.460519075E0
2.041870562E1,-8.135596663E-2,9.729516029E0,-1.443769336E0
2.042108328E1,-5.264209956E-2,9.746265411E0,-1.458126307E0
2.042346171E1,-5.982056633E-2,9.753444672E0,-1.467697620E0
2.042584015E1,-3.110669367E-2,9.763015747E0,-1.448554993E0
2.042821781E1,-2.153540403E-2,9.780064583E0,-1.477268934E0
2.043059546E1,-1.196411345E-2,9.741479874E0,-1.458126307E0
2.043297390E1,3.589234129E-2,9.748658180E0,-1.465304732E0
2.043535234E1,2.392822690E-2,9.775279045E0,-1.458126307E0
2.043773000E1,5.024927482E-2,9.794421196E0,-1.455733418E0
2.044010765E1,8.883354068E-2,9.770194054E0,-1.489233017E0
2.044248609E1,1.031904742E-1,9.780064583E0,-1.477268934E0
2.044486453E1,1.055833027E-1,9.772586823E0,-1.467697620E0
2.044724218E1,1.175474152E-1,9.746265411E0,-1.474876046E0
2.044961984E1,1.366899908E-1,9.755837440E0,-1.496411443E0
2.045199828E1,1.342971772E-1,9.753444672E0,-1.484447360E0
2.045437671E1,1.414756328E-1,9.731908798E0,-1.486840129E0
2.045675437E1,1.677966863E-1,9.731908798E0,-1.489233017E0
2.045913203E1,1.558325738E-1,9.739087105E0,-1.505982757E0
2.046151046E1,1.630110443E-1,9.734301567E0,-1.489233017E0
2.046388890E1,1.654038578E-1,9.727123260E0,-1.482054472E0
2.046626656E1,1.630110443E-1,9.727123260E0,-1.510768414E0
2.046864421E1,1.773679852E-1,9.736694336E0,-1.503589988E0
2.047102265E1,1.630110443E-1,9.717552185E0,-1.513161182E0
2.047340109E1,1.630110443E-1,9.710372925E0,-1.489233017E0
2.047577874E1,1.582254022E-1,9.736694336E0,-1.496411443E0
2.047815640E1,1.677966863E-1,9.724730492E0,-1.522732496E0
2.048053484E1,1.486541033E-1,9.739087105E0,-1.513161182E0
2.048291328E1,1.558325738E-1,9.741479874E0,-1.513161182E0
2.048529093E1,1.725823283E-1,9.739087105E0,-1.505982757E0
2.048766859E1,1.606182158E-1,9.734301567E0,-1.515554070E0
2.049004703E1,1.606182158E-1,9.753444672E0,-1.544267893E0
2.049242546E1,1.414756328E-1,9.734301567E0,-1.517946839E0
2.049480312E1,1.438684613E-1,9.741479874E0,-1.494018674E0
2.049718078E1,1.414756328E-1,9.715159416E0,-1.496411443E0
2.049955921E1,1.534397453E-1,9.736694336E0,-1.517946839E0
2.050193765E1,1.390828192E-1,9.755837440E0,-1.520339727E0
2.050431531E1,1.247258782E-1,9.741479874E0,-1.496411443E0
2.050669296E1,1.223330572E-1,9.727123260E0,-1.477268934E0
2.050907140E1,1.199402362E-1,9.731908798E0,-1.520339727E0
2.051144984E1,1.103689447E-1,9.731908798E0,-1.498804331E0
2.051382750E1,7.926224917E-2,9.717552185E0,-1.527518153E0
2.051620515E1,8.404789865E-2,9.715159416E0,-1.525125384E0
2.051858359E1,6.251249462E-2,9.707980156E0,-1.546660781E0
2.052096203E1,6.490531564E-2,9.719944954E0,-1.517946839E0
2.052333968E1,6.251249462E-2,9.719944954E0,-1.508375525E0
2.052571739E1,6.251249462E-2,9.717552185E0,-1.510768414E0
2.052809583E1,6.011966988E-2,9.717552185E0,-1.503589988E0
2.053047421E1,6.490531564E-2,9.712766647E0,-1.494018674E0
2.053285187E1,3.828516230E-2,9.715159416E0,-1.522732496E0
2.053522958E1,3.589234129E-2,9.724730492E0,-1.513161182E0
2.053760802E1,4.307080805E-2,9.717552185E0,-1.515554070E0
2.053998640E1,3.349951655E-2,9.710372925E0,-1.529910922E0
2.054236406E1,1.435693540E-2,9.703194618E0,-1.539482236E0
2.054474177E1,-2.392822644E-3,9.722337723E0,-1.537089467E0
2.054712020E1,-9.571290575E-3,9.705587387E0,-1.532303810E0
2.054949859E1,-1.435693540E-2,9.727123260E0,-1.541875124E0
2.055187625E1,-3.589234129E-2,9.717552185E0,-1.568196177E0
2.055425395E1,-4.307080805E-2,9.724730492E0,-1.587338686E0
2.055663239E1,-8.135596663E-2,9.707980156E0,-1.580160260E0
2.055901078E1,-6.939185411E-2,9.741479874E0,-1.582553029E0
2.056138843E1,-8.374879509E-2,9.731908798E0,-1.587338686E0
2.056376614E1,-1.052841991E-1,9.739087105E0,-1.572981834E0
2.056614458E1,-1.148554832E-1,9.739087105E0,-1.558624864E0
2.056852302E1,-1.459621787E-1,9.748658180E0,-1.599302888E0
2.057090067E1,-1.698904037E-1,9.741479874E0,-1.575374603E0
2.057327833E1,-1.674975902E-1,9.746265411E0,-1.584945917E0
2.057565677E1,-1.914258152E-1,9.734301567E0,-1.599302888E0
2.057803520E1,-2.057827413E-1,9.729516029E0,-1.584945917E0
2.058041286E1,-2.249253243E-1,9.734301567E0,-1.596910000E0
2.058279052E1,-2.440679073E-1,9.700801849E0,-1.584945917E0
2.058516895E1,-2.679961324E-1,9.724730492E0,-1.608874083E0
2.058754739E1,-2.584248483E-1,9.715159416E0,-1.584945917E0
2.058992505E1,-2.775674164E-1,9.696016312E0,-1.589731574E0
2.059230270E1,-2.943171859E-1,9.705587387E0,-1.592124343E0
2.059468114E1,-2.895315289E-1,9.705587387E0,-1.587338686E0
2.059705958E1,-3.230310678E-1,9.705587387E0,-1.589731574E0
2.059943724E1,-3.062812984E-1,9.707980156E0,-1.601695657E0
2.060181489E1,-3.302095234E-1,9.717552185E0,-1.568196177E0
2.060419333E1,-3.278166950E-1,9.717552185E0,-1.589731574E0
2.060657177E1,-3.565305769E-1,9.686445236E0,-1.565803289E0
2.060894942E1,-3.493520916E-1,9.722337723E0,-1.587338686E0
2.061132708E1,-3.589234054E-1,9.705587387E0,-1.563410521E0
2.061370552E1,-3.637090325E-1,9.715159416E0,-1.565803289E0
2.061608395E1,-3.661018610E-1,9.715159416E0,-1.594517231E0
2.061846161E1,-3.684946895E-1,9.724730492E0,-1.601695657E0
2.062083927E1,-3.541377485E-1,9.741479874E0,-1.580160260E0
2.062321770E1,-3.637090325E-1,9.736694336E0,-1.565803289E0
2.062559614E1,-3.637090325E-1,9.739087105E0,-1.575374603E0
2.062797380E1,-3.589234054E-1,9.746265411E0,-1.570588946E0
2.063035145E1,-3.493520916E-1,9.739087105E0,-1.570588946E0
2.063272989E1,-3.517449200E-1,9.724730492E0,-1.582553029E0
2.063510833E1,-3.613162339E-1,9.741479874E0,-1.604088426E0
2.063748598E1,-3.613162339E-1,9.739087105E0,-1.594517231E0
2.063986364E1,-3.613162339E-1,9.739087105E0,-1.608874083E0
2.064224208E1,-3.684946895E-1,9.731908798E0,-1.613659739E0
2.064462052E1,-3.565305769E-1,9.722337723E0,-1.620838284E0
2.064699817E1,-3.541377485E-1,9.724730492E0,-1.620838284E0
2.064937583E1,-3.756731451E-1,9.724730492E0,-1.625623941E0
2.065175427E1,-3.756731451E-1,9.717552185E0,-1.630409479E0
2.065413270E1,-3.732803464E-1,9.729516029E0,-1.637588024E0
2.065651036E1,-3.684946895E-1,9.734301567E0,-1.608874083E0
2.065888802E1,-3.684946895E-1,9.722337723E0,-1.608874083E0
2.066126645E1,-3.708875179E-1,9.724730492E0,-1.623231053E0
2.066364489E1,-3.900300860E-1,9.734301567E0,-1.618445396E0
2.066602255E1,-4.019941986E-1,9.736694336E0,-1.630409479E0
2.066840020E1,-4.187439680E-1,9.731908798E0,-1.625623941E0
2.067077864E1,-4.187439680E-1,9.724730492E0,-1.616052628E0
2.067315708E1,-4.378865361E-1,9.700801849E0,-1.606481314E0
2.067553474E1,-4.642075896E-1,9.705587387E0,-1.628016710E0
2.067791239E1,-4.689932466E-1,9.686445236E0,-1.604088426E0
2.068029083E1,-4.642075896E-1,9.696016312E0,-1.599302888E0
2.068266927E1,-4.833501875E-1,9.686445236E0,-1.596910000E0
2.068504692E1,-4.594219327E-1,9.693623543E0,-1.613659739E0
2.068742463E1,-4.737788737E-1,9.674481392E0,-1.604088426E0
2.068980307E1,-4.809573591E-1,9.681659698E0,-1.592124343E0
2.069218145E1,-4.761717021E-1,9.693623543E0,-1.596910000E0
2.069455911E1,-4.785645306E-1,9.657731056E0,-1.601695657E0
2.069693677E1,-4.785645306E-1,9.669695854E0,-1.575374603E0
2.069931520E1,-5.024927258E-1,9.648159981E0,-1.582553029E0
2.070169364E1,-4.881358147E-1,9.672088623E0,-1.551446438E0
2.070407130E1,-4.474578202E-1,9.679266930E0,-1.577767372E0
2.070644901E1,-4.666004181E-1,9.660123825E0,-1.572981834E0
2.070882744E1,-4.570291340E-1,9.662516594E0,-1.572981834E0
2.071120583E1,-4.737788737E-1,9.669695854E0,-1.565803289E0
2.071358348E1,-4.474578202E-1,9.655338287E0,-1.580160260E0
2.071596119E1,-4.331009090E-1,9.664909363E0,-1.570588946E0
2.071833963E1,-4.211367965E-1,9.667302132E0,-1.570588946E0
2.072071807E1,-4.354937077E-1,9.648159981E0,-1.580160260E0
2.072309572E1,-4.163511395E-1,9.657731056E0,-1.563410521E0
2.072547338E1,-3.948157430E-1,9.672088623E0,-1.572981834E0
2.072785182E1,-3.948157430E-1,9.691230774E0,-1.551446438E0
2.073023026E1,-3.828516304E-1,9.700801849E0,-1.563410521E0
2.073260791E1,-3.637090325E-1,9.717552185E0,-1.570588946E0
2.073498557E1,-3.684946895E-1,9.727123260E0,-1.544267893E0
2.073736401E1,-3.589234054E-1,9.719944954E0,-1.544267893E0
2.073974244E1,-3.206382394E-1,9.715159416E0,-1.558624864E0
2.074212010E1,-3.302095234E-1,9.746265411E0,-1.570588946E0
2.074449776E1,-3.349951804E-1,9.770194054E0,-1.556231976E0
2.074687619E1,-3.278166950E-1,9.772586823E0,-1.556231976E0
2.074925463E1,-3.206382394E-1,9.772586823E0,-1.565803289E0
2.075163229E1,-3.158525825E-1,9.777671814E0,-1.561017632E0
2.075400994E1,-2.919243574E-1,9.763015747E0,-1.558624864E0
2.075638838E1,-2.895315289E-1,9.753444672E0,-1.577767372E0
2.075876682E1,-2.943171859E-1,9.772586823E0,-1.580160260E0
2.076114448E1,-2.919243574E-1,9.758230209E0,-1.587338686E0
2.076352213E1,-2.775674164E-1,9.760622978E0,-1.606481314E0
2.076590057E1,-2.727817893E-1,9.755837440E0,-1.613659739E0
2.076827901E1,-2.608176768E-1,9.743872643E0,-1.596910000E0
2.077065666E1,-2.775674164E-1,9.753444672E0,-1.606481314E0
2.077303432E1,-2.632105052E-1,9.763015747E0,-1.628016710E0
2.077541276E1,-2.464607358E-1,9.731908798E0,-1.625623941E0
2.077779119E1,-2.584248483E-1,9.772586823E0,-1.654337764E0
2.078016885E1,-2.297109663E-1,9.746265411E0,-1.639980793E0
2.078254651E1,-2.368894368E-1,9.753444672E0,-1.642373681E0
2.078492494E1,-2.368894368E-1,9.758230209E0,-1.647159338E0
2.078730338E1,-2.488535494E-1,9.734301567E0,-1.656730533E0
2.078968104E1,-2.440679073E-1,9.729516029E0,-1.659123421E0
2.079205869E1,-2.344966233E-1,9.743872643E0,-1.649552107E0
2.079443713E1,-2.416750938E-1,9.734301567E0,-1.649552107E0
2.079681557E1,-2.440679073E-1,9.734301567E0,-1.656730533E0
2.079919322E1,-2.225325108E-1,9.722337723E0,-1.661516190E0
2.080157088E1,-2.249253243E-1,9.722337723E0,-1.659123421E0
2.080394932E1,-2.201396823E-1,9.719944954E0,-1.663909078E0
2.080632776E1,-2.273181528E-1,9.736694336E0,-1.654337764E0
2.080870541E1,-2.033899277E-1,9.753444672E0,-1.673480392E0
2.081108307E1,-2.009970993E-1,9.724730492E0,-1.647159338E0
2.081346151E1,-2.009970993E-1,9.712766647E0,-1.659123421E0
2.081583994E1,-2.081755698E-1,9.703194618E0,-1.651944876E0
2.081821760E1,-1.914258152E-1,9.696016312E0,-1.628016710E0
2.082059526E1,-2.201396823E-1,9.710372925E0,-1.625623941E0
2.082297369E1,-1.986042857E-1,9.700801849E0,-1.651944876E0
2.082535213E1,-1.890329868E-1,9.684052467E0,-1.637588024E0
2.082772979E1,-1.842473447E-1,9.686445236E0,-1.642373681E0
2.083010744E1,-1.890329868E-1,9.719944954E0,-1.675873160E0
2.083248588E1,-1.890329868E-1,9.729516029E0,-1.644766450E0
2.083486432E1,-1.938186288E-1,9.707980156E0,-1.651944876E0
2.083724198E1,-2.033899277E-1,9.710372925E0,-1.644766450E0
2.083961963E1,-2.057827413E-1,9.705587387E0,-1.630409479E0
2.084199807E1,-2.081755698E-1,9.717552185E0,-1.647159338E0
2.084437651E1,-2.225325108E-1,9.700801849E0,-1.644766450E0
2.084675416E1,-2.201396823E-1,9.722337723E0,-1.644766450E0
2.084913182E1,-2.129612118E-1,9.703194618E0,-1.639980793E0
2.085151026E1,-2.057827413E-1,9.734301567E0,-1.678265929E0
2.085388869E1,-2.009970993E-1,9.734301567E0,-1.683051586E0
2.085626635E1,-2.057827413E-1,9.746265411E0,-1.651944876E0
2.085864406E1,-1.866401732E-1,9.751050949E0,-1.666301847E0
2.086102250E1,-2.297109663E-1,9.741479874E0,-1.668694735E0
2.086340088E1,-2.105683982E-1,9.755837440E0,-1.685444474E0
2.086577854E1,-2.009970993E-1,9.775279045E0,-1.685444474E0
2.086815624E1,-2.321037948E-1,9.765408516E0,-1.673480392E0
2.087053468E1,-2.321037948E-1,9.772586823E0,-1.683051586E0
2.087291312E1,-2.201396823E-1,9.782457352E0,-1.661516190E0
2.087529078E1,-2.225325108E-1,9.780064583E0,-1.663909078E0
2.087766843E1,-2.201396823E-1,9.770194054E0,-1.680658817E0
2.088004687E1,-2.225325108E-1,9.770194054E0,-1.673480392E0
2.088242531E1,-2.392822653E-1,9.784850121E0,-1.680658817E0
2.088480296E1,-2.440679073E-1,9.758230209E0,-1.692622900E0
2.088718062E1,-2.440679073E-1,9.770194054E0,-1.685444474E0
2.088955906E1,-2.488535494E-1,9.787242889E0,-1.666301847E0
2.089193750E1,-2.392822653E-1,9.784850121E0,-1.661516190E0
2.089431515E1,-2.368894368E-1,9.787242889E0,-1.675873160E0
2.089669281E1,-2.368894368E-1,9.746265411E0,-1.685444474E0
2.089907125E1,-2.249253243E-1,9.770194054E0,-1.678265929E0
2.090144968E1,-2.536391914E-1,9.753444672E0,-1.695015788E0
2.090382734E1,-2.488535494E-1,9.748658180E0,-1.699801445E0
2.090620500E1,-2.536391914E-1,9.753444672E0,-1.685444474E0
2.090858343E1,-2.656033039E-1,9.753444672E0,-1.687837243E0
2.091096187E1,-2.416750938E-1,9.751050949E0,-1.668694735E0
2.091333953E1,-2.392822653E-1,9.753444672E0,-1.697408557E0
2.091571718E1,-2.608176768E-1,9.748658180E0,-1.718943954E0
2.091809562E1,-2.440679073E-1,9.731908798E0,-1.716551185E0
2.092047406E1,-2.512463629E-1,9.731908798E0,-1.709372640E0
2.092285171E1,-2.727817893E-1,9.739087105E0,-1.695015788E0
2.092522937E1,-2.799602449E-1,9.727123260E0,-1.716551185E0
2.092760781E1,-2.703889608E-1,9.739087105E0,-1.706979871E0
2.092998625E1,-2.871387303E-1,9.734301567E0,-1.738086581E0
2.093236390E1,-3.062812984E-1,9.727123260E0,-1.723729610E0
2.093474156E1,-3.014956415E-1,9.705587387E0,-1.721336842E0
2.093712000E1,-3.086741269E-1,9.698409081E0,-1.718943954E0
2.093949843E1,-3.230310678E-1,9.698409081E0,-1.745265007E0
2.094187609E1,-3.110669553E-1,9.698409081E0,-1.747956991E0
2.094425374E1,-3.134597540E-1,9.676874161E0,-1.718943954E0
2.094663218E1,-3.182454109E-1,9.712766647E0,-1.726122379E0
2.094901062E1,-3.326023519E-1,9.691230774E0,-1.716551185E0
2.095138828E1,-3.445664644E-1,9.686445236E0,-1.745265007E0
2.095376593E1,-3.230310678E-1,9.672088623E0,-1.728515267E0
2.095614437E1,-3.349951804E-1,9.676874161E0,-1.738086581E0
2.095852281E1,-3.373879790E-1,9.672088623E0,-1.728515267E0
2.096090046E1,-3.493520916E-1,9.660123825E0,-1.723729610E0
2.096327812E1,-3.349951804E-1,9.655338287E0,-1.721336842E0
2.096565656E1,-3.349951804E-1,9.676874161E0,-1.718943954E0
2.096803500E1,-3.469592929E-1,9.650552750E0,-1.692622900E0
2.097041265E1,-3.421736360E-1,9.657731056E0,-1.716551185E0
2.097279031E1,-3.661018610E-1,9.648159981E0,-1.702194214E0
2.097516874E1,-3.661018610E-1,9.650552750E0,-1.685444474E0
2.097754718E1,-3.541377485E-1,9.645767212E0,-1.692622900E0
2.097992484E1,-3.708875179E-1,9.629017830E0,-1.690230131E0
2.098230250E1,-3.541377485E-1,9.660123825E0,-1.680658817E0
2.098468093E1,-3.469592929E-1,9.655338287E0,-1.697408557E0
2.098705937E1,-3.541377485E-1,9.648159981E0,-1.699801445E0
2.098943703E1,-3.613162339E-1,9.660123825E0,-1.706979871E0
2.099181468E1,-3.613162339E-1,9.640981674E0,-1.711765528E0
2.099419312E1,-3.613162339E-1,9.633803368E0,-1.692622900E0
2.099657156E1,-3.852444589E-1,9.645767212E0,-1.718943954E0
2.099894921E1,-3.684946895E-1,9.645767212E0,-1.721336842E0
2.100132692E1,-3.661018610E-1,9.638588905E0,-1.699801445E0
2.100370536E1,-3.708875179E-1,9.657731056E0,-1.733300924E0
2.100608374E1,-3.852444589E-1,9.655338287E0,-1.735693693E0
2.100846140E1,-3.804588020E-1,9.633803368E0,-1.735693693E0
2.101083911E1,-3.780659735E-1,9.652945518E0,-1.730908036E0
2.101321755E1,-3.804588020E-1,9.650552750E0,-1.745265007E0
2.101559598E1,-3.948157430E-1,9.652945518E0,-1.726122379E0
2.101797364E1,-3.876372576E-1,9.672088623E0,-1.714158297E0
2.102035130E1,-3.972085714E-1,9.657731056E0,-1.742872238E0
2.102272974E1,-4.115654826E-1,9.655338287E0,-1.762313843E0
2.102510817E1,-4.019941986E-1,9.676874161E0,-1.750349760E0
2.102748583E1,-4.115654826E-1,9.672088623E0,-1.759921074E0
2.102986348E1,-4.283152521E-1,9.669695854E0,-1.757528186E0
2.103224192E1,-4.522434771E-1,9.684052467E0,-1.750349760E0
2.103462036E1,-4.331009090E-1,9.662516594E0,-1.745265007E0
2.103699802E1,-4.331009090E-1,9.681659698E0,-1.776670814E0
2.103937567E1,-4.498506486E-1,9.669695854E0,-1.757528186E0
2.104175411E1,-4.618147612E-1,9.691230774E0,-1.764706731E0
2.104413255E1,-4.666004181E-1,9.693623543E0,-1.769492388E0
2.104651020E1,-4.618147612E-1,9.681659698E0,-1.774278045E0
2.104888786E1,-4.737788737E-1,9.688838005E0,-1.752742529E0
2.105126630E1,-4.953143001E-1,9.698409081E0,-1.769492388E0
2.105364474E1,-5.024927258E-1,9.698409081E0,-1.733300924E0
2.105602239E1,-4.809573591E-1,9.696016312E0,-1.745265007E0
2.105840005E1,-4.809573591E-1,9.698409081E0,-1.769492388E0
2.106077848E1,-4.809573591E-1,9.715159416E0,-1.755135417E0
2.106315692E1,-4.953143001E-1,9.698409081E0,-1.755135417E0
2.106553458E1,-4.881358147E-1,9.698409081E0,-1.759921074E0
2.106791224E1,-4.713860750E-1,9.698409081E0,-1.774278045E0
2.107029067E1,-4.929214716E-1,9.688838005E0,-1.747956991E0
2.107266911E1,-4.761717021E-1,9.700801849E0,-1.759921074E0
2.107504677E1,-4.905286431E-1,9.719944954E0,-1.779063582E0
2.107742442E1,-4.929214716E-1,9.684052467E0,-1.774278045E0
2.107980286E1,-4.713860750E-1,9.693623543E0,-1.738086581E0
2.108218130E1,-4.977070987E-1,9.664909363E0,-1.730908036E0
2.108455895E1,-5.000999570E-1,9.681659698E0,-1.730908036E0
2.108693661E1,-4.977070987E-1,9.662516594E0,-1.752742529E0
2.108931505E1,-5.099703074E-1,9.650552750E0,-1.730908036E0
2.109169348E1,-5.267201066E-1,9.664909363E0,-1.740479350E0
2.109407114E1,-5.291129351E-1,9.652945518E0,-1.759921074E0
2.109644880E1,-5.171487927E-1,9.640981674E0,-1.730908036E0
2.109882724E1,-5.338985324E-1,9.674481392E0,-1.735693693E0
2.110120567E1,-5.195416212E-1,9.640981674E0,-1.755135417E0
2.110358333E1,-5.051847100E-1,9.638588905E0,-1.757528186E0
2.110596099E1,-5.123631358E-1,9.672088623E0,-1.738086581E0
2.110833942E1,-5.123631358E-1,9.652945518E0,-1.767099500E0
2.111071786E1,-5.000999570E-1,9.655338287E0,-1.745265007E0
2.111309552E1,-5.219344497E-1,9.657731056E0,-1.752742529E0
2.111547317E1,-4.905286431E-1,9.672088623E0,-1.755135417E0
2.111785161E1,-4.761717021E-1,9.691230774E0,-1.747956991E0
2.112023005E1,-4.953143001E-1,9.676874161E0,-1.762313843E0
2.112260770E1,-4.881358147E-1,9.688838005E0,-1.740479350E0
2.112498536E1,-4.761717021E-1,9.688838005E0,-1.745265007E0
2.112736380E1,-4.498506486E-1,9.698409081E0,-1.723729610E0
2.112974224E1,-4.761717021E-1,9.710372925E0,-1.714158297E0
2.113211989E1,-4.666004181E-1,9.703194618E0,-1.742872238E0
2.113449755E1,-4.689932466E-1,9.696016312E0,-1.716551185E0
2.113687598E1,-4.713860750E-1,9.715159416E0,-1.738086581E0
2.113925442E1,-4.761717021E-1,9.712766647E0,-1.755135417E0
2.114163208E1,-4.689932466E-1,9.712766647E0,-1.721336842E0
2.114400979E1,-4.546363056E-1,9.717552185E0,-1.733300924E0
2.114638823E1,-4.666004181E-1,9.712766647E0,-1.745265007E0
2.114876661E1,-4.594219327E-1,9.703194618E0,-1.704586983E0
2.115114427E1,-4.618147612E-1,9.712766647E0,-1.738086581E0
2.115352198E1,-4.666004181E-1,9.710372925E0,-1.733300924E0
2.115590041E1,-4.570291340E-1,9.715159416E0,-1.728515267E0
2.115827880E1,-4.546363056E-1,9.719944954E0,-1.740479350E0
2.116065645E1,-4.546363056E-1,9.719944954E0,-1.742872238E0
2.116303416E1,-4.498506486E-1,9.719944954E0,-1.714158297E0
2.116541260E1,-4.354937077E-1,9.707980156E0,-1.747956991E0
2.116779104E1,-4.402793646E-1,9.722337723E0,-1.721336842E0
2.117016869E1,-4.402793646E-1,9.736694336E0,-1.733300924E0
2.117254635E1,-4.618147612E-1,9.727123260E0,-1.730908036E0
2.117492479E1,-4.402793646E-1,9.727123260E0,-1.718943954E0
2.117730323E1,-4.402793646E-1,9.717552185E0,-1.735693693E0
2.117968088E1,-4.259224236E-1,9.753444672E0,-1.728515267E0
2.118205854E1,-4.115654826E-1,9.746265411E0,-1.704586983E0
2.118443698E1,-4.211367965E-1,9.727123260E0,-1.716551185E0
2.118681541E1,-4.211367965E-1,9.736694336E0,-1.728515267E0
2.118919307E1,-4.043870270E-1,9.748658180E0,-1.740479350E0
2.119157073E1,-4.163511395E-1,9.739087105E0,-1.745265007E0
2.119394916E1,-4.235295951E-1,9.739087105E0,-1.730908036E0
2.119632760E1,-3.804588020E-1,9.748658180E0,-1.723729610E0
2.119870526E1,-3.924229145E-1,9.751050949E0,-1.733300924E0
2.120108291E1,-3.828516304E-1,9.739087105E0,-1.755135417E0
2.120346135E1,-3.732803464E-1,9.724730492E0,-1.728515267E0
2.120583979E1,-3.565305769E-1,9.724730492E0,-1.735693693E0
2.120821744E1,-3.565305769E-1,9.717552185E0,-1.745265007E0
2.121059510E1,-3.637090325E-1,9.717552185E0,-1.730908036E0
2.121297354E1,-3.708875179E-1,9.707980156E0,-1.755135417E0
2.121535198E1,-3.589234054E-1,9.703194618E0,-1.747956991E0
2.121772963E1,-3.637090325E-1,9.693623543E0,-1.757528186E0
2.122010729E1,-3.421736360E-1,9.691230774E0,-1.702194214E0
2.122248573E1,-3.349951804E-1,9.700801849E0,-1.723729610E0
2.122486416E1,-3.326023519E-1,9.688838005E0,-1.716551185E0
2.122724182E1,-3.469592929E-1,9.676874161E0,-1.718943954E0
2.122961948E1,-3.445664644E-1,9.686445236E0,-1.695015788E0
2.123199791E1,-3.278166950E-1,9.686445236E0,-1.683051586E0
2.123437635E1,-2.991028428E-1,9.710372925E0,-1.690230131E0
2.123675401E1,-3.062812984E-1,9.703194618E0,-1.706979871E0
2.123913166E1,-2.871387303E-1,9.693623543E0,-1.697408557E0
2.124151010E1,-2.799602449E-1,9.705587387E0,-1.687837243E0
2.124388854E1,-2.799602449E-1,9.698409081E0,-1.692622900E0
2.124626619E1,-2.727817893E-1,9.703194618E0,-1.699801445E0
2.124864385E1,-2.847459018E-1,9.698409081E0,-1.675873160E0
2.125102229E1,-2.703889608E-1,9.691230774E0,-1.702194214E0
2.125340073E1,-2.560320199E-1,9.681659698E0,-1.702194214E0
2.125577838E1,-2.392822653E-1,9.672088623E0,-1.690230131E0
2.125815604E1,-2.297109663E-1,9.676874161E0,-1.699801445E0
2.126053448E1,-2.488535494E-1,9.676874161E0,-1.699801445E0
2.126291291E1,-2.656033039E-1,9.684052467E0,-1.675873160E0
2.126529057E1,-2.703889608E-1,9.681659698E0,-1.697408557E0
2.126766822E1,-2.632105052E-1,9.707980156E0,-1.697408557E0
2.127004666E1,-2.751746178E-1,9.703194618E0,-1.690230131E0
2.127242510E1,-2.656033039E-1,9.686445236E0,-1.699801445E0
2.127480276E1,-2.703889608E-1,9.703194618E0,-1.704586983E0
2.127718046E1,-2.703889608E-1,9.712766647E0,-1.692622900E0
2.127955890E1,-3.134597540E-1,9.688838005E0,-1.695015788E0
2.128193729E1,-2.943171859E-1,9.712766647E0,-1.695015788E0
2.128431494E1,-2.919243574E-1,9.715159416E0,-1.683051586E0
2.128669260E1,-3.038884699E-1,9.707980156E0,-1.675873160E0
2.128907104E1,-2.991028428E-1,9.707980156E0,-1.699801445E0
2.129144948E1,-2.943171859E-1,9.715159416E0,-1.685444474E0
2.129382713E1,-3.230310678E-1,9.715159416E0,-1.690230131E0
2.129620479E1,-3.014956415E-1,9.693623543E0,-1.671087503E0
2.129858322E1,-3.062812984E-1,9.703194618E0,-1.683051586E0
2.130096171E1,-2.991028428E-1,9.700801849E0,-1.678265929E0
2.130333937E1,-2.967100143E-1,9.696016312E0,-1.668694735E0
2.130571703E1,-2.967100143E-1,9.715159416E0,-1.690230131E0
2.130809546E1,-3.062812984E-1,9.712766647E0,-1.680658817E0
2.131047385E1,-3.086741269E-1,9.698409081E0,-1.678265929E0
2.131285151E1,-3.182454109E-1,9.707980156E0,-1.663909078E0
2.131522921E1,-3.158525825E-1,9.712766647E0,-1.675873160E0
2.131760765E1,-2.943171859E-1,9.719944954E0,-1.678265929E0
2.131998609E1,-3.014956415E-1,9.717552185E0,-1.666301847E0
2.132236374E1,-2.919243574E-1,9.715159416E0,-1.687837243E0
2.132474140E1,-3.014956415E-1,9.696016312E0,-1.685444474E0
2.132711984E1,-3.086741269E-1,9.727123260E0,-1.687837243E0
2.132949828E1,-3.014956415E-1,9.710372925E0,-1.692622900E0
2.133187593E1,-3.278166950E-1,9.727123260E0,-1.709372640E0
2.133425359E1,-3.014956415E-1,9.724730492E0,-1.699801445E0
2.133663203E1,-2.991028428E-1,9.739087105E0,-1.699801445E0
2.133901046E1,-3.230310678E-1,9.751050949E0,-1.733300924E0
2.134138812E1,-3.445664644E-1,9.734301567E0,-1.730908036E0
2.134376578E1,-3.469592929E-1,9.710372925E0,-1.711765528E0
2.134614421E1,-3.445664644E-1,9.727123260E0,-1.711765528E0
2.134852265E1,-3.637090325E-1,9.729516029E0,-1.702194214E0
2.135090031E1,-3.565305769E-1,9.724730492E0,-1.714158297E0
2.135327796E1,-3.708875179E-1,9.715159416E0,-1.721336842E0
2.135565640E1,-3.876372576E-1,9.698409081E0,-1.695015788E0
2.135803484E1,-3.732803464E-1,9.722337723E0,-1.702194214E0
2.136041250E1,-3.732803464E-1,9.707980156E0,-1.692622900E0
2.136279015E1,-3.780659735E-1,9.715159416E0,-1.714158297E0
2.136516859E1,-3.708875179E-1,9.698409081E0,-1.723729610E0
2.136754703E1,-3.900300860E-1,9.717552185E0,-1.721336842E0
2.136992468E1,-3.948157430E-1,9.715159416E0,-1.695015788E0
2.137230234E1,-3.924229145E-1,9.712766647E0,-1.699801445E0
2.137468078E1,-4.019941986E-1,9.715159416E0,-1.690230131E0
2.137705921E1,-3.876372576E-1,9.724730492E0,-1.685444474E0
2.137943687E1,-3.804588020E-1,9.717552185E0,-1.699801445E0
2.138181453E1,-3.804588020E-1,9.705587387E0,-1.714158297E0
2.138419296E1,-3.828516304E-1,9.727123260E0,-1.718943954E0
2.138657140E1,-3.900300860E-1,9.717552185E0,-1.718943954E0
2.138894906E1,-3.756731451E-1,9.736694336E0,-1.690230131E0
2.139132671E1,-3.708875179E-1,9.729516029E0,-1.702194214E0
2.139370515E1,-3.661018610E-1,9.710372925E0,-1.699801445E0
2.139608359E1,-3.661018610E-1,9.734301567E0,-1.692622900E0
2.139846124E1,-3.469592929E-1,9.727123260E0,-1.678265929E0
2.140083890E1,-3.637090325E-1,9.717552185E0,-1.692622900E0
2.140321734E1,-3.517449200E-1,9.727123260E0,-1.692622900E0
2.140559578E1,-3.613162339E-1,9.693623543E0,-1.675873160E0
2.140797343E1,-3.517449200E-1,9.698409081E0,-1.673480392E0
2.141035109E1,-3.517449200E-1,9.691230774E0,-1.697408557E0
2.141272953E1,-3.278166950E-1,9.693623543E0,-1.680658817E0
2.141510796E1,-3.517449200E-1,9.688838005E0,-1.671087503E0
2.141748562E1,-3.493520916E-1,9.676874161E0,-1.675873160E0
2.141986333E1,-3.397808075E-1,9.669695854E0,-1.723729610E0
2.142224177E1,-3.613162339E-1,9.691230774E0,-1.733300924E0
2.142462015E1,-3.589234054E-1,9.669695854E0,-1.716551185E0
2.142699781E1,-3.421736360E-1,9.662516594E0,-1.678265929E0
2.142937552E1,-3.421736360E-1,9.676874161E0,-1.692622900E0
2.143175395E1,-3.541377485E-1,9.655338287E0,-1.699801445E0
2.143413234E1,-3.541377485E-1,9.681659698E0,-1.706979871E0
2.143651000E1,-3.421736360E-1,9.681659698E0,-1.683051586E0
2.143888770E1,-3.493520916E-1,9.657731056E0,-1.704586983E0
2.144126614E1,-3.613162339E-1,9.662516594E0,-1.706979871E0
2.144364458E1,-3.445664644E-1,9.664909363E0,-1.723729610E0
2.144602224E1,-3.493520916E-1,9.674481392E0,-1.718943954E0
2.144839989E1,-3.278166950E-1,9.667302132E0,-1.740479350E0
2.145077833E1,-3.349951804E-1,9.684052467E0,-1.723729610E0
2.145315677E1,-3.613162339E-1,9.698409081E0,-1.709372640E0
2.145553442E1,-3.565305769E-1,9.662516594E0,-1.711765528E0
2.145791208E1,-3.517449200E-1,9.676874161E0,-1.733300924E0
2.146029052E1,-3.565305769E-1,9.681659698E0,-1.721336842E0
2.146266895E1,-3.541377485E-1,9.703194618E0,-1.718943954E0
2.146504661E1,-3.397808075E-1,9.710372925E0,-1.733300924E0
2.146742427E1,-3.517449200E-1,9.715159416E0,-1.716551185E0
2.146980270E1,-3.541377485E-1,9.674481392E0,-1.714158297E0
2.147218114E1,-3.445664644E-1,9.698409081E0,-1.726122379E0
2.147455880E1,-3.541377485E-1,9.729516029E0,-1.704586983E0
2.147693645E1,-3.517449200E-1,9.729516029E0,-1.721336842E0
2.147931489E1,-3.373879790E-1,9.715159416E0,-1.699801445E0
2.148169333E1,-3.565305769E-1,9.722337723E0,-1.723729610E0
2.148407099E1,-3.445664644E-1,9.741479874E0,-1.699801445E0
2.148644864E1,-3.278166950E-1,9.698409081E0,-1.709372640E0
2.148882708E1,-3.349951804E-1,9.724730492E0,-1.709372640E0
2.149120552E1,-3.541377485E-1,9.717552185E0,-1.726122379E0
2.149358317E1,-3.637090325E-1,9.705587387E0,-1.738086581E0
2.149596083E1,-3.589234054E-1,9.710372925E0,-1.747956991E0
2.149833927E1,-3.613162339E-1,9.722337723E0,-1.755135417E0
2.150071770E1,-3.684946895E-1,9.727123260E0,-1.759921074E0
2.150309536E1,-3.756731451E-1,9.722337723E0,-1.769492388E0
2.150547302E1,-3.948157430E-1,9.712766647E0,-1.783849239E0
2.150785145E1,-4.019941986E-1,9.717552185E0,-1.781456470E0
2.151022989E1,-3.948157430E-1,9.719944954E0,-1.745265007E0
2.151260755E1,-4.139583111E-1,9.707980156E0,-1.745265007E0
2.151498520E1,-4.283152521E-1,9.703194618E0,-1.783849239E0
2.151736364E1,-4.235295951E-1,9.707980156E0,-1.755135417E0
2.151974208E1,-4.211367965E-1,9.698409081E0,-1.759921074E0
2.152211974E1,-4.378865361E-1,9.703194618E0,-1.752742529E0
2.152449739E1,-4.522434771E-1,9.691230774E0,-1.755135417E0
2.152687583E1,-4.354937077E-1,9.693623543E0,-1.742872238E0
2.152925427E1,-4.402793646E-1,9.691230774E0,-1.723729610E0
2.153163192E1,-4.283152521E-1,9.691230774E0,-1.716551185E0
2.153400958E1,-4.211367965E-1,9.722337723E0,-1.702194214E0
2.153638802E1,-4.115654826E-1,9.703194618E0,-1.709372640E0
2.153876645E1,-3.948157430E-1,9.703194618E0,-1.721336842E0
2.154114411E1,-4.139583111E-1,9.705587387E0,-1.718943954E0
2.154352177E1,-3.924229145E-1,9.715159416E0,-1.740479350E0
2.154590020E1,-3.876372576E-1,9.700801849E0,-1.709372640E0
2.154827864E1,-3.828516304E-1,9.712766647E0,-1.709372640E0
2.155065630E1,-3.661018610E-1,9.715159416E0,-1.740479350E0
2.155303395E1,-3.613162339E-1,9.722337723E0,-1.728515267E0
2.155541239E1,-3.732803464E-1,9.719944954E0,-1.730908036E0
2.155779083E1,-3.637090325E-1,9.705587387E0,-1.755135417E0
2.156016849E1,-3.637090325E-1,9.717552185E0,-1.755135417E0
2.156254619E1,-3.637090325E-1,9.710372925E0,-1.755135417E0
2.156492463E1,-3.708875179E-1,9.705587387E0,-1.740479350E0
2.156730302E1,-3.804588020E-1,9.722337723E0,-1.733300924E0
2.156968067E1,-3.756731451E-1,9.739087105E0,-1.723729610E0
2.157205838E1,-3.684946895E-1,9.729516029E0,-1.728515267E0
2.157443682E1,-3.661018610E-1,9.734301567E0,-1.730908036E0
2.157681520E1,-3.637090325E-1,9.743872643E0,-1.750349760E0
2.157919286E1,-3.613162339E-1,9.751050949E0,-1.718943954E0
2.158157057E1,-3.708875179E-1,9.722337723E0,-1.752742529E0
2.158394901E1,-3.876372576E-1,9.729516029E0,-1.726122379E0
2.158632744E1,-3.924229145E-1,9.739087105E0,-1.747956991E0
2.158870510E1,-3.661018610E-1,9.724730492E0,-1.745265007E0
2.159108276E1,-3.541377485E-1,9.739087105E0,-1.730908036E0
2.159346119E1,-3.565305769E-1,9.748658180E0,-1.730908036E0
2.159583963E1,-3.565305769E-1,9.727123260E0,-1.742872238E0
2.159821729E1,-3.684946895E-1,9.727123260E0,-1.738086581E0
2.160059494E1,-3.541377485E-1,9.729516029E0,-1.721336842E0
2.160297338E1,-3.541377485E-1,9.736694336E0,-1.716551185E0
2.160535182E1,-3.469592929E-1,9.743872643E0,-1.702194214E0
2.160772948E1,-3.349951804E-1,9.753444672E0,-1.714158297E0
2.161010713E1,-3.254238665E-1,9.736694336E0,-1.726122379E0
2.161248557E1,-3.493520916E-1,9.731908798E0,-1.706979871E0
2.161486401E1,-3.349951804E-1,9.736694336E0,-1.704586983E0
2.161724166E1,-3.493520916E-1,9.719944954E0,-1.730908036E0
2.161961932E1,-3.541377485E-1,9.729516029E0,-1.721336842E0
2.162199776E1,-3.445664644E-1,9.700801849E0,-1.742872238E0
2.162437619E1,-3.397808075E-1,9.717552185E0,-1.750349760E0
2.162675385E1,-3.421736360E-1,9.719944954E0,-1.769492388E0
2.162913151E1,-3.397808075E-1,9.684052467E0,-1.728515267E0
2.163150994E1,-3.349951804E-1,9.719944954E0,-1.742872238E0
2.163388838E1,-3.373879790E-1,9.700801849E0,-1.745265007E0
2.163626604E1,-3.445664644E-1,9.669695854E0,-1.740479350E0
2.163864369E1,-3.373879790E-1,9.698409081E0,-1.747956991E0
2.164102213E1,-3.421736360E-1,9.686445236E0,-1.747956991E0
2.164340057E1,-3.565305769E-1,9.674481392E0,-1.740479350E0
2.164577822E1,-3.541377485E-1,9.667302132E0,-1.721336842E0
2.164815588E1,-3.517449200E-1,9.664909363E0,-1.730908036E0
2.165053432E1,-3.373879790E-1,9.681659698E0,-1.738086581E0
2.165291276E1,-3.732803464E-1,9.674481392E0,-1.742872238E0
2.165529041E1,-3.517449200E-1,9.660123825E0,-1.755135417E0
2.165766807E1,-3.565305769E-1,9.676874161E0,-1.740479350E0
2.166004651E1,-3.541377485E-1,9.672088623E0,-1.733300924E0
2.166242494E1,-3.661018610E-1,9.686445236E0,-1.747956991E0
2.166480260E1,-3.517449200E-1,9.693623543E0,-1.750349760E0
2.166718026E1,-3.613162339E-1,9.679266930E0,-1.735693693E0
2.166955869E1,-3.637090325E-1,9.712766647E0,-1.747956991E0
2.167193713E1,-3.517449200E-1,9.703194618E0,-1.757528186E0
2.167431479E1,-3.493520916E-1,9.703194618E0,-1.771885157E0
2.167669244E1,-3.421736360E-1,9.696016312E0,-1.767099500E0
2.167907088E1,-3.397808075E-1,9.710372925E0,-1.764706731E0
2.168144932E1,-3.445664644E-1,9.715159416E0,-1.747956991E0
2.168382698E1,-3.445664644E-1,9.705587387E0,-1.764706731E0
2.168620463E1,-3.254238665E-1,9.707980156E0,-1.764706731E0
2.168858307E1,-3.254238665E-1,9.724730492E0,-1.752742529E0
2.169096151E1,-3.397808075E-1,9.739087105E0,-1.757528186E0
2.169333916E1,-3.302095234E-1,9.736694336E0,-1.755135417E0
2.169571682E1,-3.445664644E-1,9.710372925E0,-1.779063582E0
2.169809526E1,-3.349951804E-1,9.712766647E0,-1.779063582E0
2.170047369E1,-3.493520916E-1,9.696016312E0,-1.750349760E0
2.170285135E1,-3.565305769E-1,9.722337723E0,-1.762313843E0
2.170522906E1,-3.493520916E-1,9.696016312E0,-1.786242127E0
2.170760750E1,-3.637090325E-1,9.710372925E0,-1.786242127E0
2.170998588E1,-3.661018610E-1,9.705587387E0,-1.774278045E0
2.171236354E1,-3.684946895E-1,9.667302132E0,-1.755135417E0
2.171474125E1,-3.732803464E-1,9.662516594E0,-1.755135417E0
2.171711968E1,-3.732803464E-1,9.631410599E0,-1.783849239E0
2.171949812E1,-3.804588020E-1,9.660123825E0,-1.757528186E0
2.172187578E1,-3.541377485E-1,9.650552750E0,-1.745265007E0
2.172425343E1,-3.541377485E-1,9.640981674E0,-1.745265007E0
2.172663187E1,-3.589234054E-1,9.640981674E0,-1.750349760E0
2.172901031E1,-3.469592929E-1,9.652945518E0,-1.742872238E0
2.173138796E1,-3.326023519E-1,9.655338287E0,-1.745265007E0
2.173376562E1,-3.469592929E-1,9.652945518E0,-1.735693693E0
2.173614406E1,-3.613162339E-1,9.633803368E0,-1.752742529E0
2.173852250E1,-3.517449200E-1,9.672088623E0,-1.752742529E0
2.174090015E1,-3.493520916E-1,9.674481392E0,-1.745265007E0
2.174327781E1,-3.445664644E-1,9.688838005E0,-1.762313843E0
2.174565625E1,-3.541377485E-1,9.681659698E0,-1.726122379E0
2.174803468E1,-3.661018610E-1,9.693623543E0,-1.745265007E0
2.175041234E1,-3.613162339E-1,9.676874161E0,-1.779063582E0
2.175279000E1,-3.708875179E-1,9.660123825E0,-1.793420553E0
2.175516843E1,-3.493520916E-1,9.669695854E0,-1.757528186E0
2.175754687E1,-3.804588020E-1,9.674481392E0,-1.767099500E0
2.175992453E1,-3.804588020E-1,9.664909363E0,-1.786242127E0
2.176230218E1,-3.661018610E-1,9.664909363E0,-1.767099500E0
2.176468062E1,-3.708875179E-1,9.652945518E0,-1.786242127E0
2.176705906E1,-3.589234054E-1,9.652945518E0,-1.755135417E0
2.176943671E1,-3.613162339E-1,9.679266930E0,-1.771885157E0
2.177181437E1,-3.493520916E-1,9.700801849E0,-1.755135417E0
2.177419281E1,-3.661018610E-1,9.696016312E0,-1.757528186E0
2.177657125E1,-3.469592929E-1,9.712766647E0,-1.762313843E0
2.177894890E1,-3.684946895E-1,9.684052467E0,-1.783849239E0
2.178132656E1,-3.708875179E-1,9.662516594E0,-1.807777524E0
2.178370500E1,-3.924229145E-1,9.676874161E0,-1.788634896E0
2.178608343E1,-3.996013701E-1,9.664909363E0,-1.767099500E0
2.178846109E1,-3.852444589E-1,9.674481392E0,-1.735693693E0
2.179083875E1,-3.828516304E-1,9.664909363E0,-1.759921074E0
2.179321718E1,-4.091726840E-1,9.681659698E0,-1.759921074E0
2.179559562E1,-4.139583111E-1,9.660123825E0,-1.769492388E0
2.179797328E1,-4.235295951E-1,9.662516594E0,-1.755135417E0
2.180035093E1,-4.354937077E-1,9.676874161E0,-1.783849239E0
2.180272937E1,-4.522434771E-1,9.674481392E0,-1.795813441E0
2.180510781E1,-4.402793646E-1,9.691230774E0,-1.791027784E0
2.180748546E1,-4.498506486E-1,9.686445236E0,-1.781456470E0
2.180986312E1,-4.713860750E-1,9.684052467E0,-1.776670814E0
2.181224156E1,-5.099703074E-1,9.700801849E0,-1.767099500E0
2.181462000E1,-5.123631358E-1,9.724730492E0,-1.767099500E0
2.181699765E1,-5.291129351E-1,9.734301567E0,-1.767099500E0
2.181937531E1,-5.338985324E-1,9.741479874E0,-1.791027784E0
2.182175375E1,-5.434698462E-1,9.719944954E0,-1.791027784E0
2.182413218E1,-5.530411601E-1,9.724730492E0,-1.805384636E0
2.182650984E1,-5.745765567E-1,9.729516029E0,-1.831705689E0
2.182888750E1,-5.626124144E-1,9.715159416E0,-1.853241086E0
2.183126593E1,-5.578267574E-1,9.724730492E0,-1.860419631E0
2.183364437E1,-5.626124144E-1,9.739087105E0,-1.889133453E0
2.183602203E1,-5.410770178E-1,9.727123260E0,-1.915454507E0
2.183839974E1,-5.410770178E-1,9.731908798E0,-1.893919110E0
2.184077817E1,-5.554339290E-1,9.724730492E0,-1.908276081E0
2.184315656E1,-5.482555032E-1,9.710372925E0,-1.898704767E0
2.184553421E1,-5.673980713E-1,9.691230774E0,-1.898704767E0
2.184791192E1,-5.721837282E-1,9.662516594E0,-1.855633974E0
2.185029036E1,-6.032904387E-1,9.655338287E0,-1.869990945E0
2.185266875E1,-6.032904387E-1,9.660123825E0,-1.843669891E0
2.185504640E1,-6.224330068E-1,9.681659698E0,-1.836491346E0
2.185742411E1,-6.678966284E-1,9.696016312E0,-1.838884234E0
2.185980255E1,-6.774678826E-1,9.691230774E0,-1.824527264E0
2.186218099E1,-6.750751138E-1,9.686445236E0,-1.824527264E0
2.186455864E1,-6.942176819E-1,9.710372925E0,-1.829312921E0
2.186693630E1,-7.013961077E-1,9.717552185E0,-1.860419631E0
2.186931474E1,-7.013961077E-1,9.703194618E0,-1.869990945E0
2.187169317E1,-6.631109715E-1,9.729516029E0,-1.877169371E0
2.187407083E1,-6.822535396E-1,9.717552185E0,-1.934597135E0
2.187644848E1,-6.439684033E-1,9.717552185E0,-1.956132531E0
2.187882692E1,-6.463612318E-1,9.715159416E0,-1.970489502E0
2.188120536E1,-6.104688644E-1,9.715159416E0,-1.982453585E0
2.188358302E1,-5.889334679E-1,9.707980156E0,-1.977667928E0
2.188596067E1,-5.721837282E-1,9.686445236E0,-1.980060697E0
2.188833911E1,-5.554339290E-1,9.679266930E0,-1.975275040E0
2.189071755E1,-5.362913609E-1,9.662516594E0,-1.932204247E0
2.189309520E1,-5.171487927E-1,9.662516594E0,-1.920240164E0
2.189547286E1,-5.123631358E-1,9.660123825E0,-1.879562140E0
2.189785130E1,-4.977070987E-1,9.640981674E0,-1.838884234E0
2.190022974E1,-4.977070987E-1,9.626625061E0,-1.822134495E0
2.190260739E1,-5.024927258E-1,9.619445801E0,-1.798206210E0
2.190498505E1,-4.929214716E-1,9.600303650E0,-1.783849239E0
2.190736348E1,-4.977070987E-1,9.619445801E0,-1.805384636E0
2.190974192E1,-5.291129351E-1,9.621838570E0,-1.800599098E0
2.191211958E1,-5.123631358E-1,9.626625061E0,-1.807777524E0
2.191449724E1,-5.219344497E-1,9.605089188E0,-1.800599098E0
2.191687567E1,-5.362913609E-1,9.612267494E0,-1.824527264E0
2.191925411E1,-5.554339290E-1,9.636196136E0,-1.826920033E0
2.192163177E1,-5.650052428E-1,9.624231339E0,-1.841277003E0
2.192400942E1,-5.626124144E-1,9.619445801E0,-1.891526341E0
2.192638786E1,-5.697908998E-1,9.636196136E0,-1.886740685E0
2.192876630E1,-5.889334679E-1,9.655338287E0,-1.905883193E0
2.193114395E1,-5.817549825E-1,9.662516594E0,-1.905883193E0
2.193352161E1,-5.745765567E-1,9.664909363E0,-1.903490424E0
2.193590005E1,-5.889334679E-1,9.672088623E0,-1.903490424E0
2.193827848E1,-5.721837282E-1,9.669695854E0,-1.925025821E0
2.194065614E1,-5.913262963E-1,9.684052467E0,-1.917847395E0
2.194303380E1,-5.721837282E-1,9.688838005E0,-1.920240164E0
2.194541224E1,-5.745765567E-1,9.696016312E0,-1.910668850E0
2.194779067E1,-5.554339290E-1,9.724730492E0,-1.886740685E0
2.195016833E1,-5.410770178E-1,9.705587387E0,-1.884347796E0
2.195254598E1,-5.458626747E-1,9.717552185E0,-1.862812400E0
2.195492442E1,-5.051847100E-1,9.705587387E0,-1.872383714E0
2.195730286E1,-5.024927258E-1,9.717552185E0,-1.862812400E0
2.195968052E1,-4.881358147E-1,9.719944954E0,-1.872383714E0
2.196205817E1,-4.857429862E-1,9.705587387E0,-1.874776483E0
2.196443661E1,-4.809573591E-1,9.712766647E0,-1.841277003E0
2.196681505E1,-4.546363056E-1,9.705587387E0,-1.850848317E0
2.196919270E1,-4.498506486E-1,9.686445236E0,-1.826920033E0
2.197157036E1,-4.378865361E-1,9.696016312E0,-1.826920033E0
2.197394880E1,-4.307080805E-1,9.674481392E0,-1.850848317E0
2.197632724E1,-4.331009090E-1,9.672088623E0,-1.836491346E0
2.197870489E1,-4.307080805E-1,9.631410599E0,-1.831705689E0
2.198108260E1,-4.259224236E-1,9.652945518E0,-1.834098577E0
2.198346104E1,-4.187439680E-1,9.645767212E0,-1.819741607E0
2.198583942E1,-4.259224236E-1,9.640981674E0,-1.807777524E0
2.198821708E1,-3.996013701E-1,9.614660263E0,-1.817348838E0
2.199059479E1,-3.948157430E-1,9.609874725E0,-1.802991867E0
2.199297322E1,-4.019941986E-1,9.605089188E0,-1.791027784E0
2.199535161E1,-4.067798555E-1,9.614660263E0,-1.783849239E0
2.199772927E1,-3.924229145E-1,9.619445801E0,-1.793420553E0
2.200010698E1,-3.804588020E-1,9.609874725E0,-1.798206210E0
2.200248541E1,-3.804588020E-1,9.619445801E0,-1.802991867E0
2.200486385E1,-3.637090325E-1,9.640981674E0,-1.805384636E0
2.200724151E1,-3.613162339E-1,9.631410599E0,-1.826920033E0
2.200961916E1,-3.589234054E-1,9.655338287E0,-1.807777524E0
2.201199760E1,-3.613162339E-1,9.643374443E0,-1.793420553E0
2.201437604E1,-3.445664644E-1,9.657731056E0,-1.829312921E0
2.201675369E1,-3.421736360E-1,9.638588905E0,-1.810170293E0
2.201913135E1,-3.230310678E-1,9.650552750E0,-1.814955950E0
2.202150979E1,-2.919243574E-1,9.652945518E0,-1.781456470E0
2.202388822E1,-3.038884699E-1,9.664909363E0,-1.774278045E0
2.202626588E1,-2.991028428E-1,9.643374443E0,-1.779063582E0
2.202864354E1,-2.679961324E-1,9.652945518E0,-1.774278045E0
2.203102198E1,-2.943171859E-1,9.650552750E0,-1.762313843E0
2.203340041E1,-2.727817893E-1,9.657731056E0,-1.747956991E0
2.203577807E1,-2.512463629E-1,9.650552750E0,-1.776670814E0
2.203815573E1,-2.536391914E-1,9.662516594E0,-1.735693693E0
2.204053416E1,-2.536391914E-1,9.648159981E0,-1.745265007E0
2.204291260E1,-2.560320199E-1,9.660123825E0,-1.747956991E0
2.204529026E1,-2.464607358E-1,9.667302132E0,-1.747956991E0
2.204766791E1,-2.608176768E-1,9.664909363E0,-1.723729610E0
2.205004635E1,-2.464607358E-1,9.660123825E0,-1.723729610E0
2.205242479E1,-2.488535494E-1,9.643374443E0,-1.742872238E0
2.205480244E1,-2.512463629E-1,9.638588905E0,-1.699801445E0
2.205718010E1,-2.368894368E-1,9.636196136E0,-1.673480392E0
2.205955854E1,-2.225325108E-1,9.626625061E0,-1.680658817E0
2.206193698E1,-2.536391914E-1,9.633803368E0,-1.680658817E0
2.206431463E1,-2.440679073E-1,9.648159981E0,-1.637588024E0
2.206669229E1,-2.225325108E-1,9.657731056E0,-1.625623941E0
2.206907073E1,-2.249253243E-1,9.648159981E0,-1.611266971E0
2.207144916E1,-2.297109663E-1,9.655338287E0,-1.608874083E0
2.207382682E1,-2.057827413E-1,9.655338287E0,-1.580160260E0
2.207620448E1,-2.057827413E-1,9.679266930E0,-1.601695657E0
2.207858291E1,-1.938186288E-1,9.669695854E0,-1.608874083E0
2.208096135E1,-1.794617027E-1,9.667302132E0,-1.592124343E0
2.208333901E1,-1.674975902E-1,9.672088623E0,-1.568196177E0
2.208571666E1,-1.674975902E-1,9.679266930E0,-1.580160260E0
2.208809510E1,-1.770688742E-1,9.686445236E0,-1.582553029E0
2.209047354E1,-1.651047617E-1,9.710372925E0,-1.565803289E0
2.209285119E1,-1.603191197E-1,9.686445236E0,-1.572981834E0
2.209522885E1,-1.603191197E-1,9.684052467E0,-1.592124343E0
2.209760729E1,-1.890329868E-1,9.691230774E0,-1.596910000E0
2.209998572E1,-1.770688742E-1,9.724730492E0,-1.568196177E0
2.210236338E1,-1.722832322E-1,9.705587387E0,-1.604088426E0
2.210474104E1,-1.962114573E-1,9.703194618E0,-1.599302888E0
2.210711948E1,-2.009970993E-1,9.724730492E0,-1.589731574E0
2.210949791E1,-2.057827413E-1,9.751050949E0,-1.584945917E0
2.211187557E1,-1.986042857E-1,9.767801285E0,-1.580160260E0
2.211425328E1,-2.249253243E-1,9.755837440E0,-1.606481314E0
2.211663171E1,-2.201396823E-1,9.794421196E0,-1.596910000E0
2.211901010E1,-2.321037948E-1,9.818349838E0,-1.611266971E0
2.212138776E1,-2.392822653E-1,9.813564301E0,-1.625623941E0
2.212376546E1,-2.344966233E-1,9.835099220E0,-1.620838284E0
2.212614390E1,-2.392822653E-1,9.844670296E0,-1.632802367E0
2.212852229E1,-2.512463629E-1,9.856635094E0,-1.639980793E0
2.213089994E1,-2.440679073E-1,9.827920914E0,-1.625623941E0
2.213327765E1,-2.344966233E-1,9.847063065E0,-1.608874083E0
2.213565609E1,-2.225325108E-1,9.844670296E0,-1.620838284E0
2.213803453E1,-2.201396823E-1,9.842277527E0,-1.628016710E0
2.214041218E1,-2.177468538E-1,9.861420631E0,-1.592124343E0
2.214278984E1,-2.249253243E-1,9.851848602E0,-1.599302888E0
2.214516828E1,-2.009970993E-1,9.854242325E0,-1.604088426E0
2.214754671E1,-2.033899277E-1,9.861420631E0,-1.594517231E0
2.214992437E1,-1.866401732E-1,9.839884758E0,-1.604088426E0
2.215230203E1,-1.627119333E-1,9.832706451E0,-1.592124343E0
2.215468046E1,-1.914258152E-1,9.806385040E0,-1.596910000E0
2.215705890E1,-1.794617027E-1,9.815957069E0,-1.587338686E0
2.215943656E1,-1.818545163E-1,9.815957069E0,-1.601695657E0
2.216181421E1,-1.770688742E-1,9.837491989E0,-1.594517231E0
2.216419265E1,-1.794617027E-1,9.808777809E0,-1.584945917E0
2.216657109E1,-1.507478207E-1,9.823135376E0,-1.561017632E0
2.216894874E1,-1.292124242E-1,9.842277527E0,-1.575374603E0
2.217132640E1,-1.268195957E-1,9.830313683E0,-1.556231976E0
2.217370484E1,-1.172483116E-1,9.849455833E0,-1.544267893E0
2.217608328E1,-1.124626622E-1,9.808777809E0,-1.525125384E0
2.217846093E1,-1.100698411E-1,9.808777809E0,-1.508375525E0
2.218083859E1,-1.004985496E-1,9.792028427E0,-1.520339727E0
2.218321703E1,-1.004985496E-1,9.792028427E0,-1.544267893E0
2.218559546E1,-1.004985496E-1,9.792028427E0,-1.549053550E0
2.218797312E1,-8.135596663E-2,9.787242889E0,-1.556231976E0
2.219035078E1,-8.135596663E-2,9.770194054E0,-1.570588946E0
2.219272921E1,-4.067798331E-2,9.780064583E0,-1.549053550E0
2.219510765E1,-6.221338734E-2,9.767801285E0,-1.515554070E0
2.219748531E1,-5.982056633E-2,9.748658180E0,-1.551446438E0
2.219986296E1,-6.221338734E-2,9.712766647E0,-1.572981834E0
2.220224140E1,-8.135596663E-2,9.717552185E0,-1.565803289E0
2.220461984E1,-9.332008660E-2,9.705587387E0,-1.580160260E0
2.220699750E1,-7.417750359E-2,9.719944954E0,-1.589731574E0
2.220937515E1,-6.460621208E-2,9.729516029E0,-1.599302888E0
2.221175359E1,-7.896314561E-2,9.741479874E0,-1.565803289E0
2.221413203E1,-9.571290761E-2,9.751050949E0,-1.568196177E0
2.221650968E1,-1.028913707E-1,9.772586823E0,-1.549053550E0
2.221888734E1,-1.172483116E-1,9.765408516E0,-1.556231976E0
2.222126578E1,-1.124626622E-1,9.772586823E0,-1.563410521E0
2.222364421E1,-1.244267747E-1,9.772586823E0,-1.575374603E0
2.222602187E1,-1.220339537E-1,9.782457352E0,-1.592124343E0
2.222839953E1,-1.196411327E-1,9.780064583E0,-1.606481314E0
2.223077796E1,-1.004985496E-1,9.818349838E0,-1.651944876E0
2.223315640E1,-1.028913707E-1,9.837491989E0,-1.666301847E0
2.223553406E1,-1.268195957E-1,9.849455833E0,-1.675873160E0
2.223791177E1,-9.092725813E-2,9.863813400E0,-1.649552107E0
2.224029020E1,-7.657032460E-2,9.861420631E0,-1.661516190E0
2.224266859E1,-5.982056633E-2,9.847063065E0,-1.656730533E0
2.224504624E1,-1.435693540E-2,9.849455833E0,-1.642373681E0
2.224742395E1,7.178467698E-3,9.854242325E0,-1.620838284E0
2.224980239E1,3.110669367E-2,9.837491989E0,-1.628016710E0
2.225218078E1,1.914258115E-2,9.825528145E0,-1.618445396E0
2.225455843E1,5.264209956E-2,9.806385040E0,-1.592124343E0
2.225693614E1,6.251249462E-2,9.777671814E0,-1.596910000E0
2.225931458E1,6.969095767E-2,9.780064583E0,-1.594517231E0
2.226169296E1,7.686942816E-2,9.746265411E0,-1.604088426E0
2.226407062E1,7.447660714E-2,9.743872643E0,-1.572981834E0
2.226644833E1,5.772684515E-2,9.705587387E0,-1.587338686E0
2.226882677E1,4.307080805E-2,9.691230774E0,-1.589731574E0
2.227120520E1,5.024927482E-2,9.700801849E0,-1.589731574E0
2.227358286E1,3.110669367E-2,9.700801849E0,-1.606481314E0
2.227596052E1,7.178467698E-3,9.686445236E0,-1.575374603E0
2.227833895E1,1.914258115E-2,9.707980156E0,-1.580160260E0
2.228071739E1,1.914258115E-2,9.719944954E0,-1.580160260E0
2.228309505E1,7.178467698E-3,9.700801849E0,-1.601695657E0
2.228547270E1,1.196411345E-2,9.703194618E0,-1.594517231E0
2.228785114E1,1.674975827E-2,9.712766647E0,-1.635195136E0
2.229022958E1,-2.392822690E-2,9.707980156E0,-1.661516190E0
2.229260724E1,-1.674975827E-2,9.712766647E0,-1.687837243E0
2.229498489E1,-5.264209956E-2,9.703194618E0,-1.726122379E0
2.229736333E1,-4.785645381E-2,9.688838005E0,-1.755135417E0
2.229974177E1,-8.614161611E-2,9.705587387E0,-1.807777524E0
2.230211942E1,-6.699903309E-2,9.691230774E0,-1.776670814E0
2.230449708E1,-1.100698411E-1,9.696016312E0,-1.793420553E0
2.230687552E1,-1.196411327E-1,9.681659698E0,-1.791027784E0
2.230925395E1,-1.244267747E-1,9.705587387E0,-1.802991867E0
2.231163161E1,-1.555334777E-1,9.676874161E0,-1.810170293E0
2.231400927E1,-1.627119333E-1,9.664909363E0,-1.819741607E0
2.231638770E1,-1.938186288E-1,9.664909363E0,-1.814955950E0
2.231876614E1,-1.890329868E-1,9.648159981E0,-1.791027784E0
2.232114380E1,-2.177468538E-1,9.629017830E0,-1.764706731E0
2.232352145E1,-2.153540403E-1,9.638588905E0,-1.786242127E0
2.232589989E1,-2.177468538E-1,9.624231339E0,-1.769492388E0
2.232827833E1,-2.177468538E-1,9.631410599E0,-1.735693693E0
2.233065598E1,-2.009970993E-1,9.629017830E0,-1.750349760E0
2.233303364E1,-2.177468538E-1,9.595518112E0,-1.759921074E0
2.233541208E1,-1.914258152E-1,9.607481956E0,-1.730908036E0
2.233779052E1,-1.842473447E-1,9.619445801E0,-1.747956991E0
2.234016817E1,-1.866401732E-1,9.609874725E0,-1.740479350E0
2.234254583E1,-1.794617027E-1,9.609874725E0,-1.762313843E0
2.234492427E1,-1.794617027E-1,9.609874725E0,-1.767099500E0
2.234730270E1,-1.627119333E-1,9.650552750E0,-1.759921074E0
2.234968036E1,-1.555334777E-1,9.648159981E0,-1.800599098E0
2.235205802E1,-1.770688742E-1,9.667302132E0,-1.824527264E0
2.235443645E1,-1.698904037E-1,9.652945518E0,-1.836491346E0
2.235681489E1,-1.794617027E-1,9.672088623E0,-1.812563181E0
2.235919255E1,-1.698904037E-1,9.705587387E0,-1.812563181E0
2.236157020E1,-1.555334777E-1,9.707980156E0,-1.812563181E0
2.236394864E1,-1.794617027E-1,9.715159416E0,-1.848455548E0
2.236632708E1,-1.914258152E-1,9.753444672E0,-1.858026743E0
2.236870474E1,-2.081755698E-1,9.755837440E0,-1.872383714E0
2.237108239E1,-1.938186288E-1,9.777671814E0,-1.881955028E0
2.237346083E1,-1.842473447E-1,9.770194054E0,-1.872383714E0
2.237583927E1,-1.986042857E-1,9.782457352E0,-1.853241086E0
2.237821692E1,-1.890329868E-1,9.792028427E0,-1.855633974E0
2.238059463E1,-1.962114573E-1,9.777671814E0,-1.858026743E0
2.238297307E1,-2.201396823E-1,9.794421196E0,-1.867598057E0
2.238535145E1,-2.344966233E-1,9.772586823E0,-1.858026743E0
2.238772911E1,-2.153540403E-1,9.777671814E0,-1.855633974E0
2.239010682E1,-2.488535494E-1,9.772586823E0,-1.869990945E0
2.239248526E1,-2.512463629E-1,9.777671814E0,-1.867598057E0
2.239486364E1,-2.679961324E-1,9.763015747E0,-1.860419631E0
2.239724130E1,-2.703889608E-1,9.753444672E0,-1.843669891E0
2.239961901E1,-2.991028428E-1,9.751050949E0,-1.846062660E0
2.240199744E1,-2.991028428E-1,9.767801285E0,-1.817348838E0
2.240437583E1,-3.062812984E-1,9.724730492E0,-1.814955950E0
2.240675349E1,-3.062812984E-1,9.719944954E0,-1.838884234E0
2.240913119E1,-3.086741269E-1,9.693623543E0,-1.814955950E0
2.241150963E1,-2.871387303E-1,9.707980156E0,-1.807777524E0
2.241388807E1,-2.895315289E-1,9.729516029E0,-1.793420553E0
2.241626573E1,-2.847459018E-1,9.707980156E0,-1.812563181E0
2.241864338E1,-2.656033039E-1,9.712766647E0,-1.831705689E0
2.242102182E1,-2.273181528E-1,9.693623543E0,-1.810170293E0
2.242340026E1,-2.297109663E-1,9.707980156E0,-1.807777524E0
2.242577791E1,-2.177468538E-1,9.741479874E0,-1.798206210E0
2.242815557E1,-1.890329868E-1,9.719944954E0,-1.805384636E0
2.243053401E1,-1.507478207E-1,9.712766647E0,-1.822134495E0
2.243291244E1,-1.507478207E-1,9.734301567E0,-1.841277003E0
2.243529010E1,-1.196411327E-1,9.717552185E0,-1.841277003E0
2.243766776E1,-1.028913707E-1,9.724730492E0,-1.862812400E0
2.244004619E1,-7.657032460E-2,9.736694336E0,-1.836491346E0
2.244242463E1,-5.982056633E-2,9.729516029E0,-1.822134495E0
2.244480229E1,-5.264209956E-2,9.722337723E0,-1.834098577E0
2.244717994E1,-4.785645381E-2,9.724730492E0,-1.848455548E0
2.244955838E1,-3.349951655E-2,9.710372925E0,-1.834098577E0
2.245193682E1,-2.153540403E-2,9.710372925E0,-1.831705689E0
2.245431448E1,-4.785645287E-3,9.712766647E0,-1.824527264E0
2.245669213E1,-2.153540403E-2,9.707980156E0,-1.817348838E0
2.245907057E1,-1.196411345E-2,9.681659698E0,-1.841277003E0
2.246144901E1,2.392822644E-3,9.688838005E0,-1.853241086E0
2.246382666E1,4.785645287E-3,9.684052467E0,-1.838884234E0
2.246620432E1,-4.785645287E-3,9.676874161E0,-1.814955950E0
2.246858276E1,1.435693540E-2,9.669695854E0,-1.836491346E0
2.247096119E1,1.674975827E-2,9.700801849E0,-1.829312921E0
2.247333885E1,3.349951655E-2,9.696016312E0,-1.817348838E0
2.247571651E1,6.729813665E-2,9.681659698E0,-1.822134495E0
2.247809494E1,5.503492057E-2,9.684052467E0,-1.800599098E0
2.248047338E1,7.686942816E-2,9.707980156E0,-1.814955950E0
2.248285104E1,8.165507019E-2,9.686445236E0,-1.819741607E0
2.248522869E1,9.840483218E-2,9.696016312E0,-1.848455548E0
2.248760713E1,1.103689447E-1,9.710372925E0,-1.829312921E0
2.248998557E1,1.151545867E-1,9.719944954E0,-1.834098577E0
2.249236323E1,1.271187067E-1,9.707980156E0,-1.841277003E0
2.249474088E1,1.295115203E-1,9.717552185E0,-1.850848317E0
2.249711932E1,1.223330572E-1,9.698409081E0,-1.841277003E0
2.249949776E1,1.223330572E-1,9.700801849E0,-1.846062660E0
2.250187541E1,1.342971772E-1,9.688838005E0,-1.872383714E0
2.250425307E1,1.390828192E-1,9.686445236E0,-1.884347796E0
2.250663151E1,1.438684613E-1,9.688838005E0,-1.896311998E0
2.250900994E1,1.797607988E-1,9.662516594E0,-1.884347796E0
2.251138760E1,1.319043487E-1,9.640981674E0,-1.889133453E0
2.251376526E1,1.462612897E-1,9.648159981E0,-1.884347796E0
2.251614369E1,1.510469317E-1,9.614660263E0,-1.872383714E0
2.251852213E1,1.342971772E-1,9.595518112E0,-1.886740685E0
2.252089979E1,1.151545867E-1,9.612267494E0,-1.881955028E0
2.252327750E1,1.175474152E-1,9.597910881E0,-1.896311998E0
2.252565593E1,1.127617657E-1,9.590732574E0,-1.879562140E0
2.252803432E1,1.079761237E-1,9.571589470E0,-1.865205288E0
2.253041198E1,1.079761237E-1,9.571589470E0,-1.846062660E0
2.253278968E1,1.055833027E-1,9.573982239E0,-1.860419631E0
2.253516812E1,9.122636169E-2,9.573982239E0,-1.869990945E0
2.253754651E1,8.644071966E-2,9.583553314E0,-1.889133453E0
2.253992416E1,8.644071966E-2,9.595518112E0,-1.922633052E0
2.254230187E1,1.007976532E-1,9.593125343E0,-1.898704767E0
2.254468031E1,9.122636169E-2,9.612267494E0,-1.905883193E0
2.254705874E1,9.840483218E-2,9.605089188E0,-1.877169371E0
2.254943640E1,1.079761237E-1,9.605089188E0,-1.874776483E0
2.255181406E1,1.079761237E-1,9.621838570E0,-1.898704767E0
2.255419250E1,9.840483218E-2,9.626625061E0,-1.939382792E0
2.255657093E1,7.686942816E-2,9.674481392E0,-1.941775560E0
2.255894859E1,7.926224917E-2,9.700801849E0,-1.960918188E0
2.256132624E1,9.840483218E-2,9.712766647E0,-1.963310957E0
2.256370468E1,1.175474152E-1,9.717552185E0,-1.956132531E0
2.256608312E1,7.926224917E-2,9.717552185E0,-1.987239242E0
2.256846078E1,8.404789865E-2,9.729516029E0,-2.008774519E0
2.257083843E1,7.208377868E-2,9.751050949E0,-2.008774519E0
2.257321687E1,8.165507019E-2,9.731908798E0,-2.027917147E0
2.257559531E1,6.490531564E-2,9.727123260E0,-2.003988981E0
2.257797296E1,5.503492057E-2,9.715159416E0,-2.001596212E0
2.258035062E1,2.871387079E-2,9.712766647E0,-1.996810555E0
2.258272906E1,4.307080805E-2,9.698409081E0,-1.982453585E0
2.258510750E1,1.914258115E-2,9.703194618E0,-1.989632010E0
2.258748515E1,1.196411345E-2,9.710372925E0,-2.003988981E0
2.258986281E1,-4.785645287E-3,9.686445236E0,-1.956132531E0
2.259224124E1,-4.546362907E-2,9.696016312E0,-1.948953986E0
2.259461968E1,-6.460621208E-2,9.684052467E0,-1.936989903E0
2.259699734E1,-4.546362907E-2,9.676874161E0,-1.946561217E0
2.259937500E1,-4.785645381E-2,9.679266930E0,-1.951346874E0
2.260175343E1,-6.221338734E-2,9.688838005E0,-1.934597135E0
2.260413187E1,-8.135596663E-2,9.686445236E0,-1.958525300E0
2.260650953E1,-7.657032460E-2,9.679266930E0,-1.929811478E0
2.260888718E1,-8.614161611E-2,9.679266930E0,-1.929811478E0
2.261126562E1,-9.810572863E-2,9.674481392E0,-1.891526341E0
2.261364406E1,-9.332008660E-2,9.669695854E0,-1.905883193E0
2.261602171E1,-8.853443712E-2,9.703194618E0,-1.901097536E0
2.261839937E1,-9.092725813E-2,9.719944954E0,-1.910668850E0
2.262077781E1,-1.052841991E-1,9.693623543E0,-1.889133453E0
2.262315624E1,-1.244267747E-1,9.707980156E0,-1.922633052E0
2.262553390E1,-1.220339537E-1,9.688838005E0,-1.917847395E0
2.262791156E1,-1.292124242E-1,9.664909363E0,-1.910668850E0
2.263029000E1,-1.292124242E-1,9.693623543E0,-1.913061738E0
2.263266843E1,-9.332008660E-2,9.719944954E0,-1.910668850E0
2.263504609E1,-1.244267747E-1,9.691230774E0,-1.891526341E0
2.263742375E1,-1.268195957E-1,9.696016312E0,-1.910668850E0
2.263980218E1,-1.244267747E-1,9.684052467E0,-1.891526341E0
2.264218062E1,-1.292124242E-1,9.703194618E0,-1.905883193E0
2.264455828E1,-1.220339537E-1,9.693623543E0,-1.903490424E0
2.264693599E1,-1.339980662E-1,9.715159416E0,-1.881955028E0
2.264931442E1,-1.411765367E-1,9.717552185E0,-1.903490424E0
2.265169281E1,-1.435693651E-1,9.698409081E0,-1.898704767E0
2.265407046E1,-1.555334777E-1,9.703194618E0,-1.891526341E0
2.265644817E1,-1.483550072E-1,9.710372925E0,-1.889133453E0
2.265882661E1,-1.603191197E-1,9.700801849E0,-1.874776483E0
2.266120500E1,-1.579262912E-1,9.700801849E0,-1.889133453E0
2.266358265E1,-1.890329868E-1,9.705587387E0,-1.862812400E0
2.266596036E1,-1.962114573E-1,9.715159416E0,-1.886740685E0
2.266833880E1,-1.938186288E-1,9.717552185E0,-1.853241086E0
2.267071718E1,-1.770688742E-1,9.707980156E0,-1.848455548E0
2.267309484E1,-2.033899277E-1,9.693623543E0,-1.862812400E0
2.267547255E1,-2.033899277E-1,9.676874161E0,-1.841277003E0
2.267785099E1,-2.225325108E-1,9.664909363E0,-1.822134495E0
2.268022942E1,-2.464607358E-1,9.655338287E0,-1.795813441E0
2.268260708E1,-2.392822653E-1,9.660123825E0,-1.767099500E0
2.268498474E1,-2.488535494E-1,9.645767212E0,-1.786242127E0
2.268736317E1,-2.727817893E-1,9.660123825E0,-1.776670814E0
2.268974161E1,-2.656033039E-1,9.652945518E0,-1.757528186E0
2.269211927E1,-2.679961324E-1,9.657731056E0,-1.742872238E0
2.269449692E1,-2.656033039E-1,9.643374443E0,-1.752742529E0
2.269687536E1,-2.799602449E-1,9.645767212E0,-1.771885157E0
2.269925380E1,-2.727817893E-1,9.652945518E0,-1.733300924E0
2.270163145E1,-2.871387303E-1,9.657731056E0,-1.755135417E0
2.270400911E1,-2.871387303E-1,9.648159981E0,-1.735693693E0
2.270638755E1,-3.038884699E-1,9.640981674E0,-1.742872238E0
2.270876599E1,-3.134597540E-1,9.619445801E0,-1.771885157E0
2.271114364E1,-3.349951804E-1,9.629017830E0,-1.750349760E0
2.271352130E1,-3.613162339E-1,9.614660263E0,-1.750349760E0
2.271589974E1,-3.924229145E-1,9.614660263E0,-1.726122379E0
2.271827817E1,-4.091726840E-1,9.585947037E0,-1.709372640E0
2.272065583E1,-4.091726840E-1,9.597910881E0,-1.730908036E0
2.272303349E1,-4.378865361E-1,9.593125343E0,-1.711765528E0
2.272541192E1,-4.402793646E-1,9.588339806E0,-1.714158297E0
2.272779036E1,-4.474578202E-1,9.585947037E0,-1.680658817E0
2.273016802E1,-4.498506486E-1,9.571589470E0,-1.704586983E0
2.273254567E1,-4.833501875E-1,9.564411163E0,-1.692622900E0
2.273492411E1,-4.737788737E-1,9.547661781E0,-1.671087503E0
2.273730255E1,-5.051847100E-1,9.523733139E0,-1.668694735E0
2.273968020E1,-5.099703074E-1,9.502198219E0,-1.671087503E0
2.274205786E1,-5.099703074E-1,9.502198219E0,-1.663909078E0
2.274443630E1,-5.315057039E-1,9.473484039E0,-1.661516190E0
2.274681474E1,-5.482555032E-1,9.468698502E0,-1.647159338E0
2.274919239E1,-5.434698462E-1,9.461520195E0,-1.675873160E0
2.275157005E1,-5.673980713E-1,9.447162628E0,-1.685444474E0
2.275394849E1,-5.769693851E-1,9.437591553E0,-1.695015788E0
2.275632692E1,-5.985047817E-1,9.401699066E0,-1.692622900E0
2.275870458E1,-6.296114326E-1,9.380164146E0,-1.697408557E0
2.276108224E1,-6.487540603E-1,9.344271660E0,-1.747956991E0
2.276346067E1,-6.655037999E-1,9.303593636E0,-1.757528186E0
2.276583911E1,-7.372884750E-1,9.296415329E0,-1.791027784E0
2.276821677E1,-7.899305820E-1,9.260522842E0,-1.783849239E0
2.277059442E1,-7.971090674E-1,9.241379738E0,-1.747956991E0
2.277297286E1,-8.162516356E-1,9.217452049E0,-1.747956991E0
2.277535130E1,-8.473583460E-1,9.190832138E0,-1.747956991E0
2.277772895E1,-9.119645357E-1,9.174081802E0,-1.733300924E0
2.278010666E1,-9.693922997E-1,9.178867340E0,-1.779063582E0
2.278248510E1,-1.091725349E0,9.145368576E0,-1.965703845E0
2.278486349E1,-1.098903775E0,9.147761345E0,-1.932204247E0
2.278724114E1,-1.026820064E0,9.169296265E0,-1.786242127E0
2.278961885E1,-1.000499010E0,9.205188751E0,-1.666301847E0
2.279199729E1,-1.005284667E0,9.209974289E0,-1.620838284E0
2.279437567E1,-1.041176915E0,9.217452049E0,-1.613659739E0
2.279675333E1,-1.106082320E0,9.231808662E0,-1.608874083E0
2.279913104E1,-1.132403374E0,9.253344536E0,-1.628016710E0
2.280150948E1,-1.118046403E0,9.262915611E0,-1.639980793E0
2.280388791E1,-1.120439172E0,9.298808098E0,-1.616052628E0
2.280626557E1,-1.062712312E0,9.351449966E0,-1.601695657E0
2.280864322E1,-1.050748229E0,9.420842171E0,-1.639980793E0
2.281102166E1,-1.031605721E0,9.454340935E0,-1.697408557E0
2.281340010E1,-1.017248750E0,9.456734657E0,-1.661516190E0
2.281577776E1,-9.646066427E-1,9.530911446E0,-1.699801445E0
2.281815541E1,-9.406784177E-1,9.552447319E0,-1.706979871E0
2.282053385E1,-9.358927608E-1,9.554840088E0,-1.702194214E0
2.282291229E1,-9.311071038E-1,9.571589470E0,-1.726122379E0
2.282528994E1,-9.047860503E-1,9.585947037E0,-1.791027784E0
2.282766760E1,-9.000003934E-1,9.595518112E0,-1.824527264E0
2.283004604E1,-8.976075649E-1,9.571589470E0,-1.767099500E0
2.283242448E1,-9.574281573E-1,9.528518677E0,-1.757528186E0
2.283480213E1,-9.478568435E-1,9.588339806E0,-1.860419631E0
2.283717979E1,-8.976075649E-1,9.593125343E0,-1.826920033E0
2.283955822E1,-9.430712461E-1,9.571589470E0,-1.771885157E0
2.284193666E1,-9.454640746E-1,9.617053032E0,-1.874776483E0
2.284431432E1,-1.084546804E0,9.550054550E0,-1.905883193E0
2.284669198E1,-1.240080357E0,9.454340935E0,-1.841277003E0
2.284907041E1,-1.256830096E0,9.564411163E0,-2.006381750E0
2.285144885E1,-1.369292736E0,9.533304214E0,-1.953739643E0
2.285382651E1,-1.340578914E0,9.698409081E0,-2.085345030E0
2.285620416E1,-1.319043517E0,9.617053032E0,-1.920240164E0
2.285858260E1,-1.302293777E0,9.573982239E0,-1.525125384E0
2.286096104E1,-1.213759303E0,9.700801849E0,-1.367199063E0
2.286333869E1,-1.185045362E0,9.700801849E0,-1.336092353E0
2.286571635E1,-1.007677436E0,9.597910881E0,-1.197308660E0
2.286809479E1,-5.889334679E-1,8.973084450E0,3.924229145E-1
2.287047322E1,-9.693922997E-1,8.819944382E0,2.823530734E-1
2.287285088E1,-1.946262121E0,8.750552177E0,-1.254736423E0
2.287522854E1,-2.365305185E0,9.016156197E0,-1.953739643E0
2.287760698E1,-2.367697954E0,9.602696419E0,-2.188236237E0
2.287998541E1,-1.867298961E0,1.016291618E1,-2.171486616E0
2.288236307E1,-2.008475542E0,1.006720352E1,-2.137987137E0
2.288474072E1,-2.080260277E0,1.023709393E1,-2.193022013E0
2.288711916E1,-2.094617128E0,1.041206837E1,-2.367997169E0
2.288949760E1,-2.061117649E0,1.067527866E1,-2.466102839E0
2.289187526E1,-1.567897081E0,1.130967617E1,-2.501995087E0
2.289425291E1,-1.905584097E0,1.075424194E1,-2.315355062E0
2.289663135E1,-1.955833435E0,1.071356392E1,-1.822134495E0
2.289900979E1,-2.128116608E0,1.046231747E1,-1.477268934E0
2.290138744E1,-2.513660192E0,1.026819992E1,-1.460519075E0
2.290376510E1,-2.697907448E0,1.024427223E1,-1.187737346E0
2.290614354E1,-2.604587555E0,1.043121147E1,-1.079761267E0
2.290852198E1,-2.269592285E0,1.104646587E1,-8.859425783E-1
2.291089963E1,-2.444268227E0,1.064417267E1,-8.907282352E-1
2.291327734E1,-2.729014158E0,1.056760216E1,-8.787640929E-1
2.291565578E1,-2.712264538E0,1.056760216E1,-7.615157962E-1
2.291803416E1,-2.678765059E0,1.060110188E1,-8.500502706E-1
2.292041182E1,-2.700300455E0,1.053888798E1,-9.912267923E-1
2.292278953E1,-2.013261080E0,9.399306297E0,2.392822653E-1
2.292516796E1,-2.350948334E0,9.480662346E0,1.146760225E0
2.292754640E1,-2.049153566E0,9.492626190E0,-4.956133962E-1
2.292992406E1,-2.156830549E0,9.461520195E0,-1.695015788E0
2.293230171E1,-2.688336134E0,9.559625626E0,-1.714158297E0
2.293468015E1,-2.638087034E0,9.976275444E0,-1.462911963E0
2.293705854E1,-2.712264538E0,1.039531898E1,-1.728515267E0
2.293943619E1,-2.638087034E0,1.066570759E1,-1.910668850E0
2.294181390E1,-2.489732027E0,1.087149048E1,-2.015953064E0
2.294419234E1,-2.168794632E0,1.148943710E1,-2.200200319E0
2.294657078E1,-1.342971683E0,1.204726410E1,-2.643171787E0
2.294894843E1,-1.659123421E0,1.130010509E1,-2.178664923E0
2.295132609E1,-1.927119493E0,1.051256752E1,-1.807777524E0
2.295370453E1,-2.307877541E0,1.005523872E1,-1.812563181E0
2.295608296E1,-2.453839540E0,9.839884758E0,-1.393520117E0
2.295846062E1,-2.461018085E0,9.794421196E0,-1.269093275E0
2.296083828E1,-2.403590441E0,9.832706451E0,-1.285843015E0
2.296321671E1,-2.252842426E0,9.952347755E0,-1.522732496E0
2.296559515E1,-2.118545294E0,1.013659477E1,-1.534696579E0
2.296797281E1,-1.970190287E0,1.024187946E1,-1.491625786E0
2.297035046E1,-1.524826288E0,1.068006516E1,-1.568196177E0
2.297272890E1,-2.092224360E0,1.011027431E1,-1.834098577E0
2.297510734E1,-2.260020971E0,9.868598938E0,-1.659123421E0
2.297748500E1,-2.279163599E0,9.892526627E0,-1.730908036E0
2.297986265E1,-2.257628202E0,9.959526062E0,-1.791027784E0
2.298224109E1,-2.168794632E0,1.001695347E1,-1.891526341E0
2.298461953E1,-2.022832394E0,1.008873844E1,-1.963310957E0
2.298699718E1,-1.817049742E0,1.022273636E1,-2.063809633E0
2.298937484E1,-1.711765528E0,1.022991467E1,-2.013560295E0
2.299175328E1,-1.678265929E0,1.016770172E1,-1.922633052E0
2.299413171E1,-1.695015788E0,1.005523872E1,-1.831705689E0
2.299650937E1,-1.733300924E0,9.997811317E0,-1.848455548E0
2.299888703E1,-1.675873160E0,9.973882675E0,-1.853241086E0
2.300126546E1,-1.651944876E0,9.957133293E0,-1.831705689E0
2.300364390E1,-1.493719578E0,1.000498962E1,-1.489233017E0
2.300602156E1,-1.242473125E0,1.017009449E1,-2.561815739E0
2.300839921E1,-1.285543919E0,9.940383911E0,-2.054238319E0
2.301077765E1,-9.693922997E-1,1.011505985E1,-1.774278045E0
2.301315609E1,-1.244866014E0,9.789635658E0,-1.951346874E0
2.301553375E1,-1.572682738E0,9.451948166E0,-1.867598057E0
2.301791140E1,-1.579861164E0,9.353842735E0,-1.779063582E0
2.302028984E1,-1.560718536E0,9.382556915E0,-1.795813441E0
2.302266828E1,-1.572682738E0,9.420842171E0,-1.769492388E0
2.302504593E1,-1.654337764E0,9.396913528E0,-1.800599098E0
2.302742364E1,-1.625324726E0,9.380164146E0,-1.893919110E0
2.302980208E1,-1.603789330E0,9.382556915E0,-2.023131609E0
2.303218046E1,-1.453041553E0,9.451948166E0,-2.243271112E0
2.303455812E1,-1.144367456E0,9.700801849E0,-2.303091764E0
2.303693578E1,-1.094118118E0,9.719944954E0,-2.480459690E0
2.303931421E1,-1.493719578E0,8.980263710E0,-1.853241086E0
2.304169265E1,-1.565504193E0,8.683553696E0,-1.513161182E0
2.304407031E1,-8.832506537E-1,7.864609718E0,3.158525825E-1
2.304644802E1,-1.165902853E0,8.489435196E0,-2.108674943E-1
2.304882645E1,-1.055533886E0,7.922037601E0,-2.109273195E0
2.305120489E1,-1.704586983E0,8.343473434E0,-2.619243383E0
2.305358255E1,-1.287936807E0,8.202297211E0,-1.240379453E0
2.305596020E1,-1.656730533E0,8.532505989E0,-1.632802367E0
2.305833864E1,-1.692622900E0,8.594719887E0,-1.783849239E0
2.306071708E1,-2.030010939E0,9.030512810E0,-2.226521492E0
2.306309474E1,-2.183151484E0,9.801599503E0,-2.635993242E0
2.306547239E1,-1.165902853E0,1.121635628E1,-3.112463951E0
2.306785083E1,-1.704586983E0,1.014616585E1,-3.184248686E0
2.307022927E1,-2.236092806E0,8.807980537E0,-2.643171787E0
2.307260692E1,-1.922333837E0,8.463114738E0,-1.721336842E0
2.307498458E1,-1.453041553E0,8.611469269E0,-1.022333503E0
2.307736302E1,-1.307079315E0,8.791230202E0,-5.889334679E-1
2.307974145E1,-1.010070205E0,9.169296265E0,-1.130010486E0
2.308211911E1,-9.287142754E-1,9.676874161E0,-2.365604401E0
2.308449677E1,-2.018046856E0,8.341080666E0,-2.078166485E0
2.308687520E1,-2.298306227E0,8.147261620E0,-1.565803289E0
2.308925364E1,-2.257628202E0,8.307580948E0,-1.118046403E0
2.309163130E1,-2.094617128E0,8.472685814E0,-1.118046403E0
2.309400895E1,-1.946262121E0,8.522934914E0,-1.383948803E0
2.309638739E1,-1.893620014E0,8.546863556E0,-1.592124343E0
2.309876583E1,-1.893620014E0,8.530113220E0,-1.680658817E0
2.310114348E1,-1.848156333E0,8.566005707E0,-1.834098577E0
2.310352114E1,-1.840977907E0,8.549256325E0,-1.733300924E0
2.310589958E1,-1.817049742E0,8.532505989E0,-1.757528186E0
2.310827802E1,-1.872084618E0,8.494221687E0,-1.668694735E0
2.311065567E1,-1.967797518E0,8.441578865E0,-1.704586983E0
2.311303333E1,-2.008475542E0,8.448758125E0,-1.759921074E0
2.311541177E1,-2.013261080E0,8.446364403E0,-1.752742529E0
2.311779020E1,-1.934298038E0,8.508578300E0,-1.779063582E0
2.312016786E1,-1.862513304E0,8.549256325E0,-1.819741607E0
2.312254552E1,-1.840977907E0,8.601898193E0,-1.872383714E0
2.312492395E1,-1.747657895E0,8.644968987E0,-2.059023857E0
2.312730239E1,-1.431506157E0,8.961120605E0,-1.819741607E0
2.312968005E1,-1.606182218E0,8.898907661E0,-2.676671267E0
2.313205770E1,-1.893620014E0,8.525327682E0,-1.802991867E0
2.313443614E1,-2.101795673E0,8.451150894E0,-1.580160260E0
2.313681458E1,-2.168794632E0,8.513363838E0,-1.570588946E0
2.313919224E1,-2.073081732E0,8.604290962E0,-1.718943954E0
2.314156989E1,-1.986940145E0,8.726624489E0,-1.879562140E0
2.314394833E1,-1.924726725E0,8.743373871E0,-1.920240164E0
2.314632677E1,-1.929512382E0,8.776873589E0,-1.941775560E0
2.314870442E1,-1.936690807E0,8.757730484E0,-1.999203324E0
2.315108213E1,-1.948654890E0,8.774480820E0,-2.066202402E0
2.315346057E1,-1.931905150E0,8.810373306E0,-2.102094650E0
2.315583895E1,-1.912762642E0,8.788837433E0,-2.111665964E0
2.315821661E1,-1.896012783E0,8.815158844E0,-2.130808592E0
2.316059427E1,-1.900798440E0,8.800801277E0,-2.159522533E0
2.316297270E1,-1.912762642E0,8.805587769E0,-2.142772675E0
2.316535114E1,-1.898405671E0,8.822337151E0,-2.164308071E0
2.316772880E1,-1.929512382E0,8.810373306E0,-2.137987137E0
2.317010651E1,-1.939083695E0,8.791230202E0,-2.171486616E0
2.317248494E1,-1.929512382E0,8.798408508E0,-2.140379906E0
2.317486338E1,-1.946262121E0,8.791230202E0,-2.159522533E0
2.317724104E1,-1.955833435E0,8.798408508E0,-2.176272154E0
2.317961869E1,-1.965404749E0,8.827122688E0,-2.171486616E0
2.318199713E1,-1.977368832E0,8.800801277E0,-2.154736757E0
2.318437557E1,-1.977368832E0,8.767302513E0,-2.224128723E0
2.318675322E1,-1.972583175E0,8.851051331E0,-2.267199516E0
2.318913088E1,-1.963011861E0,8.891729355E0,-2.114058733E0
2.319150932E1,-2.058724880E0,8.860622406E0,-2.157129526E0
2.319388776E1,-2.135295153E0,8.831908226E0,-2.209771633E0
2.319626541E1,-2.147259235E0,8.843872070E0,-2.231307030E0
2.319864307E1,-2.118545294E0,8.853444099E0,-2.212164640E0
2.320102151E1,-2.144866467E0,8.836693764E0,-2.195414782E0
2.320339994E1,-2.183151484E0,8.851051331E0,-2.207378864E0
2.320577760E1,-2.248056889E0,8.846264839E0,-2.209771633E0
2.320815526E1,-2.293520451E0,8.810373306E0,-2.238485575E0
2.321053369E1,-2.346162558E0,8.796015739E0,-2.202593327E0
2.321291213E1,-2.394019127E0,8.791230202E0,-2.204986095E0
2.321528979E1,-2.434697151E0,8.786444664E0,-2.216950178E0
2.321766744E1,-2.470589399E0,8.786444664E0,-2.200200319E0
2.322004588E1,-2.415554523E0,8.601898193E0,-2.250449657E0
2.322242432E1,-2.566302299E0,8.853444099E0,-2.281556368E0
2.322480198E1,-2.712264538E0,8.891729355E0,-2.166700840E0
2.322717963E1,-2.700300455E0,8.815158844E0,-2.128415823E0
2.322955807E1,-2.683550596E0,8.719446182E0,-2.204986095E0
2.323193651E1,-2.659622431E0,8.796015739E0,-2.298306227E0
2.323431416E1,-2.626122952E0,8.810373306E0,-2.216950178E0
2.323669182E1,-2.693121910E0,8.750552177E0,-2.159522533E0
2.323907026E1,-2.870489836E0,8.717052460E0,-2.140379906E0
2.324144869E1,-2.963809967E0,8.662017822E0,-2.159522533E0
2.324382635E1,-3.030808926E0,8.652147293E0,-2.202593327E0
2.324620401E1,-2.994916677E0,8.640183449E0,-2.212164640E0
2.324858244E1,-2.985345364E0,8.623434067E0,-2.195414782E0
2.325096088E1,-2.982952595E0,8.633005142E0,-2.216950178E0
2.325333854E1,-3.009273529E0,8.606683731E0,-2.236092806E0
2.325571619E1,-3.061915636E0,8.518149376E0,-2.190629244E0
2.325809463E1,-3.088236809E0,8.405686378E0,-2.535494804E0
2.326047307E1,-2.700300455E0,8.637790680E0,-2.674278498E0
2.326285072E1,-2.695514679E0,8.623434067E0,-2.525923491E0
2.326522838E1,-2.697907448E0,8.906085968E0,-2.786741018E0
2.326760682E1,-3.358924866E0,8.465507507E0,-1.853241086E0
2.326998526E1,-3.691527128E0,8.307580948E0,-1.836491346E0
2.327236291E1,-3.583850145E0,8.396115303E0,-1.977667928E0
2.327474062E1,-3.318246841E0,8.496614456E0,-2.193022013E0
2.327711906E1,-3.210270643E0,8.544470787E0,-2.346461773E0
2.327949744E1,-3.253341436E0,8.544470787E0,-2.432603359E0
2.328187510E1,-3.327818155E0,8.539685249E0,-2.492423773E0
2.328425281E1,-3.361317635E0,8.568398476E0,-2.557030201E0
2.328663125E1,-3.339782238E0,8.582756042E0,-2.635993242E0
2.328900963E1,-3.339782238E0,8.577970505E0,-2.686242580E0
2.329138729E1,-3.342175007E0,8.587541580E0,-2.753241539E0
2.329376500E1,-3.382853031E0,8.570791245E0,-2.784348249E0
2.329614343E1,-3.382853031E0,8.570791245E0,-2.848954439E0
2.329852187E1,-3.387638569E0,8.575576782E0,-2.870789051E0
2.330089953E1,-3.380460262E0,8.577970505E0,-2.923431158E0
2.330327718E1,-3.387638569E0,8.601898193E0,-2.971287489E0
2.330565562E1,-3.392424345E0,8.640183449E0,-3.002394199E0
2.330803406E1,-3.366103172E0,8.652147293E0,-3.038286448E0
2.331041171E1,-3.351746321E0,8.666803360E0,-3.057429075E0
2.331278937E1,-3.308376312E0,8.690732002E0,-3.069393158E0
2.331516781E1,-3.286840916E0,8.681160927E0,-3.062214851E0
2.331754625E1,-3.260519981E0,8.709874153E0,-3.055036306E0
2.331992390E1,-3.236591816E0,8.736195564E0,-3.043072224E0
2.332230156E1,-3.191128016E0,8.772088051E0,-3.023929596E0
2.332468000E1,-3.124129057E0,8.812766075E0,-3.033500910E0
2.332705843E1,-3.102593660E0,8.834300995E0,-2.992822886E0
2.332943609E1,-3.037987471E0,8.853444099E0,-2.976073265E0
2.333181374E1,-3.014059305E0,8.858229637E0,-2.925823927E0
2.333419218E1,-2.997309446E0,8.836693764E0,-2.870789051E0
2.333657062E1,-2.980559587E0,8.824729919E0,-2.844168901E0
2.333894828E1,-2.968595505E0,8.805587769E0,-2.796312332E0
2.334132593E1,-2.992523909E0,8.824729919E0,-2.746062994E0
2.334370437E1,-2.925524712E0,8.843872070E0,-2.633600473E0
2.334608281E1,-2.877668381E0,8.846264839E0,-2.552244425E0
2.334846046E1,-2.901596546E0,8.781659126E0,-2.425424814E0
2.335083812E1,-2.860918522E0,8.796015739E0,-2.310569286E0
2.335321656E1,-2.832204819E0,8.779266357E0,-2.219342947E0
2.335559500E1,-2.772384167E0,8.767302513E0,-2.140379906E0
2.335797265E1,-2.707478762E0,8.762516975E0,-2.078166485E0
2.336035031E1,-2.664407969E0,8.791230202E0,-2.030309916E0
2.336272875E1,-2.561516523E0,8.815158844E0,-1.939382792E0
2.336510718E1,-2.520838737E0,8.927620888E0,-1.872383714E0
2.336748484E1,-2.468196630E0,9.056833267E0,-1.800599098E0
2.336986250E1,-2.403590441E0,9.255737305E0,-1.711765528E0
2.337224093E1,-2.307877541E0,9.487840652E0,-1.589731574E0
2.337461937E1,-2.236092806E0,9.787242889E0,-1.458126307E0
2.337699703E1,-2.128116608E0,1.018205833E1,-1.357627749E0
2.337937474E1,-1.977368832E0,1.062502956E1,-1.245165110E0
2.338175317E1,-1.797907114E0,1.113739300E1,-1.151545882E0
2.338413156E1,-1.575075507E0,1.170957661E1,-1.110867858E0
2.338650921E1,-1.326221943E0,1.234397411E1,-1.130010486E0
2.338888692E1,-1.038784146E0,1.302144146E1,-1.216451168E0
2.339126536E1,-7.396813035E-1,1.377817154E1,-1.352842093E0
2.339364375E1,-4.354937077E-1,1.456331635E1,-1.541875124E0
2.339602140E1,-1.794617027E-1,1.530299854E1,-1.711765528E0
2.339839911E1,5.772684515E-2,1.595683670E1,-1.941775560E0
2.340077755E1,2.300100774E-1,1.649043655E1,-2.133201361E0
2.340315598E1,3.089732230E-1,1.675633812E1,-2.305484533E0
2.340553364E1,3.568296731E-1,1.683290863E1,-2.427817583E0
2.340791130E1,3.305086195E-1,1.670369720E1,-2.439781904E0
2.341028974E1,2.706880569E-1,1.633968925E1,-2.377568483E0
2.341266817E1,1.941177398E-1,1.587757492E1,-2.204986095E0
2.341504583E1,5.024927482E-2,1.532692623E1,-1.968096614E0
2.341742348E1,-8.614161611E-2,1.478345680E1,-1.750349760E0
2.341980192E1,-1.794617027E-1,1.432642746E1,-1.565803289E0
2.342218036E1,-3.230310678E-1,1.391456318E1,-1.443769336E0
2.342455802E1,-5.075774789E-1,1.348834133E1,-1.448554993E0
2.342693567E1,-7.205387354E-1,1.304776287E1,-1.498804331E0
2.342931411E1,-8.712865710E-1,1.258834076E1,-1.561017632E0
2.343169255E1,-9.789635539E-1,1.211186981E1,-1.620838284E0
2.343407020E1,-1.115653515E0,1.165693474E1,-1.678265929E0
2.343644786E1,-1.228116274E0,1.117328548E1,-1.721336842E0
2.343882630E1,-1.369292736E0,1.070877838E1,-1.810170293E0
2.344120474E1,-1.563111424E0,1.024427223E1,-1.874776483E0
2.344358239E1,-1.625324726E0,9.255737305E0,-5.267201066E-1
2.344596005E1,-1.860120535E0,9.114261627E0,-3.520440459E-1
2.344833848E1,-2.427518606E0,9.116654396E0,-3.514757395E0
2.345071692E1,-2.362912416E0,8.858229637E0,-3.725325823E0
2.345309458E1,-1.800299883E0,8.611469269E0,-2.781955481E0
2.345547224E1,-1.354935765E0,7.926823139E0,-1.541875124E0
2.345785067E1,-1.510469317E0,7.563114166E0,-5.982056633E-2
2.346022911E1,-1.730908036E0,7.165606499E0,-1.989632010E0
2.346260677E1,-2.750848770E0,7.713861942E0,-2.664707184E0
2.346498442E1,-2.724228621E0,8.060821533E0,-1.891526341E0
2.346736286E1,-1.943869352E0,7.979465485E0,-1.400698543E0
2.346974130E1,-1.357328653E0,7.788039684E0,-9.720842242E-1
2.347211895E1,-1.065105200E0,7.529315472E0,-7.998009920E-1
2.347449661E1,-8.856434822E-1,7.347461224E0,-6.442674994E-1
2.347687505E1,-7.396813035E-1,7.316354275E0,-3.807578981E-1
2.347925348E1,-6.200401783E-1,7.388139248E0,-1.295115203E-1
2.348163114E1,-4.522434771E-1,7.491030216E0,8.614161611E-2
2.348400880E1,-2.799602449E-1,7.613363266E0,1.603191197E-1
2.348638724E1,-1.435693651E-1,7.756932735E0,2.273181528E-1
2.348876567E1,2.153540403E-2,7.907680511E0,1.483550072E-1
2.349114333E1,1.654038578E-1,8.067999840E0,5.742774159E-2
2.349352098E1,2.946162820E-1,8.276473999E0,-8.404789865E-2
2.349589942E1,3.927220106E-1,8.527720451E0,-2.467598319E-1
2.349827786E1,4.621138871E-1,8.776873589E0,-4.142574072E-1
2.350065552E1,5.099703074E-1,9.037691116E0,-6.538388133E-1
2.350303323E1,5.626124144E-1,9.325128555E0,-8.955138922E-1
2.350541166E1,6.394818425E-1,9.619445801E0,-1.206879973E0
2.350779005E1,7.232306600E-1,9.930811882E0,-1.553839207E0
2.351016770E1,7.471588850E-1,1.019641590E1,-1.948953986E0
2.351254541E1,8.380861282E-1,1.054845905E1,-1.968096614E0
2.351492385E1,9.361918569E-1,1.106321526E1,-2.540280342E0
2.351730229E1,9.433703423E-1,1.145324516E1,-2.865704298E0
2.351967994E1,9.385846853E-1,1.179571819E1,-3.246462107E0
2.352205760E1,9.074779749E-1,1.210229874E1,-3.667897940E0
2.352443604E1,8.476574421E-1,1.232483101E1,-3.938287020E0
2.352681448E1,7.471588850E-1,1.249711418E1,-4.192225456E0
2.352919213E1,6.370890141E-1,1.259073353E1,-4.388436794E0
2.353156979E1,5.051847100E-1,1.262662601E1,-4.546362877E0
2.353394823E1,4.310071766E-1,1.259791183E1,-4.620839596E0
2.353632666E1,1.845464408E-1,1.259791183E1,-4.709373951E0
2.353870432E1,-2.153540403E-2,1.245165062E1,-4.723731041E0
2.354108198E1,-1.627119333E-1,1.226740360E1,-4.680660248E0
2.354346041E1,-2.775674164E-1,1.204247856E1,-4.565804482E0
2.354583885E1,-3.828516304E-1,1.175743294E1,-4.419543266E0
2.354821651E1,-4.929214716E-1,1.148704433E1,-4.218546391E0
2.355059416E1,-5.434698462E-1,1.114217854E1,-4.163511276E0
2.355297260E1,-5.626124144E-1,1.080449200E1,-4.115654945E0
2.355535104E1,-4.761717021E-1,1.040728283E1,-4.063013077E0
2.355772869E1,-5.195416212E-1,1.017727280E1,-3.947858334E0
2.356010635E1,-5.650052428E-1,9.808777809E0,-3.844966888E0
2.356248479E1,-5.386841893E-1,9.468698502E0,-3.710968733E0
2.356486322E1,-4.426721931E-1,9.183652878E0,-3.562613726E0
2.356724088E1,-3.182454109E-1,8.937192917E0,-3.450151205E0
2.356961854E1,-1.531406492E-1,8.733802795E0,-3.311068296E0
2.357199698E1,-9.571290575E-3,8.589934349E0,-3.236890793E0
2.357437541E1,9.122636169E-2,8.465507507E0,-3.315854073E0
2.357675307E1,1.534397453E-1,8.288438797E0,-3.057429075E0
2.357913073E1,1.725823283E-1,8.048856735E0,-2.523530483E0
2.358150916E1,2.324029058E-1,7.941180229E0,-2.159522533E0
2.358388760E1,3.185445070E-1,7.972286701E0,-2.020738840E0
2.358626526E1,4.334000051E-1,8.039285660E0,-1.908276081E0
2.358864291E1,5.673980713E-1,8.097012520E0,-1.850848317E0
2.359102135E1,7.256234884E-1,8.185546875E0,-1.819741607E0
2.359339979E1,7.974081635E-1,8.266902924E0,-1.786242127E0
2.359577744E1,7.998009920E-1,8.343473434E0,-1.692622900E0
2.359815510E1,8.428717852E-1,8.501399994E0,-1.721336842E0
2.360053354E1,8.428717852E-1,8.556434631E0,-1.850848317E0
2.360291198E1,9.050851464E-1,8.807980537E0,-2.039881229E0
2.360528963E1,9.649057388E-1,9.083154678E0,-2.099701881E0
2.360766734E1,8.859425783E-1,9.181260109E0,-2.140379906E0
2.361004578E1,8.907282352E-1,9.394520760E0,-2.228914261E0
2.361242421E1,9.577272534E-1,9.688838005E0,-2.250449657E0
2.361480187E1,8.931210637E-1,9.743872643E0,-2.257628202E0
2.361717953E1,8.380861282E-1,9.849455833E0,-2.240878344E0
2.361955796E1,7.495517135E-1,9.818349838E0,-2.214557409E0
2.362193640E1,7.256234884E-1,9.985847473E0,-2.300698996E0
2.362431406E1,6.275177598E-1,1.009113121E1,-2.267199516E0
2.362669171E1,5.267201066E-1,1.010070229E1,-2.245664120E0
2.362907015E1,4.310071766E-1,1.007198906E1,-2.291127682E0
2.363144859E1,4.740779996E-1,1.038814068E1,-2.461317301E0
2.363382624E1,4.166502357E-1,1.042403316E1,-2.418246269E0
2.363620390E1,2.946162820E-1,1.029452133E1,-2.418246269E0
2.363858234E1,1.917249113E-1,1.027059269E1,-2.358425856E0
2.364096078E1,7.686942816E-2,1.022512913E1,-2.444567442E0
2.364333843E1,-7.417750359E-2,1.009591675E1,-2.442174673E0
2.364571609E1,-1.411765367E-1,1.012223816E1,-2.485245466E0
2.364809453E1,-3.349951655E-2,1.037378311E1,-2.667099953E0
2.365047296E1,-5.742774159E-2,1.037856865E1,-2.501995087E0
2.365285062E1,-1.674975902E-1,1.017488003E1,-2.463710070E0
2.365522828E1,-2.608176768E-1,9.981060982E0,-2.418246269E0
2.365760671E1,-4.713860750E-1,9.885348320E0,-2.372782707E0
2.365998515E1,-5.865406394E-1,9.743872643E0,-2.372782707E0
2.366236281E1,-6.320042610E-1,9.681659698E0,-2.365604401E0
2.366474046E1,-5.721837282E-1,9.698409081E0,-2.375175476E0
2.366711890E1,-4.378865361E-1,9.887741089E0,-2.528316259E0
2.366949734E1,-4.283152521E-1,9.827920914E0,-2.382354021E0
2.367187500E1,-5.171487927E-1,9.672088623E0,-2.252842426E0
2.367425265E1,-6.008976102E-1,9.593125343E0,-2.274377823E0
2.367663109E1,-6.918248534E-1,9.475876808E0,-2.212164640E0
2.367900953E1,-7.971090674E-1,9.282057762E0,-2.147558212E0
2.368138718E1,-9.215358496E-1,9.207581520E0,-2.140379906E0
2.368376484E1,-9.000003934E-1,9.231808662E0,-2.135594130E0
2.368614328E1,-7.588238716E-1,9.392127991E0,-2.154736757E0
2.368852171E1,-6.631109715E-1,9.442377090E0,-2.001596212E0
2.369089937E1,-6.631109715E-1,9.250951767E0,-2.027917147E0
2.369327703E1,-7.827520967E-1,9.209974289E0,-2.161915302E0
2.369565546E1,-1.033998489E0,9.109476089E0,-1.915454507E0
2.369803390E1,-1.060319543E0,9.104690552E0,-1.774278045E0
2.370041156E1,-1.005284667E0,9.147761345E0,-1.819741607E0
2.370278927E1,-8.928219676E-1,9.327521324E0,-1.922633052E0
2.370516770E1,-7.803592682E-1,9.394520760E0,-1.891526341E0
2.370754609E1,-7.875377536E-1,9.356235504E0,-1.826920033E0
2.370992374E1,-7.396813035E-1,9.420842171E0,-1.941775560E0
2.371230145E1,-7.875377536E-1,9.377771378E0,-1.829312921E0
2.371467989E1,-8.449655175E-1,9.365806580E0,-1.843669891E0
2.371705833E1,-8.090731502E-1,9.442377090E0,-1.812563181E0
2.371943598E1,-6.822535396E-1,9.361021042E0,-1.996810555E0
2.372181364E1,-5.267201066E-1,9.351449966E0,-1.951346874E0
2.372419208E1,-6.200401783E-1,9.384949684E0,-1.812563181E0
2.372657052E1,-6.607181430E-1,9.483055115E0,-1.757528186E0
2.372894817E1,-5.961119533E-1,9.495018959E0,-1.747956991E0
2.373132583E1,-4.570291340E-1,9.538089752E0,-1.726122379E0
2.373370427E1,-2.536391914E-1,9.686445236E0,-1.846062660E0
2.373608270E1,-2.344966233E-1,9.715159416E0,-1.925025821E0
2.373846036E1,-2.919243574E-1,9.597910881E0,-1.958525300E0
2.374083802E1,-2.081755698E-1,9.691230774E0,-2.008774519E0
2.374321645E1,-5.982056633E-2,9.624231339E0,-2.257628202E0
2.374559489E1,0.000000000E0,9.298808098E0,-2.051845312E0
2.374797255E1,4.785645381E-2,9.243772507E0,-2.147558212E0
2.375035020E1,-8.374879509E-2,9.384949684E0,-2.133201361E0
2.375272864E1,-2.201396823E-1,9.358628273E0,-2.025524378E0
2.375510708E1,-2.871387303E-1,9.298808098E0,-2.054238319E0
2.375748474E1,-2.440679073E-1,9.303593636E0,-2.207378864E0
2.375986239E1,-1.363908947E-1,9.308379173E0,-2.264806747E0
2.376224083E1,3.589234129E-2,9.272486687E0,-2.276770830E0
2.376461927E1,2.204387933E-1,9.356235504E0,-2.631207705E0
2.376699692E1,1.582254022E-1,9.236594200E0,-2.216950178E0
2.376937458E1,1.534397453E-1,9.305986404E0,-2.243271112E0
2.377175302E1,7.686942816E-2,9.138189316E0,-2.406282187E0
2.377413145E1,-5.024927482E-2,8.927620888E0,-2.506780863E0
2.377650911E1,-3.589234129E-2,8.855836868E0,-2.652743101E0
2.377888677E1,7.926224917E-2,8.889336586E0,-2.580958366E0
2.378126520E1,1.196411345E-2,9.346664429E0,-3.270390272E0
2.378364364E1,-1.435693651E-1,9.277272224E0,-2.133201361E0
2.378602130E1,-1.794617027E-1,9.147761345E0,-1.661516190E0
2.378839901E1,-2.751746178E-1,9.157332420E0,-1.927418590E0
2.379077744E1,-2.895315289E-1,9.171689034E0,-2.087737799E0
2.379315583E1,-2.608176768E-1,9.114261627E0,-1.992024899E0
2.379553348E1,-1.052841991E-1,9.231808662E0,-1.687837243E0
2.379791119E1,8.811569214E-1,9.573982239E0,-3.855435550E-1
2.380028963E1,1.180558920E0,9.545269012E0,4.666004181E-1
2.380266802E1,6.080760360E-1,9.284450531E0,-4.836492836E-1
2.380504567E1,-3.828516304E-1,8.858229637E0,-2.576172590E0
2.380742338E1,-6.559324861E-1,8.542078018E0,-4.067798615E0
2.380980182E1,-1.673480392E0,8.970691681E0,-4.122833252E0
2.381218026E1,-2.032403708E0,9.255737305E0,-4.084548473E0
2.381455791E1,-2.240878344E0,9.248558998E0,-3.346960783E0
2.381693557E1,-2.053939104E0,9.202795982E0,-2.899502754E0
2.381931401E1,-1.548754454E0,9.322735786E0,-2.533101797E0
2.382169244E1,-1.094118118E0,9.499805450E0,-2.413460732E0
2.382407010E1,-1.110867858E0,9.542876244E0,-2.003988981E0
2.382644776E1,-1.060319543E0,9.439984322E0,-1.896311998E0
2.382882619E1,-6.678966284E-1,9.313164711E0,-1.953739643E0
2.383120463E1,-6.056832075E-1,9.327521324E0,-2.059023857E0
2.383358229E1,-5.793621540E-1,9.473484039E0,-2.257628202E0
2.383595994E1,-5.458626747E-1,9.856635094E0,-3.555435419E0
2.383833838E1,-6.296114326E-1,9.377771378E0,-3.529114246E0
2.384071682E1,-8.688937426E-1,8.199904442E0,-1.288235903E0
2.384309448E1,-1.244866014E0,8.417651176E0,-1.204487085E0
2.384547213E1,-1.326221943E0,9.166903496E0,-1.192523003E0
2.384785057E1,-1.149153113E0,9.638588905E0,-1.484447360E0
2.385022901E1,-1.000499010E0,9.724730492E0,-1.829312921E0
2.385260666E1,-1.153938770E0,9.815957069E0,-2.082952023E0
2.385498432E1,-1.189831018E0,9.830313683E0,-2.073380709E0
2.385736276E1,-3.302095234E-1,9.466305733E0,-2.032702923E0
2.385974119E1,-3.589234129E-2,9.399306297E0,-2.027917147E0
2.386211885E1,-2.536391914E-1,9.320343018E0,-2.209771633E0
2.386449651E1,-7.803592682E-1,9.018548965E0,-2.274377823E0
2.386687494E1,-7.109674215E-1,8.906085968E0,-2.626421928E0
2.386925338E1,-6.487540603E-1,8.913264275E0,-2.664707184E0
2.387163104E1,-6.487540603E-1,8.934800148E0,-2.592922449E0
2.387400869E1,-6.463612318E-1,9.020941734E0,-2.566601276E0
2.387638713E1,-1.173081279E0,9.794421196E0,-2.504388094E0
2.387876557E1,-5.889334679E-1,9.274879456E0,-2.286342144E0
2.388114323E1,-3.349951655E-2,8.721838951E0,-2.130808592E0
2.388352093E1,-5.264209956E-2,8.630612373E0,-2.161915302E0
2.388589937E1,-1.339980662E-1,8.731410027E0,-2.154736757E0
2.388827776E1,-2.105683982E-1,8.836693764E0,-2.176272154E0
2.389065541E1,-3.445664644E-1,8.896514893E0,-2.161915302E0
2.389303312E1,-6.104688644E-1,8.965906143E0,-2.063809633E0
2.389541156E1,-6.248258352E-1,9.107083321E0,-1.960918188E0
2.389778994E1,-1.805085540E0,9.597910881E0,-1.649552107E0
2.390016760E1,4.546362907E-2,8.623434067E0,-2.657528639E0
2.390254531E1,1.151545867E-1,9.231808662E0,-2.240878344E0
2.390492374E1,1.199402362E-1,9.109476089E0,-2.001596212E0
2.390730218E1,-2.392822690E-2,8.774480820E0,-1.831705689E0
2.390967984E1,-6.699903309E-2,8.659625053E0,-1.726122379E0
2.391205750E1,1.110867858E0,9.382556915E0,-6.205486298E0
2.391443593E1,4.381856322E-1,8.666803360E0,-2.377568483E0
2.391681437E1,-3.038884699E-1,7.893323898E0,-1.407876968E0
2.391919203E1,-1.354935765E0,7.005287170E0,1.496112347E0
2.392156968E1,-1.235294700E0,7.249355316E0,-5.742774159E-2
2.392394812E1,-2.440679073E-1,8.420043945E0,-1.601695657E0
2.392632656E1,3.807578981E-1,9.219844818E0,-2.358425856E0
2.392870421E1,4.908277392E-1,9.629017830E0,-2.478066921E0
2.393108187E1,9.098708034E-1,9.535696983E0,-2.600100994E0
2.393346031E1,9.074779749E-1,9.375378609E0,-2.547458887E0
2.393583874E1,7.208377868E-2,9.420842171E0,-2.564208508E0
2.393821640E1,-2.027618170E0,9.947562218E0,-2.135594130E0
2.394059406E1,-2.105683982E-1,9.142974854E0,-2.619243383E0
2.394297250E1,6.514459848E-1,9.487840652E0,-2.185843468E0
2.394535093E1,9.074779749E-1,9.142974854E0,-1.989632010E0
2.394772859E1,1.350449324E0,8.522934914E0,-2.169093609E0
2.395010624E1,1.245165110E0,8.317152023E0,-2.236092806E0
2.395248468E1,8.500502706E-1,8.314759254E0,-2.274377823E0
2.395486312E1,6.658028960E-1,8.793622971E0,-2.255235434E0
2.395724078E1,5.793621540E-1,9.078369141E0,-2.518744946E0
2.395961843E1,5.841478109E-1,1.030648518E1,-7.230212688E0
2.396199687E1,4.405784607E-1,9.523733139E0,-4.814658165E0
2.396437531E1,1.893320978E-1,8.233403206E0,2.201396823E-1
2.396675296E1,-1.433898926E0,6.820741177E0,2.987738132E0
2.396913062E1,-1.723729610E0,6.921239376E0,5.291129351E-1
2.397150906E1,-1.507478207E-1,8.398508072E0,-1.975275040E0
2.397388750E1,6.753742099E-1,9.528518677E0,-2.784348249E0
2.397626515E1,-3.110669553E-1,1.038574791E1,-2.825026274E0
2.397864286E1,-1.674975902E-1,1.084277630E1,-2.451745987E0
2.398102130E1,-8.832506537E-1,1.068724346E1,-2.030309916E0
2.398339968E1,5.410770178E-1,9.954740524E0,-2.252842426E0
2.398577734E1,9.912267923E-1,9.253344536E0,-2.631207705E0
2.398815505E1,1.221236825E0,8.700303078E0,-2.860918522E0
2.399053348E1,1.146760225E0,8.532505989E0,-2.971287489E0
2.399291192E1,3.783650696E-1,8.544470787E0,-2.702992201E0
2.399528958E1,7.375875711E-1,8.697910309E0,-2.427817583E0
2.399766724E1,5.434698462E-1,8.800801277E0,-2.564208508E0
2.400004567E1,2.802593410E-1,9.018548965E0,-2.619243383E0
2.400242411E1,7.686942816E-2,9.195617676E0,-2.748456001E0
2.400480177E1,-3.110669367E-2,9.396913528E0,-2.691028118E0
2.400717942E1,2.515454888E-1,9.880562782E0,-2.650350094E0
2.400955786E1,5.315057039E-1,1.016291618E1,-2.820240498E0
2.401193630E1,4.262215197E-1,1.004566765E1,-2.389532566E0
2.401431395E1,8.644071966E-2,9.499805450E0,-2.396710873E0
2.401669161E1,1.271187067E-1,9.681659698E0,-2.482852697E0
2.401907005E1,3.592225015E-1,1.024427223E1,-2.710170746E0
2.402144848E1,-3.732803464E-1,1.099621677E1,-2.691028118E0
2.402382614E1,-9.957132936E-1,1.163779163E1,-2.478066921E0
2.402620380E1,-8.665009141E-1,1.193210888E1,-2.545065880E0
2.402858224E1,-5.506483316E-1,1.159711361E1,-2.133201361E0
2.403096067E1,1.352842093E0,1.105842972E1,-2.549851656E0
2.403333833E1,1.903490424E0,1.032084274E1,-3.148356438E0
2.403571599E1,2.264806747E0,9.681659698E0,-3.509971619E0
2.403809442E1,1.999203324E0,9.576375008E0,-3.576970816E0
2.404047286E1,7.160521746E-1,9.758230209E0,-3.253640652E0
2.404285052E1,1.084546804E0,9.873384476E0,-2.976073265E0
2.404522817E1,9.409775138E-1,9.918848038E0,-3.279961586E0
2.404760661E1,7.495517135E-1,1.004806042E1,-3.445365429E0
2.404998505E1,6.323033571E-1,1.010788059E1,-3.505186081E0
2.405236270E1,5.913262963E-1,1.017966557E1,-3.447758436E0
2.405474036E1,6.610172391E-1,1.024427223E1,-3.413959742E0
2.405711880E1,7.686942816E-1,1.027537823E1,-3.380460262E0
2.405949724E1,1.594517231E0,1.091486073E1,-8.274081230E0
2.406187489E1,1.453340650E0,1.068485069E1,-2.195414782E0
2.406425255E1,3.664009571E-1,1.014138031E1,-3.222533941E0
2.406663098E1,-9.646066427E-1,8.527720451E0,3.780659735E-1
2.406900942E1,-7.181459069E-1,9.030512810E0,-7.112665176E-1
2.407138708E1,1.036690354E0,1.079970551E1,-3.655933857E0
2.407376479E1,1.819741607E0,1.127856922E1,-3.852145433E0
2.407614323E1,1.482054472E0,1.102493000E1,-3.732504129E0
2.407852166E1,8.739784956E-1,1.068724346E1,-3.505186081E0
2.408089932E1,5.626124144E-1,1.044796085E1,-3.636791229E0
2.408327698E1,5.123631358E-1,1.033789158E1,-3.486043453E0
2.408565541E1,5.650052428E-1,1.033041382E1,-3.428316593E0
2.408803380E1,5.386841893E-1,1.034506989E1,-3.399602890E0
2.409041145E1,5.051847100E-1,1.039292622E1,-3.339782238E0
2.409278916E1,5.195416212E-1,1.043838978E1,-3.416352510E0
2.409516760E1,4.716851711E-1,1.047428226E1,-3.327818155E0
2.409754604E1,4.477569461E-1,1.051256752E1,-3.442972660E0
2.409992369E1,3.783650696E-1,1.051974583E1,-3.301496983E0
2.410230135E1,2.706880569E-1,1.047667503E1,-3.385245800E0
2.410467979E1,2.036890239E-1,1.043599701E1,-3.342175007E0
2.410705823E1,1.103689447E-1,1.033789158E1,-3.342175007E0
2.410943588E1,-1.914258115E-2,1.024427223E1,-3.311068296E0
2.411181354E1,-1.363908947E-1,1.012941647E1,-3.270390272E0
2.411419198E1,-2.823530734E-1,1.003131104E1,-3.267997503E0
2.411657041E1,-3.613162339E-1,9.926026344E0,-3.098107100E0
2.411894807E1,-4.474578202E-1,9.832706451E0,-3.126821041E0
2.412132573E1,-5.051847100E-1,9.729516029E0,-2.894717216E0
2.412370416E1,-5.650052428E-1,9.640981674E0,-2.882753134E0
2.412608260E1,-6.056832075E-1,9.506983757E0,-2.705385208E0
2.412846026E1,-6.343970895E-1,9.428020477E0,-2.621636391E0
2.413083791E1,-6.726822853E-1,9.315557480E0,-2.449352980E0
2.413321635E1,-7.013961077E-1,9.198010445E0,-2.320140600E0
2.413559479E1,-6.798607111E-1,9.085547447E0,-2.204986095E0
2.413797244E1,-6.631109715E-1,9.016156197E0,-1.996810555E0
2.414035010E1,-6.678966284E-1,8.898907661E0,-1.905883193E0
2.414272854E1,-6.391827464E-1,8.839086533E0,-1.718943954E0
2.414510698E1,-6.726822853E-1,8.750552177E0,-1.623231053E0
2.414748463E1,-6.487540603E-1,8.709874153E0,-1.474876046E0
2.414986229E1,-6.152545214E-1,8.657232285E0,-1.422233939E0
2.415224073E1,-5.865406394E-1,8.647361755E0,-1.324128270E0
2.415461916E1,-5.554339290E-1,8.616254807E0,-1.233201027E0
2.415699682E1,-5.650052428E-1,8.659625053E0,-1.185344458E0
2.415937453E1,-5.315057039E-1,8.683553696E0,-1.110867858E0
2.416175296E1,-5.195416212E-1,8.736195564E0,-1.098903775E0
2.416413135E1,-4.546363056E-1,8.803194046E0,-1.031904817E0
2.416650901E1,-3.948157430E-1,8.910871506E0,-1.034297585E0
2.416888671E1,-3.230310678E-1,9.040083885E0,-9.768698215E-1
2.417126515E1,-2.847459018E-1,9.133403778E0,-9.840483069E-1
2.417364359E1,-2.703889608E-1,9.234201431E0,-9.625129104E-1
2.417602124E1,-2.321037948E-1,9.377771378E0,-9.625129104E-1
2.417839890E1,-2.129612118E-1,9.502198219E0,-9.553344250E-1
2.418077734E1,-1.483550072E-1,9.643374443E0,-9.002995491E-1
2.418315578E1,-8.135596663E-2,9.767801285E0,-9.649057388E-1
2.418553343E1,2.153540403E-2,9.875777245E0,-1.031904817E0
2.418791109E1,1.247258782E-1,9.918848038E0,-1.192523003E0
2.419028953E1,2.156531364E-1,9.969097137E0,-1.192523003E0
2.419266796E1,2.754737139E-1,9.985847473E0,-1.211665511E0
2.419504562E1,3.927220106E-1,9.966704369E0,-1.211665511E0
2.419742328E1,4.142574072E-1,9.942776680E0,-1.199701428E0
2.419980171E1,3.783650696E-1,9.784850121E0,-1.230808139E0
2.420218015E1,3.424727321E-1,9.640981674E0,-1.221236825E0
2.420455781E1,3.783650696E-1,9.619445801E0,-1.233201027E0
2.420693546E1,5.123631358E-1,9.588339806E0,-1.187737346E0
2.420931390E1,6.179464459E-1,9.468698502E0,-1.132403374E0
2.421169234E1,6.729813814E-1,9.358628273E0,-1.058225870E0
2.421407000E1,6.538388133E-1,9.212666512E0,-9.505487680E-1
2.421644765E1,6.777670383E-1,9.109476089E0,-8.500502706E-1
2.421882609E1,7.184450030E-1,8.946763992E0,-7.184450030E-1
2.422120453E1,7.686942816E-1,8.810373306E0,-6.299105883E-1
2.422358218E1,7.591229677E-1,8.685946465E0,-5.602195859E-1
2.422595984E1,7.758727670E-1,8.573184013E0,-4.405784607E-1
2.422833828E1,1.086939692E0,8.420043945E0,-2.898306549E-1
2.423071671E1,1.103689432E0,8.460721970E0,-2.252244353E-1
2.423309437E1,6.873382926E-1,8.439186096E0,1.196411345E-2
2.423547203E1,8.356932998E-1,8.321938515E0,1.316052526E-1
2.423785046E1,1.534696579E0,8.228617668E0,-4.546362907E-2
2.424022890E1,1.202094316E0,8.379365921E0,-4.785645287E-3
2.424260656E1,9.936196208E-1,8.443971634E0,5.503492057E-2
2.424498427E1,9.074779749E-1,8.499007225E0,2.153540403E-2
2.424736270E1,7.663014531E-1,8.693124771E0,3.589234129E-2
2.424974109E1,7.232306600E-1,8.872586250E0,9.332008660E-2
2.425211874E1,6.179464459E-1,9.135796547E0,-3.110669367E-2
2.425449645E1,5.338985324E-1,9.392127991E0,1.914258115E-2
2.425687489E1,4.549354017E-1,9.681659698E0,3.349951655E-2
2.425925333E1,3.496512175E-1,1.003609657E1,-1.196411345E-2
2.426163098E1,2.563311160E-1,1.030887794E1,-2.392822690E-2
2.426400864E1,1.749751568E-1,1.077817059E1,1.914258115E-2
2.426638708E1,5.772684515E-2,1.121874905E1,1.339980662E-1
2.426876552E1,-4.067798331E-2,1.152293682E1,8.614161611E-2
2.427114317E1,-2.201396823E-1,1.202333546E1,1.746760458E-1
2.427352083E1,-5.458626747E-1,1.244207954E1,1.196411327E-1
2.427589927E1,-7.468597889E-1,1.267687511E1,5.742774159E-2
2.427827770E1,-1.082154036E0,1.315334606E1,-7.447660714E-2
2.428065536E1,-1.333400369E0,1.336870003E1,1.052841991E-1
2.428303302E1,-1.381256819E0,1.341416359E1,3.661018610E-1
2.428541145E1,-1.364507079E0,1.370399475E1,6.535396576E-1
2.428778989E1,-1.496112347E0,1.390977669E1,9.933205247E-1
2.429016755E1,-1.819442511E0,1.388345623E1,9.550353289E-1
2.429254520E1,-2.046760559E0,1.368694592E1,6.966105103E-1
2.429492364E1,-2.147259235E0,1.384277821E1,6.822535396E-1
2.429730208E1,-2.353341103E0,1.395284748E1,6.607181430E-1
2.429967974E1,-2.573480844E0,1.410598850E1,5.482555032E-1
2.430205739E1,-2.961417198E0,1.411555958E1,4.546363056E-1
2.430443583E1,-3.349353552E0,1.400788307E1,4.809573591E-1
2.430681427E1,-3.097808123E0,1.386192036E1,4.546363056E-1
2.430919192E1,-2.956631422E0,1.398873997E1,4.546363056E-1
2.431156958E1,-2.781955481E0,1.387388515E1,4.666004181E-1
2.431394802E1,-2.621337175E0,1.379492188E1,2.560320199E-1
2.431632645E1,-2.465803623E0,1.363908863E1,2.512463629E-1
2.431870411E1,-2.377269268E0,1.341416359E1,1.627119333E-1
2.432108177E1,-2.355733871E0,1.291376495E1,2.656033039E-1
2.432346020E1,-1.852941990E0,1.228176022E1,-8.644071966E-2
2.432583864E1,-1.144367456E0,1.155882931E1,1.339980662E-1
2.432821630E1,-1.438684583E0,1.185075283E1,2.703889608E-1
2.433059401E1,-1.845763564E0,1.189143085E1,7.178468257E-2
2.433297244E1,-2.295913219E0,1.191535950E1,7.657032460E-2
2.433535088E1,-2.539981127E0,1.179571819E1,-1.749751568E-1
2.433772854E1,-2.484946251E0,1.192253780E1,-3.568296731E-1
2.434010619E1,-2.554338217E0,1.197996521E1,-2.635096014E-1
2.434248463E1,-2.429911375E0,1.155165005E1,-9.571290575E-3
2.434486307E1,-1.953440547E0,1.089811039E1,2.632105052E-1
2.434724073E1,-1.628016710E0,1.127139091E1,-3.759722710E-1
2.434961838E1,-1.259222865E0,1.126421261E1,-9.314061999E-1
2.435199682E1,-1.252044439E0,1.099143124E1,-1.058225870E0
2.435437526E1,-1.271187067E0,1.078774166E1,-1.130010486E0
2.435675291E1,-1.187438250E0,1.054845905E1,-1.086939692E0
2.435913057E1,-1.103689432E0,1.029452133E1,-1.003190875E0
2.436150901E1,-9.693922997E-1,1.007198906E1,-1.043868899E0
2.436388744E1,-6.990033388E-1,1.017009449E1,-8.500502706E-1
2.436626510E1,-8.258228898E-1,9.724730492E0,-1.110867858E0
2.436864276E1,-8.258228898E-1,9.363413811E0,-1.094118118E0
2.437102119E1,-7.444669604E-1,9.305986404E0,-1.211665511E0
2.437339963E1,-4.474578202E-1,9.341878891E0,-8.979067206E-1
2.437577729E1,3.352942765E-1,9.451948166E0,-1.821536273E-1
2.437815494E1,7.184450030E-1,9.485447884E0,-7.686942816E-2
2.438053338E1,6.705885530E-1,9.480662346E0,-5.482555032E-1
2.438291182E1,1.079761267E0,8.669196129E0,-1.094118118E0
2.438528948E1,1.257129192E0,8.140083313E0,-1.091725349E0
2.438766713E1,1.027119160E0,8.649754524E0,-1.917249113E-1
2.439004557E1,5.578267574E-1,8.992227554E0,-1.494018674E0
2.439242401E1,4.046861231E-1,9.380164146E0,-2.228914261E0
2.439480166E1,4.405784607E-1,9.717552185E0,-2.200200319E0
2.439717932E1,4.740779996E-1,1.030169964E1,-1.982453585E0
2.439955776E1,2.108674943E-1,1.035703373E1,-2.530709028E0
2.440193619E1,1.749751568E-1,1.047667503E1,-2.377568483E0
2.440431385E1,1.295115203E-1,1.055563831E1,-1.838884234E0
2.440669156E1,3.975076675E-1,1.084516907E1,-2.078166485E0
2.440907000E1,2.108674943E-1,1.024905777E1,-2.308176517E0
2.441144838E1,9.361918271E-2,9.475876808E0,-1.438983679E0
2.441382604E1,1.725823283E-1,9.780064583E0,-1.214058399E0
2.441620374E1,3.400799036E-1,9.760622978E0,-1.276271820E0
2.441858218E1,6.945167780E-1,1.022752190E1,-1.728515267E0
2.442096062E1,8.644071817E-1,8.951549530E0,-2.097309113E0
2.442333828E1,3.017947674E-1,9.202795982E0,-2.178664923E0
2.442571593E1,2.228316069E-1,8.774480820E0,-1.242772222E0
2.442809437E1,2.204387933E-1,9.114261627E0,2.584248483E-1
2.443047281E1,-2.081755698E-1,9.193224907E0,-5.315057039E-1
2.443285046E1,-4.905286431E-1,9.629017830E0,-8.500502706E-1
2.443522812E1,-4.378865361E-1,1.031366348E1,-9.960124493E-1
2.443760656E1,-9.861420393E-1,9.976275444E0,-1.367199063E0
2.443998500E1,-1.256830096E0,9.707980156E0,-1.003190875E0
2.444236265E1,-1.192223907E0,9.770194054E0,-8.476574421E-1
2.444474031E1,-1.256830096E0,9.935597420E0,-9.074779749E-1
2.444711874E1,-1.498505235E0,1.026102161E1,-4.262215197E-1
2.444949718E1,-1.194616675E0,1.066810036E1,-6.873382926E-1
2.445187484E1,-1.386042476E0,9.918848038E0,-4.405784607E-1
2.445425250E1,-1.524826288E0,9.349057198E0,-4.692923427E-1
2.445663093E1,-1.467398524E0,9.195617676E0,-2.180459648E-1
2.445900937E1,-1.412363529E0,8.882157326E0,3.254238665E-1
2.446138703E1,-1.326221943E0,8.937192917E0,-7.208377868E-2
2.446376468E1,-1.431506157E0,9.008976936E0,-3.783650696E-1
2.446614312E1,-1.639980793E0,8.879764557E0,-1.060618639E0
2.446852156E1,-1.558325768E0,8.635397911E0,-1.101296663E0
2.447089921E1,-1.335793257E0,8.621041298E0,-5.434698462E-1
2.447327687E1,-1.280758262E0,8.487042427E0,-3.592225015E-1
2.447565531E1,-1.010070205E0,8.487042427E0,-2.946162820E-1
2.447803374E1,-4.091726840E-1,9.243772507E0,-2.132603228E-1
2.448041140E1,-5.075774789E-1,8.657232285E0,-1.965105534E-1
2.448278906E1,-5.817549825E-1,8.027321815E0,-1.319043487E-1
2.448516750E1,-5.147559643E-1,8.084749222E0,-4.405784607E-1
2.448754593E1,-6.320042610E-1,8.195118904E0,-1.051047325E0
2.448992359E1,-6.750751138E-1,8.185546875E0,-1.019940615E0
2.449230130E1,-6.343970895E-1,8.159226418E0,-1.072582722E0
2.449467974E1,-3.302095234E-1,7.730611801E0,-1.125224829E0
2.449705817E1,1.893320978E-1,7.103393078E0,-1.202094316E0
2.449943583E1,4.549354017E-1,6.753741741E0,1.483550072E-1
2.450181349E1,-3.278166950E-1,7.340282440E0,-1.165902853E0
2.450419192E1,-7.468597889E-1,7.524529934E0,-2.159522533E0
2.450657036E1,-1.101296663E0,8.307580948E0,-2.377568483E0
2.450894802E1,-1.249651670E0,8.867800713E0,-2.039881229E0
2.451132567E1,-1.168295622E0,9.258130074E0,-1.769492388E0
2.451370411E1,-4.402793646E-1,9.382556915E0,-1.956132531E0
2.451608255E1,9.122636169E-2,9.219844818E0,-2.130808592E0
2.451846020E1,-1.698904037E-1,8.381758690E0,-1.996810555E0
2.452083786E1,-4.307080805E-1,7.993822098E0,-1.898704767E0
2.452321630E1,-5.291129351E-1,7.967501163E0,-1.807777524E0
2.452559474E1,-4.642075896E-1,8.084749222E0,-1.510768414E0
2.452797239E1,-3.445664644E-1,8.269295692E0,-2.468495607E0
2.453035005E1,-3.182454109E-1,8.108976364E0,-2.099701881E0
2.453272848E1,-3.613162339E-1,8.048856735E0,-1.963310957E0
2.453510692E1,-3.828516304E-1,8.015357971E0,-1.869990945E0
2.453748458E1,-3.541377485E-1,8.024929047E0,-1.898704767E0
2.453986224E1,-3.230310678E-1,8.089534760E0,-2.023131609E0
2.454224067E1,-2.368894368E-1,8.173583031E0,-2.236092806E0
2.454461911E1,-2.392822653E-1,8.216653824E0,-2.271985054E0
2.454699677E1,-2.440679073E-1,8.171190262E0,-2.176272154E0
2.454937442E1,-3.302095234E-1,8.152048111E0,-2.183450699E0
2.455175286E1,-4.307080805E-1,8.135297775E0,-2.178664923E0
2.455413130E1,-4.618147612E-1,8.166404724E0,-2.183450699E0
2.455650895E1,-5.219344497E-1,8.207082748E0,-2.145165443E0
2.455888666E1,-5.721837282E-1,8.192725182E0,-2.102094650E0
2.456126510E1,-6.343970895E-1,8.245368004E0,-2.056631088E0
2.456364348E1,-6.822535396E-1,8.245368004E0,-2.018345833E0
2.456602114E1,-7.564310431E-1,8.281260490E0,-2.003988981E0
2.456839885E1,-8.210372925E-1,8.319544792E0,-2.001596212E0
2.457077729E1,-9.143573642E-1,8.312366486E0,-1.977667928E0
2.457315573E1,-1.010070205E0,8.329116821E0,-1.941775560E0
2.457553338E1,-1.108475089E0,8.376973152E0,-1.946561217E0
2.457791104E1,-1.182652593E0,8.429615021E0,-1.944168448E0
2.458028948E1,-1.321436286E0,8.489435196E0,-1.984846354E0
2.458266791E1,-1.433898926E0,8.525327682E0,-2.001596212E0
2.458504557E1,-1.548754454E0,8.558827400E0,-2.051845312E0
2.458742323E1,-1.668694735E0,8.618648529E0,-2.063809633E0
2.458980166E1,-1.797907114E0,8.609076500E0,-2.097309113E0
2.459218010E1,-1.864906192E0,8.618648529E0,-2.109273195E0
2.459455776E1,-1.963011861E0,8.649754524E0,-2.142772675E0
2.459693541E1,-2.058724880E0,8.635397911E0,-2.195414782E0
2.459931385E1,-2.166401863E0,8.623434067E0,-2.212164640E0
2.460169229E1,-2.236092806E0,8.613862038E0,-2.238485575E0
2.460406994E1,-2.327019930E0,8.637790680E0,-2.260020971E0
2.460644760E1,-2.403590441E0,8.604290962E0,-2.303091764E0
2.460882604E1,-2.472982168E0,8.577970505E0,-2.336890459E0
2.461120448E1,-2.539981127E0,8.554041862E0,-2.379961252E0
2.461358213E1,-2.604587555E0,8.510971069E0,-2.425424814E0
2.461595979E1,-2.671586514E0,8.513363838E0,-2.497209549E0
2.461833823E1,-2.740978241E0,8.460721970E0,-2.557030201E0
2.462071666E1,-2.791526794E0,8.436793327E0,-2.638386011E0
2.462309432E1,-2.844168901E0,8.408080101E0,-2.724527597E0
2.462547198E1,-2.870489836E0,8.362615585E0,-2.796312332E0
2.462785041E1,-2.913560629E0,8.286046028E0,-2.875574589E0
2.463022885E1,-2.915953398E0,8.298009872E0,-2.942573547E0
2.463260651E1,-2.959024191E0,8.314759254E0,-3.009572744E0
2.463498416E1,-2.985345364E0,8.290831566E0,-3.064607620E0
2.463736260E1,-3.014059305E0,8.326724052E0,-3.107678413E0
2.463974104E1,-3.049951553E0,8.262117386E0,-3.133999348E0
2.464211869E1,-3.090629578E0,8.281260490E0,-3.136392355E0
2.464449640E1,-3.100200891E0,8.240582466E0,-3.117249727E0
2.464687484E1,-3.090629578E0,8.228617668E0,-3.098107100E0
2.464925328E1,-3.126521826E0,8.233403206E0,-3.071786165E0
2.465163093E1,-3.148057222E0,8.245368004E0,-3.019144058E0
2.465400859E1,-3.116950512E0,8.264510155E0,-3.023929596E0
2.465638703E1,-3.097808123E0,8.271688461E0,-2.983251572E0
2.465876546E1,-3.064308405E0,8.326724052E0,-2.921038151E0
2.466114312E1,-3.054737091E0,8.357830048E0,-2.887538671E0
2.466352078E1,-3.030808926E0,8.410472870E0,-2.865704298E0
2.466589921E1,-3.026023388E0,8.379365921E0,-2.820240498E0
2.466827765E1,-3.021237612E0,8.372187614E0,-2.774776936E0
2.467065531E1,-3.004487991E0,8.384151459E0,-2.758027315E0
2.467303296E1,-2.980559587E0,8.398508072E0,-2.731706142E0
2.467541140E1,-2.956631422E0,8.400900841E0,-2.729313374E0
2.467778984E1,-2.954238653E0,8.360222816E0,-2.705385208E0
2.468016750E1,-2.915953398E0,8.314759254E0,-2.743670225E0
2.468254515E1,-2.901596546E0,8.305188179E0,-2.731706142E0
2.468492359E1,-2.860918522E0,8.252546310E0,-2.748456001E0
2.468730203E1,-2.798705101E0,8.192725182E0,-2.796312332E0
2.468967968E1,-2.709871531E0,8.125726700E0,-2.844168901E0
2.469205734E1,-2.638087034E0,8.065607071E0,-2.885145903E0
2.469443578E1,-2.563909531E0,8.029714584E0,-2.925823927E0
2.469681421E1,-2.508874655E0,7.960322857E0,-2.942573547E0
2.469919187E1,-2.437089920E0,7.907680511E0,-2.916252613E0
2.470156953E1,-2.348555326E0,7.900502205E0,-2.906681299E0
2.470394796E1,-2.303091764E0,7.893323898E0,-2.839383125E0
2.470632640E1,-2.243271112E0,7.922037601E0,-2.769991398E0
2.470870406E1,-2.212164640E0,7.969893932E0,-2.714956284E0
2.471108171E1,-2.175973177E0,8.036892891E0,-2.695813894E0
2.471346015E1,-2.193022013E0,8.159226418E0,-2.659921408E0
2.471583859E1,-2.216950178E0,8.309973717E0,-2.643171787E0
2.471821624E1,-2.240878344E0,8.465507507E0,-2.635993242E0
2.472059395E1,-2.262413740E0,8.633005142E0,-2.624029160E0
2.472297239E1,-2.293520451E0,8.839086533E0,-2.588136673E0
2.472535078E1,-2.358126640E0,9.035298347E0,-2.621636391E0
2.472772843E1,-2.427518606E0,9.250951767E0,-2.600100994E0
2.473010614E1,-2.496910334E0,9.439984322E0,-2.631207705E0
2.473248458E1,-2.556730986E0,9.609874725E0,-2.647957325E0
2.473486302E1,-2.633301258E0,9.696016312E0,-2.676671267E0
2.473724067E1,-2.688336134E0,9.796813965E0,-2.767598391E0
2.473961833E1,-2.736192703E0,9.863813400E0,-2.805883646E0
2.474199677E1,-2.755634308E0,9.937990189E0,-2.844168901E0
2.474437520E1,-2.798705101E0,1.000259686E1,-2.844168901E0
2.474675286E1,-2.796312332E0,1.001695347E1,-2.848954439E0
2.474913052E1,-2.740978241E0,1.002413273E1,-2.815454960E0
2.475150895E1,-2.702693224E0,1.006241703E1,-2.769991398E0
2.475388739E1,-2.688336134E0,1.010548782E1,-2.705385208E0
2.475626505E1,-2.695514679E0,1.009352398E1,-2.710170746E0
2.475864270E1,-2.772384167E0,1.002173901E1,-2.628814697E0
2.476102114E1,-2.798705101E0,9.923633575E0,-2.568994284E0
2.476339958E1,-2.820240498E0,9.878170013E0,-2.516352177E0
2.476577724E1,-2.853740215E0,9.820742607E0,-2.454138756E0
2.476815489E1,-2.889632463E0,9.710372925E0,-2.387139797E0
2.477053333E1,-2.829811811E0,9.760622978E0,-2.317747831E0
2.477291177E1,-2.860918522E0,9.755837440E0,-2.322533369E0
2.477528942E1,-2.887239695E0,9.712766647E0,-2.329711914E0
2.477766708E1,-2.892025232E0,9.600303650E0,-2.320140600E0
2.478004552E1,-2.911167860E0,9.521340370E0,-2.288734913E0
2.478242395E1,-2.920739174E0,9.456734657E0,-2.264806747E0
2.478480161E1,-2.935096025E0,9.377771378E0,-2.216950178E0
2.478717927E1,-2.970988512E0,9.296415329E0,-2.193022013E0
2.478955770E1,-2.980559587E0,9.262915611E0,-2.142772675E0
2.479193614E1,-2.997309446E0,9.282057762E0,-2.109273195E0
2.479431380E1,-3.028416157E0,9.274879456E0,-2.126022816E0
2.479669151E1,-3.042773008E0,9.265308380E0,-2.190629244E0
2.479906994E1,-3.006880760E0,9.246166229E0,-2.236092806E0
2.480144833E1,-3.014059305E0,9.246166229E0,-2.295913219E0
2.480382599E1,-2.980559587E0,9.258130074E0,-2.375175476E0
2.480620369E1,-2.925524712E0,9.325128555E0,-2.396710873E0
2.480858213E1,-2.868097067E0,9.423234940E0,-2.358425856E0
2.481096052E1,-2.784348249E0,9.595518112E0,-2.286342144E0
2.481333817E1,-2.683550596E0,9.825528145E0,-2.157129526E0
2.481571588E1,-2.537588358E0,1.011505985E1,-2.030309916E0
2.481809432E1,-2.389233351E0,1.046231747E1,-1.917847395E0
2.482047276E1,-2.137687922E0,1.091486073E1,-1.834098577E0
2.482285041E1,-1.783550143E0,1.145563793E1,-1.779063582E0
2.482522807E1,-1.347757339E0,1.207597733E1,-1.805384636E0
2.482760651E1,-9.574281573E-1,1.275105286E1,-1.946561217E0
2.482998494E1,-5.219344497E-1,1.357448292E1,-2.118844509E0
2.483236260E1,-5.264209956E-2,1.453699589E1,-2.293520451E0
2.483474026E1,3.831507266E-1,1.550668716E1,-2.461317301E0
2.483711869E1,6.562315822E-1,1.644018745E1,-2.679064035E0
2.483949713E1,8.596215248E-1,1.732134438E1,-2.793919563E0
2.484187479E1,1.034297585E0,1.814955902E1,-2.901895761E0
2.484425244E1,1.177866936E0,1.882732582E1,-2.983251572E0
2.484663088E1,1.252343535E0,1.925803566E1,-2.944966555E0
2.484900932E1,1.271486163E0,1.944497490E1,-2.904288530E0
2.485138698E1,1.199701428E0,1.937318993E1,-2.760420084E0
2.485376463E1,1.130010486E0,1.913839340E1,-2.521137714E0
2.485614307E1,1.118046403E0,1.870260048E1,-2.271985054E0
2.485852151E1,1.130010486E0,1.813998795E1,-2.042274237E0
2.486089916E1,1.151545882E0,1.740030670E1,-1.774278045E0
2.486327682E1,1.151545882E0,1.654577065E1,-1.515554070E0
2.486565526E1,1.163509965E0,1.563350677E1,-1.307378531E0
2.486803369E1,1.127617717E0,1.474277878E1,-1.218844056E0
2.487041135E1,1.070189953E0,1.393849087E1,-1.230808139E0
2.487278906E1,9.457631707E-1,1.324905872E1,-1.261914849E0
2.487516750E1,7.495517135E-1,1.270080376E1,-1.395912886E0
2.487754588E1,4.310071766E-1,1.223390388E1,-1.616052628E0
2.487992354E1,5.024927482E-2,1.175504017E1,-1.886740685E0
2.488230124E1,-3.876372576E-1,1.120439243E1,-2.169093609E0
2.488467968E1,-7.971090674E-1,1.056999493E1,-2.346461773E0
2.488705812E1,-1.187438250E0,9.885348320E0,-2.478066921E0
2.488943578E1,-1.486541033E0,9.217452049E0,-2.523530483E0
2.489181343E1,-1.692622900E0,8.573184013E0,-2.482852697E0
2.489419187E1,-1.862513304E0,8.029714584E0,-2.387139797E0
2.489657031E1,-1.991725802E0,7.539186001E0,-2.320140600E0
2.489894796E1,-2.085045815E0,7.091429234E0,-2.257628202E0
2.490132562E1,-2.187937260E0,6.703492641E0,-2.252842426E0
2.490370406E1,-2.164009094E0,6.409175396E0,-2.185843468E0
2.490608250E1,-2.061117649E0,6.236593246E0,-2.025524378E0
2.490846015E1,-1.817049742E0,6.136094570E0,-1.755135417E0
2.491083781E1,-1.625324726E0,6.045167446E0,-1.467697620E0
2.491321624E1,-1.453041553E0,5.990132332E0,-1.134796143E0
2.491559468E1,-1.259222865E0,5.908776283E0,-7.710871100E-1
2.491797234E1,-1.041176915E0,5.815157413E0,-3.903291821E-1
2.492035000E1,-8.425726891E-1,5.719444275E0,-2.153540403E-2
2.492272843E1,-7.109674215E-1,5.657230854E0,2.344966233E-1
2.492510687E1,-6.056832075E-1,5.618945599E0,4.474578202E-1
2.492748453E1,-5.000999570E-1,5.592624664E0,6.559324861E-1
2.492986218E1,-3.086741269E-1,5.645267010E0,7.731808424E-1
2.493224062E1,-1.172483116E-1,5.724229813E0,8.090731502E-1
2.493461906E1,6.490531564E-2,5.822335720E0,7.109674215E-1
2.493699671E1,2.515454888E-1,5.942276001E0,5.817549825E-1
2.493937437E1,4.381856322E-1,6.073881149E0,4.331009090E-1
2.494175281E1,6.032904387E-1,6.222236156E0,3.517449200E-1
2.494413124E1,7.519445419E-1,6.507281303E0,2.368894368E-1
2.494650890E1,8.285148144E-1,6.744170666E0,6.939185411E-2
2.494888661E1,9.194421172E-1,7.014858723E0,-1.223330572E-1
2.495126505E1,1.003190875E0,7.395317554E0,-3.496512175E-1
2.495364348E1,1.094118118E0,7.859824181E0,-6.152545214E-1
2.495602114E1,1.209272742E0,8.432007790E0,-9.314061999E-1
2.495839880E1,1.309771299E0,9.068798065E0,-1.269093275E0
2.496077724E1,1.431805253E0,9.796813965E0,-1.668694735E0
2.496315567E1,1.501197100E0,1.059392357E1,-2.070987940E0
2.496553333E1,1.599302888E0,1.145324516E1,-2.535494804E0
2.496791099E1,1.647159338E0,1.221236897E1,-2.976073265E0
2.497028942E1,1.678265929E0,1.295205021E1,-3.363710403E0
2.497266786E1,1.654337764E0,1.359362507E1,-3.672683716E0
2.497504552E1,1.568196177E0,1.418973732E1,-4.015156269E0
2.497742317E1,1.434198022E0,1.464706516E1,-4.302295208E0
2.497980161E1,1.187737346E0,1.499193096E1,-4.527220249E0
2.498218005E1,9.457631707E-1,1.535564041E1,-4.824229717E0
2.498455770E1,6.634100676E-1,1.540618896E1,-4.900799751E0
2.498693536E1,3.999004960E-1,1.532931900E1,-4.970191956E0
2.498931380E1,1.630110443E-1,1.517857170E1,-5.025226593E0
2.499169224E1,-4.211367965E-1,1.485554028E1,-4.989334106E0
2.499406989E1,-8.138588071E-1,1.439821243E1,-4.838586330E0
2.499644755E1,-1.060319543E0,1.383799267E1,-4.474578381E0
2.499882598E1,-1.192223907E0,1.315573883E1,-4.118047714E0
2.500120442E1,-1.137188911E0,1.251147175E1,-3.797110319E0
2.500358208E1,-1.010070205E0,1.185793209E1,-3.507578850E0
2.500595974E1,-8.784649968E-1,1.120678520E1,-3.236890793E0
2.500833817E1,-7.516453862E-1,1.056760216E1,-2.930609465E0
2.501071661E1,-5.434698462E-1,1.001216793E1,-2.621636391E0
2.501309427E1,-3.349951804E-1,9.495018959E0,-2.320140600E0
2.501547192E1,-9.332008660E-2,8.968298912E0,-2.018345833E0
2.501785036E1,1.773679852E-1,8.554041862E0,-1.810170293E0
2.502022880E1,4.429712892E-1,8.235795975E0,-1.599302888E0
2.502260645E1,6.634100676E-1,7.919644833E0,-1.398305774E0
2.502498416E1,8.572286963E-1,7.625327587E0,-1.309771299E0
2.502736260E1,1.003190875E0,7.349853992E0,-1.173081279E0
2.502974098E1,1.151545882E0,7.146463871E0,-1.010369420E0
2.503211864E1,1.302592874E0,6.974180698E0,-7.902296782E-1
2.503449635E1,1.489233017E0,6.842276573E0,-6.056832075E-1
2.503687479E1,1.680658817E0,6.787241459E0,-4.190430641E-1
2.503925323E1,1.908276081E0,6.806384087E0,-3.305086195E-1
2.504163088E1,2.126022816E0,6.974180698E0,-4.310071766E-1
2.504400854E1,2.305783749E0,7.127321243E0,-5.099703074E-1
2.504638698E1,2.267199516E0,7.062715054E0,-3.257229924E-1
2.504876541E1,2.149951220E0,7.029215813E0,-1.127617657E-1
2.505114307E1,2.073380709E0,7.077072144E0,-0.000000000E0
2.505352073E1,2.082952023E0,7.266105175E0,-2.153540403E-2
2.505589916E1,2.238485575E0,7.553543091E0,-1.366899908E-1
2.505827760E1,2.360818624E0,7.838288784E0,-2.778665423E-1
2.506065526E1,2.427817583E0,8.120941162E0,-4.357928336E-1
2.506303291E1,2.432603359E0,8.388936996E0,-5.913262963E-1
2.506541135E1,2.432603359E0,8.640183449E0,-8.213363886E-1
2.506778979E1,2.437388897E0,8.855836868E0,-1.048654556E0
2.507016744E1,2.468495607E0,9.114261627E0,-1.371984720E0
2.507254510E1,2.437388897E0,9.372985840E0,-1.549053550E0
2.507492354E1,2.382354021E0,9.502198219E0,-1.594517231E0
2.507730198E1,2.317747831E0,9.624231339E0,-1.714158297E0
2.507967963E1,2.260020971E0,9.715159416E0,-1.932204247E0
2.508205729E1,2.286342144E0,9.835099220E0,-2.262413740E0
2.508443573E1,2.305783749E0,9.997811317E0,-2.624029160E0
2.508681416E1,2.298306227E0,1.012702370E1,-2.825026274E0
2.508919182E1,2.250449657E0,1.019162941E1,-2.944966555E0
2.509156953E1,2.135594130E0,1.023948669E1,-3.095714331E0
2.509394796E1,2.030309916E0,1.026819992E1,-3.236890793E0
2.509632635E1,1.874776483E0,1.031605625E1,-3.346960783E0
2.509870401E1,1.781456470E0,1.047667503E1,-3.572185040E0
2.510108171E1,1.625623941E0,1.043121147E1,-3.576970816E0
2.510346015E1,1.460519075E0,1.033280659E1,-3.447758436E0
2.510583854E1,1.364806175E0,1.027537823E1,-3.244069338E0
2.510821619E1,1.427019596E0,1.040010452E1,-3.007179976E0
2.511059390E1,1.348056436E0,1.013659477E1,-2.281556368E0
2.511297234E1,1.795813441E0,1.007438183E1,-1.007976532E0
2.511535078E1,8.333004713E-1,9.945169449E0,-2.466102839E0
2.511772843E1,7.734799385E-1,9.909276962E0,-2.466102839E0
2.512010609E1,2.635096014E-1,9.873384476E0,-3.189034462E0
2.512248453E1,-1.555334777E-1,9.835099220E0,-3.868895054E0
2.512486296E1,-4.378865361E-1,9.743872643E0,-4.005585194E0
2.512724062E1,-5.985047817E-1,9.612267494E0,-3.998406649E0
2.512961828E1,-5.147559643E-1,9.722337723E0,-3.923929930E0
2.513199671E1,-3.804588020E-1,9.849455833E0,-3.459722519E0
2.513437515E1,-3.278166950E-1,9.775279045E0,-2.968894720E0
2.513675281E1,-4.139583111E-1,9.573982239E0,-2.801098108E0
2.513913046E1,-4.737788737E-1,9.456734657E0,-2.719742060E0
2.514150890E1,-5.051847100E-1,9.329915047E0,-2.461317301E0
2.514388734E1,-4.977070987E-1,9.349057198E0,-2.399103880E0
2.514626500E1,-4.594219327E-1,9.382556915E0,-2.305484533E0
2.514864265E1,-4.187439680E-1,9.384949684E0,-2.183450699E0
2.515102109E1,-3.421736360E-1,9.411270142E0,-2.149951220E0
2.515339953E1,-2.751746178E-1,9.483055115E0,-2.087737799E0
2.515577718E1,-2.584248483E-1,9.454340935E0,-1.936989903E0
2.515815484E1,-2.392822653E-1,9.399306297E0,-1.953739643E0
2.516053328E1,-3.038884699E-1,9.205188751E0,-1.934597135E0
2.516291171E1,-3.613162339E-1,9.068798065E0,-1.879562140E0
2.516528937E1,-3.182454109E-1,8.987442017E0,-1.702194214E0
2.516766703E1,-9.332008660E-2,9.207581520E0,-2.092523336E0
2.517004546E1,-1.028913707E-1,8.944371223E0,-1.460519075E0
2.517242390E1,-1.292124242E-1,8.662017822E0,-1.453340650E0
2.517480156E1,7.447660714E-2,8.740981102E0,-1.630409479E0
2.517717927E1,2.850449979E-1,9.111868858E0,-1.561017632E0
2.517955770E1,2.730808854E-1,8.985049248E0,-1.589731574E0
2.518193614E1,2.108674943E-1,8.915657043E0,-1.711765528E0
2.518431380E1,2.539383173E-1,8.846264839E0,-1.709372640E0
2.518669145E1,4.860421121E-1,9.104690552E0,-2.568994284E0
2.518906989E1,5.530411601E-1,9.035298347E0,-1.788634896E0
2.519144833E1,4.645066857E-1,8.750552177E0,-1.702194214E0
2.519382598E1,4.429712892E-1,8.817551613E0,-1.972882271E0
2.519620364E1,3.783650696E-1,8.678768158E0,-1.927418590E0
2.519858208E1,7.064808607E-1,8.743373871E0,-2.078166485E0
2.520096052E1,9.337990284E-1,8.891729355E0,-2.252842426E0
2.520333817E1,1.228415370E0,9.085547447E0,-2.317747831E0
2.520571583E1,1.424626827E0,9.135796547E0,-2.403889418E0
2.520809427E1,1.699801445E0,9.734301567E0,-4.220939159E0
2.521047270E1,1.386341572E0,9.315557480E0,-2.662314177E0
2.521285036E1,1.007976532E0,8.479864120E0,-1.360020518E0
2.521522802E1,9.002995491E-1,8.283653259E0,-1.786242127E0
2.521760645E1,1.134796143E0,8.161619186E0,-2.078166485E0
2.521998489E1,1.266700506E0,8.736195564E0,-2.288734913E0
2.522236255E1,1.048654556E0,8.973084450E0,-2.348854542E0
2.522474020E1,7.519445419E-1,9.166903496E0,-2.518744946E0
2.522711864E1,1.089332461E0,9.121439934E0,-2.643171787E0
2.522949708E1,1.577767372E0,9.195617676E0,-2.758027315E0
2.523187505E1,1.616052628E0,9.224630356E0,-2.772384167E0
2.523425291E1,1.651944876E0,9.329915047E0,-3.069393158E0
2.523663104E1,2.133201361E0,1.022273636E1,-6.672386169E0
2.523900927E1,1.975275040E0,9.652945518E0,-4.311866283E0
2.524138692E1,1.091725349E0,8.338687897E0,-6.634100676E-1
2.524376463E1,4.908277392E-1,7.895716667E0,-9.026923180E-1
2.524614307E1,4.597210586E-1,8.053643227E0,-1.556231976E0
2.524852145E1,9.026923180E-1,8.616254807E0,-2.135594130E0
2.525089911E1,1.300199986E0,9.075976372E0,-2.609672308E0
2.525327682E1,1.266700506E0,9.502198219E0,-2.781955481E0
2.525565526E1,6.801598072E-1,9.777671814E0,-2.655135870E0
2.525803364E1,9.768698215E-1,9.602696419E0,-2.595315218E0
2.526041130E1,1.000798106E0,9.284450531E0,-2.870789051E0
2.526278901E1,1.211665511E0,8.894122124E0,-3.509971619E0
2.526516744E1,1.661516190E0,8.630612373E0,-3.634398460E0
2.526754588E1,1.491625786E0,8.558827400E0,-3.572185040E0
2.526992354E1,1.108475089E0,8.494221687E0,-3.469293833E0
2.527230119E1,6.610172391E-1,8.305188179E0,-3.258426189E0
2.527467963E1,3.999004960E-1,8.209475517E0,-3.081357241E0
2.527705807E1,2.922234535E-1,8.281260490E0,-2.978466034E0
2.527943573E1,2.180459648E-1,8.369794846E0,-3.090928555E0
2.528181338E1,1.845464408E-1,8.458329201E0,-3.138785124E0
2.528419182E1,1.630110443E-1,8.441578865E0,-3.138785124E0
2.528657026E1,1.558325738E-1,8.427222252E0,-3.100499868E0
2.528894791E1,1.366899908E-1,8.374580383E0,-3.078964472E0
2.529132557E1,8.883354068E-2,8.345866203E0,-3.028715372E0
2.529370401E1,-4.785645287E-3,8.350651741E0,-2.940180779E0
2.529608244E1,-1.483550072E-1,8.343473434E0,-2.681456804E0
2.529846010E1,-9.981061220E-1,8.702695847E0,-2.707777977E0
2.530083776E1,-6.535396576E-1,8.398508072E0,-2.777169704E0
2.530321619E1,-4.426721931E-1,8.484649658E0,-2.547458887E0
2.530559463E1,-5.264209956E-2,8.084749222E0,-3.011965513E0
2.530797229E1,5.793621540E-1,7.706683636E0,-3.356531858E0
2.531034994E1,5.051847100E-1,7.596613884E0,-3.301496983E0
2.531272838E1,9.361918271E-2,7.644470215E0,-3.133999348E0
2.531510682E1,-2.225325108E-1,7.773682594E0,-2.961716175E0
2.531748448E1,-4.474578202E-1,7.924430370E0,-2.976073265E0
2.531986213E1,-5.745765567E-1,8.092226982E0,-3.035893679E0
2.532224057E1,-6.463612318E-1,8.238189697E0,-3.129213810E0
2.532461901E1,-7.229315639E-1,8.336295128E0,-3.160320520E0
2.532699666E1,-7.396813035E-1,8.420043945E0,-3.227319479E0
2.532937437E1,-8.330013752E-1,8.513363838E0,-3.270390272E0
2.533175234E1,-9.933205247E-1,8.570791245E0,-3.344567776E0
2.533413020E1,-1.122832060E0,8.657232285E0,-3.327818155E0
2.533650833E1,-1.223330617E0,8.712266922E0,-3.258426189E0
2.533888656E1,-1.321436286E0,8.812766075E0,-3.193820000E0
2.534126500E1,-1.429113269E0,8.922835350E0,-3.153141975E0
2.534364343E1,-1.517647743E0,9.004191399E0,-3.155534744E0
2.534602109E1,-1.359721422E0,9.154939651E0,-2.863311291E0
2.534839874E1,-1.462612867E0,9.246166229E0,-2.736491680E0
2.535077718E1,-1.716551185E0,9.286844254E0,-2.942573547E0
2.535315562E1,-1.903191328E0,9.296415329E0,-3.026322365E0
2.535553328E1,-2.018046856E0,9.394520760E0,-3.052643538E0
2.535791093E1,-2.030010939E0,9.475876808E0,-3.035893679E0
2.536028937E1,-1.996511340E0,9.590732574E0,-2.973680258E0
2.536266781E1,-1.891227245E0,9.660123825E0,-2.892324448E0
2.536504546E1,-1.766800404E0,9.621838570E0,-2.750848770E0
2.536742312E1,-1.814656854E0,9.607481956E0,-2.913859844E0
2.536980156E1,-2.070688963E0,9.758230209E0,-2.978466034E0
2.537218000E1,-2.243271112E0,9.827920914E0,-3.098107100E0
2.537455765E1,-2.518445730E0,1.032562828E1,-2.832204819E0
2.537693531E1,-3.121736288E0,1.084277630E1,-2.710170746E0
2.537931374E1,-2.690729141E0,1.056520939E1,-2.805883646E0
2.538169218E1,-2.089831591E0,1.036421204E1,-2.836990356E0
2.538406984E1,-1.683051586E0,1.021795082E1,-2.724527597E0
2.538644750E1,-1.687837243E0,1.007438183E1,-2.880360365E0
2.538882593E1,-1.721336842E0,1.042642593E1,-2.588136673E0
2.539120437E1,-1.989332914E0,1.053649521E1,-1.982453585E0
2.539358203E1,-2.233700037E0,1.071595669E1,-3.220141172E0
2.539595974E1,-1.024427176E0,1.088106155E1,-9.672387123E0
2.539833817E1,-1.814656854E0,1.051974583E1,-5.260022163E0
2.540071661E1,-2.003689766E0,9.835099220E0,-6.251249313E-1
2.540309427E1,-2.848954439E0,9.265308380E0,1.455434322E0
2.540547192E1,-3.528815269E0,8.992227554E0,1.805085540E0
2.540785036E1,-2.774776936E0,9.782457352E0,-1.965105534E-1
2.541022880E1,-1.730908036E0,1.086909771E1,-1.850848317E0
2.541260645E1,-1.216152072E0,1.155404282E1,-2.418246269E0
2.541498411E1,-1.192223907E0,1.189621735E1,-2.399103880E0
2.541736255E1,-1.197009563E0,1.203051376E1,-2.233700037E0
2.541974098E1,-2.116152525E0,1.251147175E1,-2.032702923E0
2.542211864E1,-1.862513304E0,1.199910831E1,-1.831705689E0
2.542449630E1,-1.443470240E0,1.147268772E1,-1.673480392E0
2.542687474E1,-1.033998489E0,1.128096199E1,-1.649552107E0
2.542925317E1,-1.919941068E0,1.193450165E1,-1.170688510E0
2.543163083E1,-1.094118118E0,1.160190010E1,-1.173081279E0
2.543400849E1,-1.507478207E-1,1.110867882E1,-1.649552107E0
2.543638692E1,5.264209956E-2,1.099621677E1,-1.460519075E0
2.543876536E1,4.812564552E-1,1.062024403E1,-1.558624864E0
2.544114302E1,5.410770178E-1,1.064895821E1,-1.740479350E0
2.544352067E1,6.442674994E-1,1.155882931E1,-4.577768803E0
2.544589911E1,2.778665423E-1,1.144367409E1,-6.442675114E0
2.544827755E1,-1.295115232E0,1.032323551E1,-3.196212769E0
2.545065520E1,-1.158724308E0,9.514162064E0,1.579861164E0
2.545303286E1,-2.061117649E0,8.561220169E0,3.104986429E0
2.545541130E1,-1.967797518E0,9.052047729E0,1.115653515E0
2.545778974E1,-1.122832060E0,1.044556808E1,-1.467697620E0
2.546016739E1,-4.522434771E-1,1.119242764E1,-2.810669184E0
2.546254505E1,-2.321037948E-1,1.129053402E1,-3.047857761E0
2.546492348E1,-1.196411345E-2,1.091486073E1,-3.220141172E0
2.546730192E1,-1.842473447E-1,1.040728283E1,-3.265604734E0
2.546967958E1,-5.721837282E-1,1.000498962E1,-3.318246841E0
2.547205729E1,-8.736793399E-1,9.679266930E0,-3.212962627E0
2.547443573E1,-1.252044439E0,9.504590988E0,-3.229712248E0
2.547681411E1,-2.010868311E0,9.808777809E0,-3.368496180E0
2.547919177E1,-1.493719578E0,9.499805450E0,-3.435794115E0
2.548156948E1,-8.545367718E-1,9.231808662E0,-3.687040567E0
2.548394791E1,-6.128616929E-1,9.040083885E0,-3.588934898E0
2.548632635E1,-3.278166950E-1,8.592327118E0,-3.773182154E0
2.548870401E1,-5.817549825E-1,8.396115303E0,-3.880859137E0
2.549108166E1,-8.784649968E-1,8.405686378E0,-3.904787540E0
2.549346010E1,-1.168295622E0,8.453543663E0,-3.945465326E0
2.549583854E1,-2.561516523E0,8.714659691E0,-3.447758436E0
2.549821619E1,-1.845763564E0,8.915657043E0,-3.203391314E0
2.550059385E1,-1.812264085E0,9.116654396E0,-3.581756353E0
2.550297229E1,-9.430712461E-1,8.489435196E0,-4.192225456E0
2.550535073E1,-1.411765367E-1,7.929215908E0,-4.407579422E0
2.550772838E1,2.060818523E-1,7.591827869E0,-4.433900356E0
2.551010604E1,-2.799602449E-1,7.579864025E0,-4.297509670E0
2.551248448E1,-8.282157183E-1,7.744968891E0,-4.180261135E0
2.551486291E1,-1.005284667E0,7.931608677E0,-4.115654945E0
2.551724057E1,-1.033998489E0,8.183154106E0,-4.046263218E0
2.551961823E1,-9.622138143E-1,8.422436714E0,-4.074976921E0
2.552199666E1,-8.282157183E-1,8.544470787E0,-4.012763500E0
2.552437510E1,-8.066803217E-1,8.693124771E0,-3.957429647E0
2.552675276E1,-7.875377536E-1,8.788837433E0,-3.751646757E0
2.552913041E1,-7.731808424E-1,8.798408508E0,-3.646362543E0
2.553150885E1,-7.707880139E-1,8.815158844E0,-3.512364626E0
2.553388729E1,-7.779664397E-1,8.805587769E0,-3.438187122E0
2.553626494E1,-7.396813035E-1,8.772088051E0,-3.346960783E0
2.553864260E1,-6.942176819E-1,8.726624489E0,-3.270390272E0
2.554102104E1,-6.487540603E-1,8.671588898E0,-3.174677372E0
2.554339948E1,-5.793621540E-1,8.657232285E0,-3.047857761E0
2.554577713E1,-5.554339290E-1,8.599505424E0,-3.004786968E0
2.554815484E1,-5.386841893E-1,8.589934349E0,-2.973680258E0
2.555053328E1,-5.267201066E-1,8.537292480E0,-2.921038151E0
2.555291171E1,-5.243272781E-1,8.542078018E0,-2.810669184E0
2.555528937E1,-5.697908998E-1,8.549256325E0,-2.772384167E0
2.555766703E1,-6.343970895E-1,8.556434631E0,-2.746062994E0
2.556004546E1,-7.061817646E-1,8.664410591E0,-2.614457846E0
2.556242390E1,-7.157530785E-1,8.805587769E0,-2.557030201E0
2.556480156E1,-7.348956466E-1,8.920442581E0,-2.521137714E0
2.556717921E1,-7.301099896E-1,9.073583603E0,-2.444567442E0
2.556955765E1,-6.774678826E-1,9.207581520E0,-2.372782707E0
2.557193609E1,-5.985047817E-1,9.351449966E0,-2.288734913E0
2.557431374E1,-5.506483316E-1,9.528518677E0,-2.250449657E0
2.557669140E1,-4.354937077E-1,9.672088623E0,-2.169093609E0
2.557906984E1,-3.589234054E-1,9.796813965E0,-2.106880426E0
2.558144828E1,-2.847459018E-1,9.894919395E0,-2.032702923E0
2.558382593E1,-9.810572863E-2,9.983454704E0,-1.927418590E0
2.558620359E1,7.208377868E-2,1.004088211E1,-1.783849239E0
2.558858203E1,2.515454888E-1,1.006720352E1,-1.706979871E0
2.559096046E1,3.687937856E-1,1.004088211E1,-1.659123421E0
2.559333812E1,5.410770178E-1,1.001695347E1,-1.661516190E0
2.559571578E1,6.873382926E-1,9.981060982E0,-1.601695657E0
2.559809421E1,8.883354068E-1,9.902098656E0,-1.537089467E0
2.560047265E1,1.048654556E0,9.813564301E0,-1.470090389E0
2.560285031E1,1.235593796E0,9.691230774E0,-1.410269856E0
2.560522796E1,1.422233939E0,9.550054550E0,-1.324128270E0
2.560760640E1,1.659123421E0,9.368199348E0,-1.288235903E0
2.560998484E1,1.661516190E0,9.272486687E0,-1.273878932E0
2.561236250E1,1.422233939E0,9.164510727E0,-1.161117196E0
2.561474015E1,1.474876046E0,9.047262192E0,-1.098903775E0
2.561711859E1,1.944168448E0,8.810373306E0,-9.936196208E-1
2.561949703E1,2.133201361E0,8.817551613E0,-1.046261668E0
2.562187468E1,1.948953986E0,8.788837433E0,-9.122636318E-1
2.562425239E1,1.805384636E0,8.743373871E0,-8.117650747E-1
2.562663083E1,1.651944876E0,8.762516975E0,-7.926225066E-1
2.562900921E1,1.496411443E0,8.822337151E0,-7.974081635E-1
2.563138687E1,1.393520117E0,8.975478172E0,-8.213363886E-1
2.563376458E1,1.319342613E0,9.195617676E0,-8.213363886E-1
2.563614302E1,1.300199986E0,9.351449966E0,-8.644071817E-1
2.563852145E1,1.237986565E0,9.581160545E0,-9.385846853E-1
2.564089911E1,1.221236825E0,9.887741089E0,-1.034297585E0
2.564327677E1,1.187737346E0,1.016770172E1,-1.089332461E0
2.564565520E1,1.070189953E0,1.053410244E1,-1.269093275E0
2.564803364E1,8.931210637E-1,1.084756279E1,-1.336092353E0
2.565041130E1,7.926225066E-1,1.124028397E1,-1.381555915E0
2.565278895E1,7.423732281E-1,1.149900818E1,-1.455733418E0
2.565516739E1,6.705885530E-1,1.190578842E1,-1.479661703E0
2.565754583E1,5.386841893E-1,1.222433281E1,-1.517946839E0
2.565992348E1,4.357928336E-1,1.243968678E1,-1.575374603E0
2.566230114E1,2.659024298E-1,1.283958721E1,-1.690230131E0
2.566467958E1,-4.546362907E-2,1.305254841E1,-1.616052628E0
2.566705802E1,-4.235295951E-1,1.323230934E1,-1.470090389E0
2.566943567E1,-7.229315639E-1,1.317248821E1,-1.513161182E0
2.567181333E1,-1.077368379E0,1.346201992E1,-1.616052628E0
2.567419177E1,-1.493719578E0,1.354337597E1,-1.422233939E0
2.567657020E1,-2.171187401E0,1.352184105E1,-1.391127229E0
2.567894786E1,-2.568695068E0,1.348834133E1,-1.527518153E0
2.568132552E1,-2.963809967E0,1.378295708E1,-1.393520117E0
2.568370395E1,-3.430709362E0,1.395284748E1,-1.273878932E0
2.568608239E1,-3.978965044E0,1.404856110E1,-1.223629713E0
2.568846005E1,-4.112963200E0,1.390499115E1,-1.139581800E0
2.569083776E1,-4.407280445E0,1.417538071E1,-1.010369420E0
2.569321619E1,-4.795216560E0,1.418734455E1,-9.337990284E-1
2.569559458E1,-5.245366573E0,1.412991714E1,-9.026923180E-1
2.569797224E1,-5.559125423E0,1.389781284E1,-5.961119533E-1
2.570034994E1,-5.350650311E0,1.358883953E1,-1.941177398E-1
2.570272838E1,-5.412863731E0,1.375663662E1,-4.501497746E-1
2.570510677E1,-5.092225552E0,1.367976665E1,-4.549354017E-1
2.570748442E1,-4.728217602E0,1.353380489E1,-2.706880569E-1
2.570986213E1,-4.416851521E0,1.328734398E1,-2.180459648E-1
2.571224057E1,-4.232604027E0,1.291137218E1,1.268195957E-1
2.571461901E1,-3.897608995E0,1.216451168E1,3.230310678E-1
2.571699666E1,-3.792025566E0,1.230090332E1,2.703889608E-1
2.571937432E1,-3.710669756E0,1.206162071E1,-1.845464408E-1
2.572175276E1,-3.188735247E0,1.138863945E1,-6.562315822E-1
2.572413119E1,-3.061915636E0,1.119721317E1,-9.002995491E-1
2.572650885E1,-2.798705101E0,1.063699436E1,-3.828516230E-2
2.572888651E1,-2.760420084E0,1.075424194E1,2.608176768E-1
2.573126494E1,-2.654836655E0,1.062024403E1,-2.371885478E-1
2.573364338E1,-2.506481647E0,1.056520939E1,-9.242277741E-1
2.573602104E1,-2.554338217E0,1.070638561E1,-1.649552107E0
2.573839869E1,-2.551945448E0,1.088824081E1,-2.329711914E0
2.574077713E1,-2.487339020E0,1.086431217E1,-2.446960211E0
2.574315557E1,-2.370090723E0,1.085713387E1,-2.506780863E0
2.574553323E1,-2.120938063E0,1.079970551E1,-2.564208508E0
2.574791088E1,-1.747657895E0,1.068245792E1,-2.731706142E0
2.575028932E1,-1.374078393E0,1.052931690E1,-2.521137714E0
2.575266776E1,-9.382855892E-1,1.069442177E1,-2.633600473E0
2.575504541E1,-9.119645357E-1,1.036421204E1,-2.853740215E0
2.575742307E1,-9.095717072E-1,1.015095139E1,-3.047857761E0
2.575980151E1,-1.007677436E0,1.017248726E1,-3.081357241E0
2.576217994E1,-1.010070205E0,1.015573788E1,-3.011965513E0
2.576455760E1,-4.378865361E-1,9.296415329E0,-2.906681299E0
2.576693531E1,-7.851449251E-1,9.023334503E0,-3.306282759E0
2.576931374E1,-1.055533886E0,9.099904060E0,-3.157927752E0
2.577169213E1,-1.106082320E0,8.585148811E0,-1.496411443E0
2.577406979E1,-1.407577872E0,8.980263710E0,-1.944168448E0
2.577644750E1,-1.747657895E0,9.195617676E0,-2.597707987E0
2.577882593E1,-2.053939104E0,9.878170013E0,-3.095714331E0
2.578120437E1,-2.120938063E0,1.034028435E1,-3.452543974E0
2.578358203E1,-2.269592285E0,1.048385334E1,-3.191427231E0
2.578595968E1,-2.374876499E0,1.067527866E1,-2.724527597E0
2.578833812E1,-2.389233351E0,1.017727280E1,-2.341675997E0
2.579071656E1,-2.300698996E0,9.700801849E0,-2.310569286E0
2.579309421E1,-2.089831591E0,9.557232857E0,-2.724527597E0
2.579547187E1,-2.087438583E0,9.396913528E0,-2.734098911E0
2.579785031E1,-2.147259235E0,9.119047165E0,-2.602493763E0
2.580022875E1,-2.018046856E0,9.205188751E0,-2.892324448E0
2.580260640E1,-2.025225163E0,9.219844818E0,-2.442174673E0
2.580498406E1,-1.867298961E0,9.296415329E0,-2.367997169E0
2.580736250E1,-1.620539188E0,9.334700584E0,-2.126022816E0
2.580974093E1,-1.287936807E0,9.253344536E0,-1.814955950E0
2.581211859E1,-1.244866014E0,9.169296265E0,-1.618445396E0
2.581449624E1,-1.417149186E0,8.965906143E0,-1.522732496E0
2.581687468E1,-1.091725349E0,8.475078583E0,-1.726122379E0
2.581925312E1,-5.264209956E-2,8.513363838E0,-1.252343535E0
2.582163078E1,-9.454640746E-1,8.094619751E0,-1.819741607E0
2.582400843E1,-1.517647743E0,7.989036560E0,-2.250449657E0
2.582638687E1,-1.728515267E0,8.376973152E0,-2.549851656E0
2.582876531E1,-1.733300924E0,8.676374435E0,-2.298306227E0
2.583114296E1,-1.742872238E0,8.824729919E0,-2.049452543E0
2.583352062E1,-1.963011861E0,9.078369141E0,-2.049452543E0
2.583589906E1,-2.077867270E0,9.193224907E0,-2.106880426E0
2.583827750E1,-1.551147223E0,9.327521324E0,-2.224128723E0
2.584065515E1,-7.420741320E-1,9.404091835E0,-2.408675194E0
2.584303286E1,-1.019641519E0,8.398508072E0,-2.245664120E0
2.584541130E1,-1.364507079E0,7.867002487E0,-2.159522533E0
2.584778968E1,-1.752443433E0,7.502994537E0,-1.718943954E0
2.585016734E1,-1.860120535E0,7.392924786E0,-1.362413406E0
2.585254505E1,-1.800299883E0,7.333104134E0,-1.197308660E0
2.585492348E1,-1.637588024E0,7.383353233E0,-1.467697620E0
2.585730192E1,-1.524826288E0,7.440781116E0,-1.505982757E0
2.585967958E1,-1.738086581E0,7.457530975E0,-2.243271112E0
2.586205724E1,-1.426720500E0,7.366603374E0,-2.118844509E0
2.586443567E1,-1.543968797E0,7.158428192E0,-1.929811478E0
2.586681411E1,-1.354935765E0,7.120142937E0,-1.721336842E0
2.586919177E1,-1.216152072E0,7.084250450E0,-1.410269856E0
2.587156942E1,-1.474576950E0,7.105785847E0,-1.726122379E0
2.587394786E1,-1.299900889E0,7.124928474E0,-1.896311998E0
2.587632630E1,-1.139581800E0,7.089035988E0,-1.656730533E0
2.587870395E1,-1.012463093E0,7.242177010E0,-1.999203324E0
2.588108161E1,-4.259224236E-1,8.058428764E0,-1.802991867E0
2.588346005E1,-9.693922997E-1,7.069893837E0,-1.915454507E0
2.588583848E1,-1.400399446E0,6.634100914E0,-1.908276081E0
2.588821614E1,-1.517647743E0,6.665207386E0,-1.889133453E0
2.589059380E1,-1.412363529E0,6.854240417E0,-1.877169371E0
2.589297224E1,-1.280758262E0,6.974180698E0,-1.901097536E0
2.589535067E1,-1.163509965E0,7.036394119E0,-1.925025821E0
2.589772833E1,-1.127617717E0,7.029215813E0,-1.994417667E0
2.590010599E1,-1.125224829E0,7.005287170E0,-2.051845312E0
2.590248442E1,-1.106082320E0,6.976573467E0,-2.114058733E0
2.590486286E1,-1.053141117E0,7.019644260E0,-2.171486616E0
2.590724052E1,-1.022034407E0,7.024429798E0,-2.262413740E0
2.590961817E1,-1.014855862E0,7.005287170E0,-2.317747831E0
2.591199661E1,-1.041176915E0,7.005287170E0,-2.401496649E0
2.591437505E1,-1.089332461E0,7.024429798E0,-2.537887573E0
2.591675270E1,-1.115653515E0,7.010073185E0,-2.616850615E0
2.591913041E1,-1.130010486E0,6.995716095E0,-2.691028118E0
2.592150885E1,-1.173081279E0,7.022037029E0,-2.750848770E0
2.592388729E1,-1.165902853E0,7.065107822E0,-2.822633505E0
2.592626494E1,-1.211366415E0,7.115357399E0,-2.911466837E0
2.592864260E1,-1.268794179E0,7.141678333E0,-2.952144861E0
2.593102104E1,-1.345364571E0,7.189534664E0,-3.009572744E0
2.593339948E1,-1.453041553E0,7.251748085E0,-3.009572744E0
2.593577713E1,-1.553540111E0,7.368996620E0,-3.014358282E0
2.593815479E1,-1.644766450E0,7.443173885E0,-3.035893679E0
2.594053323E1,-1.771586061E0,7.474280834E0,-3.031108141E0
2.594291166E1,-1.886441588E0,7.522137165E0,-2.964108944E0
2.594528932E1,-1.979761600E0,7.534400463E0,-2.980858803E0
2.594766698E1,-2.104188442E0,7.474280834E0,-2.940180779E0
2.595004541E1,-2.099402666E0,7.654041290E0,-2.921038151E0
2.595242385E1,-2.065903187E0,7.857431412E0,-2.746062994E0
2.595480151E1,-2.212164640E0,7.900502205E0,-2.741277456E0
2.595717916E1,-2.403590441E0,7.945965767E0,-2.772384167E0
2.595955760E1,-2.563909531E0,7.953144073E0,-2.781955481E0
2.596193604E1,-2.688336134E0,7.969893932E0,-2.784348249E0
2.596431369E1,-2.789133787E0,8.008178711E0,-2.777169704E0
2.596669135E1,-2.913560629E0,8.079963684E0,-2.743670225E0
2.596906979E1,-3.006880760E0,8.118548393E0,-2.746062994E0
2.597144823E1,-3.171985626E0,8.197511673E0,-2.767598391E0
2.597382588E1,-3.358924866E0,8.226224899E0,-2.791526794E0
2.597620354E1,-3.593421459E0,8.168797493E0,-2.796312332E0
2.597858198E1,-3.717848301E0,8.209475517E0,-2.786741018E0
2.598096041E1,-3.801596880E0,8.384151459E0,-2.688635349E0
2.598333807E1,-3.914358854E0,8.432007790E0,-2.635993242E0
2.598571578E1,-4.139284134E0,8.458329201E0,-2.621636391E0
2.598809421E1,-4.409673214E0,8.264510155E0,-2.693420887E0
2.599047260E1,-4.493721008E0,8.432007790E0,-2.573779821E0
2.599285026E1,-4.548755646E0,8.510971069E0,-2.530709028E0
2.599522796E1,-4.654039860E0,8.470293045E0,-2.600100994E0
2.599760640E1,-4.706682205E0,8.499007225E0,-2.614457846E0
2.599998484E1,-4.776073933E0,8.477471352E0,-2.681456804E0
2.600236250E1,-4.823930264E0,8.408080101E0,-2.691028118E0
2.600474015E1,-4.833501816E0,8.350651741E0,-2.659921408E0
2.600711859E1,-4.802394867E0,8.317152023E0,-2.655135870E0
2.600949703E1,-4.754538536E0,8.314759254E0,-2.662314177E0
2.601187468E1,-4.654039860E0,8.281260490E0,-2.576172590E0
2.601425234E1,-4.515256405E0,8.355437279E0,-2.530709028E0
2.601663078E1,-4.402494431E0,8.448758125E0,-2.473281384E0
2.601900921E1,-4.290031910E0,8.518149376E0,-2.377568483E0
2.602138687E1,-4.144069672E0,8.582756042E0,-2.332104683E0
2.602376453E1,-4.048357010E0,8.659625053E0,-2.303091764E0
2.602614296E1,-3.909573078E0,8.707481384E0,-2.255235434E0
2.602852140E1,-3.815953970E0,8.702695847E0,-2.224128723E0
2.603089906E1,-3.669991732E0,8.752944946E0,-2.171486616E0
2.603327671E1,-3.397209883E0,8.989834785E0,-2.240878344E0
2.603565515E1,-3.183949709E0,8.987442017E0,-2.212164640E0
2.603803359E1,-3.198306561E0,8.867800713E0,-2.145165443E0
2.604041124E1,-3.157628536E0,8.913264275E0,-2.178664923E0
2.604278890E1,-3.085843801E0,8.939585686E0,-2.157129526E0
2.604516734E1,-2.982952595E0,8.951549530E0,-2.128415823E0
2.604754578E1,-2.920739174E0,8.913264275E0,-2.166700840E0
2.604992343E1,-2.870489836E0,8.858229637E0,-2.212164640E0
2.605230109E1,-2.856132984E0,8.793622971E0,-2.202593327E0
2.605467953E1,-2.903989315E0,8.587541580E0,-2.164308071E0
2.605705796E1,-2.805883646E0,8.625826836E0,-2.197807550E0
2.605943562E1,-2.796312332E0,8.599505424E0,-2.300698996E0
2.606181333E1,-2.844168901E0,8.525327682E0,-2.233700037E0
2.606419177E1,-2.815454960E0,8.503792763E0,-2.188236237E0
2.606657015E1,-2.805883646E0,8.441578865E0,-2.171486616E0
2.606894781E1,-2.793919563E0,8.338687897E0,-2.118844509E0
2.607132552E1,-2.650051117E0,8.467900276E0,-2.212164640E0
2.607370395E1,-2.611765862E0,8.475078583E0,-2.193022013E0
2.607608239E1,-2.616551638E0,8.415258408E0,-2.104487419E0
2.607846005E1,-2.626122952E0,8.324331284E0,-2.037488461E0
2.608083770E1,-2.566302299E0,8.214261055E0,-1.994417667E0
2.608321614E1,-2.544766903E0,8.314759254E0,-1.869990945E0
2.608559458E1,-2.590230465E0,8.269295692E0,-1.819741607E0
2.608797224E1,-2.606980324E0,8.195118904E0,-1.687837243E0
2.609034989E1,-2.580659151E0,8.156833649E0,-1.596910000E0
2.609272833E1,-2.630908489E0,8.118548393E0,-1.470090389E0
2.609510677E1,-2.590230465E0,8.108976364E0,-1.367199063E0
2.609748442E1,-2.561516523E0,8.063214302E0,-1.237986565E0
2.609986208E1,-2.535195589E0,8.070392609E0,-1.141974568E0
2.610224052E1,-2.585444927E0,8.135297775E0,-1.015154958E0
2.610461895E1,-2.635694027E0,8.183154106E0,-9.433703423E-1
2.610699661E1,-2.700300455E0,8.295617104E0,-7.926225066E-1
2.610937427E1,-2.786741018E0,8.503792763E0,-6.442674994E-1
2.611175270E1,-2.882453918E0,8.745766640E0,-4.764707983E-1
2.611413114E1,-2.935096025E0,9.078369141E0,-3.424727321E-1
2.611650880E1,-2.932703257E0,9.480662346E0,-1.534397453E-1
2.611888645E1,-2.781955481E0,9.947562218E0,-4.785645381E-2
2.612126489E1,-2.537588358E0,1.049342442E1,-4.307080805E-2
2.612364333E1,-2.228914261E0,1.113739300E1,-1.677966863E-1
2.612602098E1,-1.977368832E0,1.181246853E1,-4.621138871E-1
2.612839864E1,-1.680658817E0,1.255693531E1,-8.691928387E-1
2.613077708E1,-1.424327731E0,1.334477234E1,-1.326521039E0
2.613315552E1,-1.254437327E0,1.413470268E1,-1.812563181E0
2.613553317E1,-1.118046403E0,1.483400440E1,-2.303091764E0
2.613791088E1,-1.057926655E0,1.546122360E1,-2.746062994E0
2.614028932E1,-1.153938770E0,1.599272919E1,-3.026322365E0
2.614266776E1,-1.342971683E0,1.634926033E1,-3.138785124E0
2.614504541E1,-1.606182218E0,1.652423477E1,-3.083750248E0
2.614742307E1,-1.905584097E0,1.654337692E1,-2.937788010E0
2.614980151E1,-2.233700037E0,1.633968925E1,-2.707777977E0
2.615217994E1,-2.480160713E0,1.601905060E1,-2.475674152E0
2.615455760E1,-2.664407969E0,1.560957813E1,-2.243271112E0
2.615693526E1,-2.729014158E0,1.514267921E1,-2.140379906E0
2.615931369E1,-2.659622431E0,1.468774319E1,-2.085345030E0
2.616169213E1,-2.456232548E0,1.428096390E1,-2.118844509E0
2.616406979E1,-2.185544491E0,1.388824177E1,-2.240878344E0
2.616644744E1,-1.986940145E0,1.351944828E1,-2.401496649E0
2.616882588E1,-1.922333837E0,1.315334606E1,-2.597707987E0
2.617120432E1,-1.917548299E0,1.271037483E1,-2.767598391E0
2.617358198E1,-1.884048700E0,1.254257774E1,-2.846561670E0
2.617595963E1,-1.805085540E0,1.223629665E1,-2.815454960E0
2.617833807E1,-1.735693693E0,1.196321583E1,-2.743670225E0
2.618071651E1,-1.532004714E0,1.176461124E1,-2.664707184E0
2.618309416E1,-1.371685624E0,1.159711361E1,-2.540280342E0
2.618547182E1,-1.141974568E0,1.145085239E1,-2.406282187E0
2.618785026E1,-9.215358496E-1,1.133360481E1,-2.300698996E0
2.619022869E1,-6.655037999E-1,1.128335476E1,-2.221735716E0
2.619260635E1,-4.187439680E-1,1.129292679E1,-2.161915302E0
2.619498401E1,-1.244267747E-1,1.124507046E1,-2.104487419E0
2.619736244E1,1.223330572E-1,1.124746323E1,-2.044667006E0
2.619974088E1,4.334000051E-1,1.124746323E1,-1.910668850E0
2.620211854E1,7.040880919E-1,1.123789120E1,-1.714158297E0
2.620449624E1,1.007976532E0,1.126899815E1,-1.482054472E0
2.620687468E1,1.259521961E0,1.124985600E1,-1.307378531E0
2.620925307E1,1.551446438E0,1.126421261E1,-1.034297585E0
2.621163073E1,1.836491346E0,1.133121204E1,-8.476574421E-1
2.621400843E1,2.056631088E0,1.137428284E1,-6.080760360E-1
2.621638687E1,2.260020971E0,1.149900818E1,-4.405784607E-1
2.621876531E1,2.348854542E0,1.162343502E1,-2.946162820E-1
2.622114296E1,2.439781904E0,1.165214920E1,-2.180459648E-1
2.622352062E1,2.451745987E0,1.172393322E1,-2.419741899E-1
2.622589906E1,2.430210590E0,1.188664532E1,-4.956133962E-1
2.622827750E1,2.358425856E0,1.188664532E1,-3.520440459E-1
2.623065515E1,2.449352980E0,1.205922794E1,-2.252244353E-1
2.623303281E1,2.492423773E0,1.223629665E1,-2.036890239E-1
2.623541124E1,2.394318104E0,1.227697468E1,-2.395813614E-1
2.623778968E1,2.197807550E0,1.226261806E1,-4.046861231E-1
2.624016734E1,2.073380709E0,1.224347496E1,-6.658028960E-1
2.624254500E1,2.135594130E0,1.236550903E1,-9.984052777E-1
2.624492343E1,2.367997169E0,1.246361542E1,-1.228415370E0
2.624730187E1,2.463710070E0,1.253539944E1,-1.307378531E0
2.624967953E1,2.159522533E0,1.244925785E1,-1.781456470E0
2.625205718E1,1.891526341E0,1.232483101E1,-2.741277456E0
2.625443562E1,1.374377489E0,1.215494061E1,-3.462115288E0
2.625681406E1,1.252343535E0,1.204965687E1,-3.699004650E0
2.625919171E1,1.259521961E0,1.182443237E1,-3.248854876E0
2.626156937E1,1.257129192E0,1.142692471E1,-3.160320520E0
2.626394781E1,1.034297585E0,1.087627602E1,-3.600898981E0
2.626632625E1,1.029511929E0,1.051256752E1,-3.878466368E0
2.626870390E1,1.139581800E0,1.029930687E1,-3.667897940E0
2.627108156E1,1.472483277E0,1.025145054E1,-3.239283562E0
2.627346000E1,1.757528186E0,1.011027431E1,-3.047857761E0
2.627583843E1,1.936989903E0,9.870991707E0,-3.028715372E0
2.627821609E1,2.051845312E0,9.722337723E0,-3.248854876E0
2.628059380E1,1.958525300E0,9.344271660E0,-3.100499868E0
2.628297224E1,1.738086581E0,8.951549530E0,-2.906681299E0
2.628535067E1,1.513161182E0,8.628219604E0,-2.731706142E0
2.628772833E1,1.276271820E0,8.309973717E0,-2.753241539E0
2.629010598E1,1.259521961E0,8.269295692E0,-2.880360365E0
2.629248442E1,1.371984720E0,8.353044510E0,-2.985644341E0
2.629486286E1,1.458126307E0,8.441578865E0,-3.031108141E0
2.629724052E1,1.360020518E0,8.434400558E0,-3.143570662E0
2.629961817E1,1.216451168E0,8.374580383E0,-3.263211966E0
2.630199661E1,1.115653515E0,8.365009308E0,-3.244069338E0
2.630437505E1,1.041476011E0,8.365009308E0,-3.234498024E0
2.630675270E1,9.314061999E-1,8.465507507E0,-3.208176851E0
2.630913036E1,8.763712645E-1,8.796015739E0,-3.129213810E0
2.631150880E1,5.817549825E-1,8.566005707E0,-3.107678413E0
2.631388724E1,3.209373355E-1,8.286046028E0,-3.071786165E0
2.631626489E1,2.563311160E-1,8.281260490E0,-3.126821041E0
2.631864255E1,2.156531364E-1,8.228617668E0,-3.131606579E0
2.632102098E1,2.443670183E-1,8.298009872E0,-3.124428272E0
2.632339942E1,3.711866140E-1,8.542078018E0,-3.162713289E0
2.632577708E1,5.123631358E-1,8.774480820E0,-3.098107100E0
2.632815474E1,4.812564552E-1,8.908478737E0,-3.208176851E0
2.633053317E1,4.453641176E-1,9.071190834E0,-3.409173965E0
2.633291161E1,2.324029058E-1,9.142974854E0,-3.636791229E0
2.633528927E1,9.840483218E-2,9.121439934E0,-3.481257915E0
2.633766692E1,-1.124626622E-1,8.889336586E0,-3.471686602E0
2.634004536E1,-3.302095234E-1,8.633005142E0,-3.346960783E0
2.634242380E1,-4.450650215E-1,8.479864120E0,-3.277568817E0
2.634480145E1,-3.134597540E-1,8.616254807E0,-3.260818958E0
2.634717916E1,-1.148554832E-1,8.705088615E0,-2.762812853E0
2.634955760E1,-2.488535494E-1,8.769695282E0,-2.839383125E0
2.635193598E1,-2.991028428E-1,8.848658562E0,-2.954537868E0
2.635431364E1,-1.674975902E-1,8.882157326E0,-2.889931440E0
2.635669135E1,-5.742774159E-2,8.819944382E0,-2.949752092E0
2.635906979E1,-5.742774159E-2,8.489435196E0,-3.267997503E0
2.636144822E1,4.067798331E-2,8.314759254E0,-2.988037348E0
2.636382588E1,-5.742774159E-2,8.417651176E0,-2.952144861E0
2.636620354E1,-2.416750938E-1,8.417651176E0,-3.074178934E0
2.636858198E1,-3.014956415E-1,8.439186096E0,-3.157927752E0
2.637096041E1,-4.115654826E-1,8.501399994E0,-3.138785124E0
2.637333807E1,-3.708875179E-1,8.714659691E0,-2.885145903E0
2.637571573E1,1.295115203E-1,8.702695847E0,-2.264806747E0
2.637809416E1,1.438684613E-1,8.575576782E0,-2.212164640E0
2.638047260E1,-2.249253243E-1,8.420043945E0,-2.738884687E0
2.638285026E1,-2.871387303E-1,8.484649658E0,-2.947359324E0
2.638522791E1,-4.689932466E-1,7.905287743E0,-3.404388428E0
2.638760635E1,-6.296114326E-1,7.948358536E0,-2.758027315E0
2.638998479E1,-8.042874932E-1,8.053643227E0,-2.269592285E0
2.639236244E1,-8.258228898E-1,8.338687897E0,-2.027917147E0
2.639474010E1,-6.966105103E-1,9.008976936E0,-1.247557878E0
2.639711854E1,-5.482555032E-1,8.997013092E0,-8.261220455E-1
2.639949698E1,-8.593224287E-1,8.886942863E0,-1.273878932E0
2.640187463E1,-1.275972724E0,8.678768158E0,-1.783849239E0
2.640425229E1,-1.529611826E0,8.530113220E0,-2.231307030E0
2.640663073E1,-1.601396561E0,8.393722534E0,-2.233700037E0
2.640900916E1,-1.577468276E0,8.434400558E0,-1.989632010E0
2.641138682E1,-1.764407635E0,8.491828918E0,-1.690230131E0
2.641376453E1,-2.135295153E0,8.499007225E0,-1.628016710E0
2.641614296E1,-2.523231506E0,8.570791245E0,-1.510768414E0
2.641852135E1,-2.695514679E0,8.625826836E0,-1.520339727E0
2.642089901E1,-2.394019127E0,8.748159409E0,-8.500502706E-1
2.642327671E1,-2.609373093E0,8.644968987E0,-1.288235903E0
2.642565515E1,-3.262912750E0,8.183154106E0,-1.517946839E0
2.642803359E1,-2.671586514E0,8.733802795E0,-7.782655358E-1
2.643041125E1,-2.856132984E0,8.953942299E0,-7.232306600E-1
2.643278890E1,-3.248555899E0,9.229415894E0,-2.308176517E0
2.643516734E1,-3.250948668E0,9.097511292E0,-2.193022013E0
2.643754578E1,-3.243770123E0,8.994620323E0,-1.185344458E0
2.643992343E1,-3.308376312E0,9.272486687E0,-9.146564603E-1
2.644230109E1,-3.291626692E0,9.475876808E0,-9.242277741E-1
2.644467953E1,-2.944667339E0,9.238986969E0,-1.022333503E0
2.644705796E1,-2.642872572E0,9.001798630E0,-1.197308660E0
2.644943562E1,-2.389233351E0,8.731410027E0,-1.348056436E0
2.645181328E1,-2.080260277E0,8.551649094E0,-1.503589988E0
2.645419171E1,-1.855334878E0,8.398508072E0,-1.651944876E0
2.645657015E1,-1.781157374E0,8.410472870E0,-1.706979871E0
2.645894781E1,-1.876870275E0,8.276473999E0,-1.779063582E0
2.646132546E1,-1.898405671E0,8.281260490E0,-1.834098577E0
2.646370390E1,-1.678265929E0,8.570791245E0,-1.872383714E0
2.646608234E1,-1.220937729E0,9.267701149E0,-4.058227062E0
2.646846000E1,-1.467398524E0,7.833503246E0,-2.911466837E0
2.647083765E1,-1.673480392E0,7.587042332E0,-1.424626827E0
2.647321609E1,-1.764407635E0,7.797610760E0,-1.750349760E0
2.647559453E1,-1.520040631E0,8.343473434E0,-2.128415823E0
2.647797218E1,-1.146760225E0,8.836693764E0,-2.537887573E0
2.648034989E1,-6.176473498E-1,9.008976936E0,-2.769991398E0
2.648272833E1,-4.785645306E-1,9.135796547E0,-2.909074068E0
2.648510671E1,-1.122832060E0,9.435198784E0,-2.906681299E0
2.648748437E1,-9.311071038E-1,9.176474571E0,-2.992822886E0
2.648986208E1,-9.693922997E-1,9.119047165E0,-2.793919563E0
2.649224052E1,-1.244267747E-1,8.740981102E0,-2.810669184E0
2.649461895E1,3.329014480E-1,8.400900841E0,-3.153141975E0
2.649699661E1,5.697908998E-1,8.075178146E0,-3.253640652E0
2.649937427E1,6.370890141E-1,7.965108395E0,-3.287140131E0
2.650175270E1,3.735794425E-1,7.965108395E0,-3.165106058E0
2.650413114E1,1.438684613E-1,8.094619751E0,-3.002394199E0
2.650650880E1,-3.110669367E-2,8.264510155E0,-2.887538671E0
2.650888645E1,4.597210586E-1,9.107083321E0,-5.444269657E0
2.651126489E1,-1.028913707E-1,8.606683731E0,-1.477268934E0
2.651364333E1,-8.808578253E-1,7.871788502E0,-1.153938770E0
2.651602098E1,-8.760721684E-1,7.756932735E0,-1.867598057E0
2.651839864E1,-5.745765567E-1,8.513363838E0,-1.965703845E0
2.652077708E1,-3.661018610E-1,9.032905579E0,-2.020738840E0
2.652315552E1,-1.914258152E-1,9.243772507E0,-2.013560295E0
2.652553317E1,-2.225325108E-1,9.320343018E0,-2.039881229E0
2.652791083E1,-1.483550072E-1,9.279664993E0,-1.980060697E0
2.653028927E1,-2.560320199E-1,9.267701149E0,-1.984846354E0
2.653266770E1,-2.153540403E-1,9.279664993E0,-1.920240164E0
2.653504536E1,-1.794617027E-1,9.284450531E0,-1.819741607E0
2.653742302E1,-3.254238665E-1,9.325128555E0,-1.721336842E0
2.653980145E1,-4.570291340E-1,9.387342453E0,-1.584945917E0
2.654217989E1,-7.229315639E-1,9.667302132E0,-1.620838284E0
2.654455755E1,-1.730908036E0,1.035703373E1,-1.479661703E0
2.654693526E1,-1.450648785E0,1.020359421E1,-1.240379453E0
2.654931369E1,-7.707880139E-1,1.015334511E1,-1.312164068E0
2.655169213E1,-2.416750938E-1,1.010548782E1,-1.450947881E0
2.655406979E1,-6.391827464E-1,1.061306572E1,-1.115653515E0
2.655644744E1,-7.755736113E-1,1.087866879E1,-3.356531858E0
2.655882588E1,4.692923427E-1,1.040010452E1,-3.289532900E0
2.656120432E1,4.788636267E-1,9.451948166E0,6.248258352E-1
2.656358198E1,-1.435693540E-2,9.080761909E0,-4.785645287E-3
2.656595963E1,5.243272781E-1,9.071190834E0,-5.331807137E0
2.656833807E1,-1.435693540E-2,8.001000404E0,-5.123631358E-1
2.657071651E1,-8.066803217E-1,8.606683731E0,7.181459069E-1
2.657309416E1,-8.353942037E-1,9.475876808E0,-5.602195859E-1
2.657547182E1,-3.972085714E-1,1.020359421E1,-1.407876968E0
2.657785026E1,-1.052841991E-1,1.055324554E1,-2.068595171E0
2.658022869E1,-2.297109663E-1,1.089811039E1,-2.181057930E0
2.658260635E1,-1.029212832E0,1.124028397E1,-2.027917147E0
2.658498401E1,-9.598209858E-1,1.147747326E1,-1.462911963E0
2.658736244E1,-5.434698462E-1,1.087388325E1,-1.086939692E0
2.658974088E1,5.099703074E-1,1.037378311E1,-2.310569286E0
2.659211854E1,9.098708034E-1,9.837491989E0,-2.473281384E0
2.659449619E1,1.034297585E0,9.772586823E0,-2.382354021E0
2.659687463E1,5.362913609E-1,9.868598938E0,-1.357627749E0
2.659925307E1,1.328913927E0,1.060110188E1,-5.978168488E0
2.660163073E1,1.460519075E0,1.075424194E1,-6.909574509E0
2.660400838E1,1.659123421E0,7.967501163E0,-1.960918188E0
2.660638682E1,1.297807217E0,7.366603374E0,4.570291340E-1
2.660876526E1,9.840483218E-2,7.438388348E0,1.666301847E0
2.661114291E1,-2.608176768E-1,8.065607071E0,-4.307080805E-2
2.661352062E1,3.711866140E-1,9.248558998E0,-1.668694735E0
2.661589906E1,9.385846853E-1,1.009591675E1,-2.702992201E0
2.661827744E1,8.979067206E-1,1.067288589E1,-2.968894720E0
2.662065510E1,-1.459621787E-1,1.149661541E1,-2.339283228E0
2.662303281E1,3.999004960E-1,1.060588741E1,-2.573779821E0
2.662541125E1,1.242772222E0,9.636196136E0,-3.737289906E0
2.662778968E1,1.733300924E0,9.571589470E0,-3.555435419E0
2.663016734E1,1.649552107E0,9.499805450E0,-3.299104214E0
2.663254500E1,1.120439172E0,9.234201431E0,-2.446960211E0
2.663492343E1,1.750349760E0,8.968298912E0,-3.131606579E0
2.663730187E1,1.963310957E0,8.606683731E0,-3.751646757E0
2.663967953E1,2.070987940E0,8.353044510E0,-3.883252144E0
2.664205718E1,2.339283228E0,8.128119469E0,-3.938287020E0
2.664443562E1,2.157129526E0,8.168797493E0,-3.701397419E0
2.664681406E1,1.525125384E0,8.307580948E0,-3.574577808E0
2.664919171E1,9.649057388E-1,8.690732002E0,-3.346960783E0
2.665156937E1,6.152545214E-1,8.858229637E0,-2.169093609E0
2.665394781E1,8.093722463E-1,8.898907661E0,-3.375674486E0
2.665632625E1,7.184450030E-1,8.803194046E0,-3.789932013E0
2.665870390E1,8.835497499E-1,8.920442581E0,-3.777967930E0
2.666108156E1,9.146564603E-1,8.956335068E0,-3.658326626E0
2.666346000E1,5.315057039E-1,8.630612373E0,-3.215355396E0
2.666583843E1,6.251249313E-1,9.037691116E0,-3.236890793E0
2.666821609E1,7.471588850E-1,9.392127991E0,-3.332603693E0
2.667059374E1,7.567301393E-1,9.571589470E0,-3.387638569E0
2.667297218E1,6.897311211E-1,9.700801849E0,-3.459722519E0
2.667535062E1,6.080760360E-1,9.818349838E0,-3.450151205E0
2.667772828E1,5.123631358E-1,9.954740524E0,-3.440579891E0
2.668010598E1,4.357928336E-1,1.012702370E1,-3.500400543E0
2.668248442E1,3.687937856E-1,1.026102161E1,-3.541078329E0
2.668486286E1,2.635096014E-1,1.042164040E1,-3.584149122E0
2.668724052E1,1.582254022E-1,1.054845905E1,-3.567399502E0
2.668961817E1,7.208377868E-2,1.068963623E1,-3.660719633E0
2.669199661E1,-4.546362907E-2,1.077099228E1,-3.713361740E0
2.669437505E1,-1.627119333E-1,1.085952663E1,-3.904787540E0
2.669675270E1,-2.871387303E-1,1.095314598E1,-4.084548473E0
2.669913036E1,-3.589234054E-1,1.103689480E1,-4.163511276E0
2.670150880E1,-3.541377485E-1,1.110389328E1,-4.194618225E0
2.670388724E1,-3.589234054E-1,1.119482040E1,-4.163511276E0
2.670626489E1,-4.378865361E-1,1.122592735E1,-4.268795490E0
2.670864255E1,-5.626124144E-1,1.121874905E1,-4.378865242E0
2.671102098E1,-6.918248534E-1,1.115174961E1,-4.429114819E0
2.671339942E1,-7.875377536E-1,1.106082249E1,-4.395615101E0
2.671577708E1,-8.593224287E-1,1.095793152E1,-4.448257446E0
2.671815474E1,-9.502496719E-1,1.086909771E1,-4.450650215E0
2.672053317E1,-1.045962572E0,1.074227810E1,-4.407579422E0
2.672291161E1,-1.137188911E0,1.062024403E1,-4.347758770E0
2.672528927E1,-1.216152072E0,1.049820995E1,-4.314259052E0
2.672766692E1,-1.304686546E0,1.039053345E1,-4.283152580E0
2.673004536E1,-1.354935765E0,1.030887794E1,-4.218546391E0
2.673242380E1,-1.333400369E0,1.023230743E1,-4.153940201E0
2.673480145E1,-1.319043517E0,1.017727280E1,-4.127619267E0
2.673717916E1,-1.299900889E0,1.008634567E1,-4.065405846E0
2.673955760E1,-1.295115232E0,1.004806042E1,-4.000799656E0
2.674193604E1,-1.247258782E0,9.969097137E0,-3.959822416E0
2.674431369E1,-1.230509043E0,9.894919395E0,-3.909573078E0
2.674669135E1,-1.168295622E0,9.811170578E0,-3.825824261E0
2.674906979E1,-1.132403374E0,9.703194618E0,-3.720540047E0
2.675144822E1,-1.048355460E0,9.609874725E0,-3.627219915E0
2.675382588E1,-1.024427176E0,9.478269577E0,-3.514757395E0
2.675620354E1,-9.167501926E-1,9.358628273E0,-3.409173965E0
2.675858198E1,-8.593224287E-1,9.255737305E0,-3.294318676E0
2.676096041E1,-7.612167001E-1,9.150154114E0,-3.145963669E0
2.676333807E1,-6.678966284E-1,9.020941734E0,-3.002394199E0
2.676571573E1,-5.769693851E-1,8.908478737E0,-2.870789051E0
2.676809416E1,-5.123631358E-1,8.819944382E0,-2.691028118E0
2.677047260E1,-4.354937077E-1,8.726624489E0,-2.576172590E0
2.677285026E1,-3.972085714E-1,8.642576218E0,-2.437388897E0
2.677522791E1,-3.589234054E-1,8.527720451E0,-2.315355062E0
2.677760635E1,-3.493520916E-1,8.424829483E0,-2.197807550E0
2.677998479E1,-3.278166950E-1,8.350651741E0,-2.087737799E0
2.678236244E1,-2.871387303E-1,8.295617104E0,-2.008774519E0
2.678474010E1,-2.297109663E-1,8.240582466E0,-1.960918188E0
2.678711854E1,-2.344966233E-1,8.207082748E0,-1.915454507E0
2.678949698E1,-1.818545163E-1,8.185546875E0,-1.846062660E0
2.679187463E1,-1.555334777E-1,8.209475517E0,-1.752742529E0
2.679425234E1,-9.332008660E-2,8.252546310E0,-1.685444474E0
2.679663078E1,-1.196411345E-2,8.286046028E0,-1.630409479E0
2.679900921E1,5.264209956E-2,8.338687897E0,-1.589731574E0
2.680138687E1,-1.196411345E-2,8.393722534E0,-1.482054472E0
2.680376453E1,-8.374879509E-2,8.455936432E0,-1.388734460E0
2.680614296E1,-1.339980662E-1,8.491828918E0,-1.348056436E0
2.680852140E1,-1.627119333E-1,8.551649094E0,-1.278664589E0
2.681089906E1,-1.507478207E-1,8.582756042E0,-1.221236825E0
2.681327671E1,-1.531406492E-1,8.566005707E0,-1.151545882E0
2.681565515E1,-1.818545163E-1,8.530113220E0,-1.074975610E0
2.681803359E1,-1.986042857E-1,8.453543663E0,-1.029511929E0
2.682041125E1,-1.603191197E-1,8.496614456E0,-9.290133715E-1
2.682278890E1,-2.153540403E-2,8.432007790E0,-9.242277741E-1
2.682516734E1,1.435693540E-2,8.422436714E0,-8.309076428E-1
2.682754578E1,3.951148391E-1,8.309973717E0,-7.686942816E-1
2.682992343E1,4.692923427E-1,8.295617104E0,-7.423732281E-1
2.683230109E1,5.554339290E-1,8.183154106E0,-7.280163169E-1
2.683467953E1,5.003990531E-1,8.108976364E0,-6.945167780E-1
2.683705796E1,-9.571290575E-3,7.955537319E0,-9.960124493E-1
2.683943562E1,-2.009970993E-1,7.847859859E0,-1.822134495E0
2.684181328E1,1.486541033E-1,7.926823139E0,-9.888339639E-1
2.684419171E1,4.453641176E-1,7.945965767E0,-3.544368446E-1
2.684657015E1,7.280163169E-1,7.960322857E0,5.264209956E-2
2.684894781E1,8.644071817E-1,7.922037601E0,2.799602449E-1
2.685132552E1,9.218349457E-1,7.907680511E0,1.627119333E-1
2.685370395E1,1.000798106E0,7.912466049E0,1.842473447E-1
2.685608234E1,9.649057388E-1,7.922037601E0,-2.871387079E-2
2.685846000E1,1.065404296E0,7.991429329E0,-1.435693540E-2
2.686083770E1,1.182951689E0,8.123333931E0,-1.435693540E-2
2.686321614E1,1.180558920E0,8.231010437E0,-1.725823283E-1
2.686559458E1,1.245165110E0,8.451150894E0,-3.017947674E-1
2.686797224E1,1.369591832E0,8.611469269E0,-2.467598319E-1
2.687034989E1,1.422233939E0,9.004191399E0,-2.994019389E-1
2.687272833E1,1.395912886E0,9.305986404E0,-4.621138871E-1
2.687510677E1,1.374377489E0,9.655338287E0,-5.841478109E-1
2.687748442E1,1.455733418E0,1.008156013E1,-8.787640929E-1
2.687986208E1,1.412662625E0,1.063938713E1,-9.960124493E-1
2.688224052E1,1.281057477E0,1.108714390E1,-8.428717852E-1
2.688461895E1,1.264307618E0,1.135992527E1,-9.194421172E-1
2.688699661E1,1.233201027E0,1.202572823E1,-1.281057477E0
2.688937427E1,1.173081279E0,1.252582836E1,-1.192523003E0
2.689175270E1,9.816554785E-1,1.284915829E1,-1.036690354E0
2.689413114E1,7.998009920E-1,1.299751377E1,-1.278664589E0
2.689650880E1,7.543373108E-1,1.341177082E1,-1.575374603E0
2.689888645E1,7.112665176E-1,1.377817154E1,-1.405484200E0
2.690126489E1,3.999004960E-1,1.392652702E1,-1.233201027E0
2.690364333E1,1.773679852E-1,1.392174149E1,-1.249950767E0
2.690602098E1,5.772684515E-2,1.414427376E1,-1.343270779E0
2.690839869E1,-1.196411327E-1,1.439342594E1,-1.115653515E0
2.691077713E1,-6.056832075E-1,1.444606876E1,-9.553344250E-1
2.691315552E1,-9.717850685E-1,1.438624763E1,-1.065404296E0
2.691553317E1,-1.130010486E0,1.469970798E1,-1.197308660E0
2.691791088E1,-1.465005636E0,1.491296768E1,-1.034297585E0
2.692028932E1,-1.943869352E0,1.495364571E1,-9.553344250E-1
2.692266776E1,-2.156830549E0,1.476431370E1,-1.230808139E0
2.692504541E1,-2.583052158E0,1.503260899E1,-1.221236825E0
2.692742307E1,-3.078665495E0,1.495603848E1,-1.118046403E0
2.692980151E1,-3.540779352E0,1.499193096E1,-1.120439172E0
2.693217994E1,-3.440280676E0,1.473320675E1,-9.385846853E-1
2.693455760E1,-3.574278831E0,1.518335724E1,-1.070189953E0
2.693693526E1,-3.820739508E0,1.528385544E1,-7.830511928E-1
2.693931369E1,-4.086641788E0,1.518335724E1,-6.538388133E-1
2.694169213E1,-3.847060680E0,1.495603848E1,-7.399803996E-1
2.694406979E1,-3.497708559E0,1.467338657E1,-6.152545214E-1
2.694644744E1,-3.195913792E0,1.440060520E1,-6.490531564E-1
2.694882588E1,-3.109772205E0,1.404138279E1,-7.639086246E-1
2.695120432E1,-3.045166016E0,1.357687569E1,-6.658028960E-1
2.695358198E1,-2.889632463E0,1.317727470E1,-1.989033818E-1
2.695595963E1,-2.745764017E0,1.246361542E1,3.110669367E-2
2.695833807E1,-2.666800737E0,1.250668621E1,3.804588020E-1
2.696071651E1,-2.748156786E0,1.214776230E1,2.129612118E-1
2.696309416E1,-2.590230465E0,1.164018440E1,2.440679073E-1
2.696547187E1,-2.317448616E0,1.108475113E1,5.742774159E-2
2.696785031E1,-2.295913219E0,1.090768242E1,-1.366899908E-1
2.697022869E1,-2.190629244E0,1.069442177E1,-1.725823283E-1
2.697260635E1,-2.219342947E0,1.066810036E1,-1.558325738E-1
2.697498406E1,-2.252842426E0,1.039292622E1,-2.300100774E-1
2.697736250E1,-2.219342947E0,9.887741089E0,-5.315057039E-1
2.697974093E1,-2.149652004E0,9.401699066E0,-7.399803996E-1
2.698211859E1,-2.027618170E0,9.056833267E0,-8.739784956E-1
2.698449625E1,-1.797907114E0,8.977870941E0,-8.452646136E-1
2.698687468E1,-1.781157374E0,8.647361755E0,-1.233201027E0
2.698925312E1,-1.795514345E0,8.396115303E0,-1.386341572E0
2.699163078E1,-1.706979871E0,8.386544228E0,-1.328913927E0
2.699400843E1,-1.635195136E0,8.341080666E0,-1.850848317E0
2.699638687E1,-1.498505235E0,8.537292480E0,-1.477268934E0
2.699876531E1,-1.436291814E0,8.034500122E0,-1.668694735E0
2.700114296E1,-9.239286184E-1,7.711469173E0,-1.733300924E0
2.700352062E1,-9.550353289E-1,8.376973152E0,-2.892324448E0
2.700589906E1,-1.045962572E0,8.757730484E0,-3.098107100E0
2.700827750E1,-1.094118118E0,9.030512810E0,-2.741277456E0
2.701065515E1,-1.089332461E0,9.337093353E0,-2.992822886E0
2.701303281E1,-1.072582722E0,8.949156761E0,-3.002394199E0
2.701541125E1,-1.309472203E0,8.901300430E0,-3.114856958E0
2.701778968E1,-1.481755376E0,8.824729919E0,-3.148356438E0
2.702016734E1,-1.275972724E0,9.308379173E0,-2.921038151E0
2.702254505E1,-1.386042476E0,9.341878891E0,-3.186641455E0
2.702492349E1,-1.412363529E0,8.951549530E0,-2.873181820E0
2.702730187E1,-1.443470240E0,8.846264839E0,-2.600100994E0
2.702967953E1,-1.503290772E0,8.956335068E0,-3.526721478E0
2.703205724E1,-1.642373681E0,9.131011009E0,-3.840181351E0
2.703443567E1,-1.417149186E0,9.322735786E0,-3.787539244E0
2.703681411E1,-4.594219327E-1,9.164510727E0,-3.078964472E0
2.703919177E1,-4.378865361E-1,8.886942863E0,-3.799503326E0
2.704156942E1,-9.406784177E-1,8.613862038E0,-3.754039526E0
2.704394786E1,-1.335793257E0,8.642576218E0,-3.263211966E0
2.704632630E1,-6.535396576E-1,8.465507507E0,-1.783849239E0
2.704870395E1,-5.362913609E-1,8.451150894E0,-5.291129351E-1
2.705108161E1,-3.349951804E-1,8.906085968E0,-3.759722710E-1
2.705346005E1,-2.991028428E-1,9.231808662E0,-1.153938770E0
2.705583849E1,-2.632105052E-1,1.000498962E1,-1.635195136E0
2.705821614E1,-8.832506537E-1,9.911669731E0,-2.492423773E0
2.706059380E1,-1.407577872E0,9.667302132E0,-2.679064035E0
2.706297224E1,-1.326221943E0,9.521340370E0,-2.025524378E0
2.706535067E1,-4.953143001E-1,1.009352398E1,-2.063809633E0
2.706772833E1,-3.349951804E-1,8.784051895E0,-1.149153113E0
2.707010598E1,-7.372884750E-1,8.405686378E0,-6.370890141E-1
2.707248442E1,-1.043569803E0,8.300402641E0,-1.496411443E0
2.707486286E1,-7.061817646E-1,8.017750740E0,-1.604088426E0
2.707724052E1,-3.804588020E-1,7.373782158E0,-8.931210637E-1
2.707961822E1,-5.075774789E-1,7.795217991E0,-9.984052777E-1
2.708199666E1,-7.779664397E-1,8.128119469E0,-1.465304732E0
2.708437510E1,-8.952147961E-1,8.183154106E0,-1.316949725E0
2.708675276E1,-8.593224287E-1,8.357830048E0,-1.223629713E0
2.708913041E1,-1.890329868E-1,9.375378609E0,-9.218349457E-1
2.709150885E1,-5.362913609E-1,9.171689034E0,-8.404789567E-1
2.709388729E1,-1.264008522E0,8.796015739E0,-1.728515267E0
2.709626494E1,-1.419542074E0,8.070392609E0,-1.695015788E0
2.709864260E1,-1.199402332E0,7.759325504E0,-1.663909078E0
2.710102104E1,-7.636095285E-1,7.807182312E0,-1.221236825E0
2.710339948E1,-5.386841893E-1,7.788039684E0,-7.495517135E-1
2.710577713E1,-9.837492108E-1,7.654041290E0,-6.921239495E-1
2.710815479E1,-5.000999570E-1,8.336295128E0,-1.587338686E0
2.711053322E1,-2.416750938E-1,8.087141991E0,-1.367199063E0
2.711291166E1,-6.128616929E-1,7.170392036E0,-8.189435601E-1
2.711528932E1,-8.377870321E-1,7.026822567E0,-4.932205677E-1
2.711766698E1,-7.325028181E-1,7.177570820E0,-3.903291821E-1
2.712004541E1,-6.176473498E-1,7.347461224E0,-3.305086195E-1
2.712242385E1,-4.881358147E-1,7.479066372E0,-5.243272781E-1
2.712480151E1,-2.081755698E-1,7.587042332E0,-5.458626747E-1
2.712717916E1,-2.392822690E-2,7.658827305E0,-6.370890141E-1
2.712955760E1,5.503492057E-2,7.740182877E0,-8.524430394E-1
2.713193604E1,6.490531564E-2,7.768897057E0,-9.050851464E-1
2.713431369E1,6.251249462E-2,7.737790108E0,-7.854440212E-1
2.713669140E1,1.435693540E-2,7.886145115E0,-1.348056436E0
2.713906984E1,-1.292124242E-1,7.809575081E0,-1.386341572E0
2.714144822E1,-2.871387303E-1,7.764111042E0,-1.348056436E0
2.714382588E1,-3.661018610E-1,7.840681553E0,-1.324128270E0
2.714620359E1,-3.565305769E-1,7.890930653E0,-1.364806175E0
2.714858203E1,-2.919243574E-1,7.979465485E0,-1.498804331E0
2.715096046E1,-1.962114573E-1,8.039285660E0,-1.654337764E0
2.715333812E1,-1.435693651E-1,8.097012520E0,-1.798206210E0
2.715571578E1,-5.982056633E-2,7.969893932E0,-1.939382792E0
2.715809421E1,-1.172483116E-1,7.989036560E0,-2.051845312E0
2.716047265E1,-2.632104978E-2,7.890930653E0,-2.130808592E0
2.716285031E1,-2.751746178E-1,8.209475517E0,-2.221735716E0
2.716522796E1,-3.182454109E-1,8.305188179E0,-2.260020971E0
2.716760640E1,-1.555334777E-1,8.202297211E0,-2.283949137E0
2.716998484E1,-1.004985496E-1,8.130512238E0,-2.358425856E0
2.717236250E1,-1.770688742E-1,8.063214302E0,-2.403889418E0
2.717474015E1,-2.584248483E-1,8.008178711E0,-2.478066921E0
2.717711859E1,-3.565305769E-1,7.953144073E0,-2.511566401E0
2.717949703E1,-3.924229145E-1,7.953144073E0,-2.545065880E0
2.718187468E1,-4.426721931E-1,7.969893932E0,-2.549851656E0
2.718425234E1,-4.378865361E-1,7.974679470E0,-2.576172590E0
2.718663078E1,-4.833501875E-1,7.962715626E0,-2.616850615E0
2.718900921E1,-5.697908998E-1,7.900502205E0,-2.635993242E0
2.719138687E1,-6.415755749E-1,7.845467091E0,-2.650350094E0
2.719376458E1,-6.918248534E-1,7.819146156E0,-2.626421928E0
2.719614302E1,-7.061817646E-1,7.823931694E0,-2.614457846E0
2.719852145E1,-7.516453862E-1,7.816753387E0,-2.614457846E0
2.720089911E1,-8.018946648E-1,7.807182312E0,-2.590529680E0
2.720327677E1,-8.353942037E-1,7.843074322E0,-2.602493763E0
2.720565520E1,-8.808578253E-1,7.907680511E0,-2.583351135E0
2.720803364E1,-9.119645357E-1,7.974679470E0,-2.595315218E0
2.721041130E1,-1.000499010E0,8.003393173E0,-2.612065077E0
2.721278895E1,-1.038784146E0,8.125726700E0,-2.614457846E0
2.721516739E1,-1.084546804E0,8.195118904E0,-2.626421928E0
2.721754583E1,-1.149153113E0,8.288438797E0,-2.624029160E0
2.721992349E1,-1.230509043E0,8.338687897E0,-2.592922449E0
2.722230114E1,-1.297508121E0,8.384151459E0,-2.540280342E0
2.722467958E1,-1.359721422E0,8.403293610E0,-2.461317301E0
2.722705802E1,-1.414756417E0,8.427222252E0,-2.382354021E0
2.722943567E1,-1.508076429E0,8.436793327E0,-2.315355062E0
2.723181333E1,-1.596610904E0,8.420043945E0,-2.212164640E0
2.723419177E1,-1.706979871E0,8.391329765E0,-2.078166485E0
2.723657020E1,-1.833799481E0,8.379365921E0,-2.015953064E0
2.723894786E1,-1.924726725E0,8.283653259E0,-1.948953986E0
2.724132552E1,-2.065903187E0,8.252546310E0,-1.905883193E0
2.724370395E1,-2.149652004E0,8.202297211E0,-1.903490424E0
2.724608239E1,-2.233700037E0,8.156833649E0,-1.925025821E0
2.724846005E1,-2.279163599E0,8.082356453E0,-1.951346874E0
2.725083776E1,-2.312663078E0,8.046463966E0,-2.030309916E0
2.725321619E1,-2.384447813E0,7.974679470E0,-2.118844509E0
2.725559463E1,-2.415554523E0,7.924430370E0,-2.207378864E0
2.725797229E1,-2.463410854E0,7.871788502E0,-2.329711914E0
2.726034994E1,-2.461018085E0,7.843074322E0,-2.430210590E0
2.726272838E1,-2.496910334E0,7.768897057E0,-2.564208508E0
2.726510682E1,-2.506481647E0,7.737790108E0,-2.726920605E0
2.726748448E1,-2.487339020E0,7.716254711E0,-2.880360365E0
2.726986213E1,-2.461018085E0,7.675576687E0,-3.081357241E0
2.727224057E1,-2.480160713E0,7.610970497E0,-3.232105255E0
2.727461901E1,-2.494517565E0,7.565506935E0,-3.425923824E0
2.727699666E1,-2.506481647E0,7.526922703E0,-3.557828188E0
2.727937432E1,-2.494517565E0,7.560721397E0,-3.713361740E0
2.728175276E1,-2.461018085E0,7.606184959E0,-3.835395575E0
2.728413119E1,-2.470589399E0,7.668398380E0,-3.914358854E0
2.728650885E1,-2.458625317E0,7.752147198E0,-3.988536358E0
2.728888651E1,-2.463410854E0,7.840681553E0,-4.029513359E0
2.729126494E1,-2.446661234E0,7.981858253E0,-3.976572037E0
2.729364338E1,-2.477767944E0,8.132905006E0,-3.940679789E0
2.729602104E1,-2.525624275E0,8.324331284E0,-3.933501244E0
2.729839874E1,-2.599801779E0,8.549256325E0,-3.955036640E0
2.730077718E1,-2.714657307E0,8.709874153E0,-3.919144392E0
2.730315562E1,-2.789133787E0,8.958727837E0,-3.907180309E0
2.730553328E1,-2.860918522E0,9.262915611E0,-3.943072557E0
2.730791093E1,-2.935096025E0,9.571589470E0,-3.952643871E0
2.731028937E1,-3.035594702E0,9.818349838E0,-4.024727821E0
2.731266781E1,-3.198306561E0,1.000020409E1,-4.055834293E0
2.731504546E1,-3.337389469E0,1.017727280E1,-4.098905087E0
2.731742312E1,-3.445066452E0,1.035224819E1,-4.106083870E0
2.731980156E1,-3.583850145E0,1.045513916E1,-4.113262177E0
2.732218000E1,-3.708276987E0,1.052931690E1,-4.139583111E0
2.732455765E1,-3.837489367E0,1.061067295E1,-4.149154663E0
2.732693531E1,-3.938287020E0,1.067527866E1,-4.122833252E0
2.732931374E1,-3.983750582E0,1.070399284E1,-4.072584152E0
2.733169218E1,-4.043570995E0,1.074467087E1,-3.998406649E0
2.733406984E1,-4.146462440E0,1.072552872E1,-3.955036640E0
2.733644750E1,-4.194318771E0,1.070877838E1,-3.916751623E0
2.733882593E1,-4.239782810E0,1.068245792E1,-3.840181351E0
2.734120437E1,-4.282853603E0,1.064656544E1,-3.742075443E0
2.734358203E1,-4.325924397E0,1.059870911E1,-3.620041609E0
2.734595968E1,-4.385744572E0,1.038335514E1,-3.593720436E0
2.734833812E1,-4.270889282E0,1.041206837E1,-3.452543974E0
2.735071656E1,-4.175176620E0,1.054128075E1,-3.267997503E0
2.735309421E1,-4.184747696E0,1.051974583E1,-3.102892876E0
2.735547192E1,-4.299602985E0,1.038335514E1,-2.964108944E0
2.735785036E1,-4.376173496E0,1.019641590E1,-2.897109985E0
2.736022880E1,-4.409673214E0,1.003848934E1,-2.863311291E0
2.736260645E1,-4.371387959E0,9.897313118E0,-2.825026274E0
2.736498411E1,-4.313960075E0,9.751050949E0,-2.774776936E0
2.736736255E1,-4.275674820E0,9.629017830E0,-2.702992201E0
2.736974098E1,-4.292424679E0,9.459127426E0,-2.645564556E0
2.737211864E1,-4.297210217E0,9.289237022E0,-2.676671267E0
2.737449630E1,-4.211068630E0,9.384949684E0,-2.511566401E0
2.737687474E1,-4.167997837E0,9.413662910E0,-2.497209549E0
2.737925317E1,-4.184747696E0,9.401699066E0,-2.487638235E0
2.738163083E1,-4.211068630E0,9.353842735E0,-2.535494804E0
2.738400849E1,-4.117748737E0,9.351449966E0,-2.523530483E0
2.738638692E1,-3.967000723E0,9.509376526E0,-2.545065880E0
2.738876536E1,-3.748954773E0,9.667302132E0,-2.518744946E0
2.739114302E1,-3.540779352E0,9.909276962E0,-2.554637194E0
2.739352067E1,-3.342175007E0,1.014616585E1,-2.580958366E0
2.739589911E1,-3.203092098E0,1.043838978E1,-2.645564556E0
2.739827755E1,-3.026023388E0,1.079731274E1,-2.712563515E0
2.740065520E1,-2.853740215E0,1.123789120E1,-2.801098108E0
2.740303286E1,-2.633301258E0,1.172393322E1,-2.856132984E0
2.740541130E1,-2.367697954E0,1.226979637E1,-2.901895761E0
2.740778979E1,-2.097009897E0,1.279890919E1,-2.973680258E0
2.741016744E1,-1.881655931E0,1.339980698E1,-3.004786968E0
2.741254510E1,-1.690230131E0,1.397677612E1,-3.059821844E0
2.741492354E1,-1.503290772E0,1.451546001E1,-3.131606579E0
2.741730198E1,-1.338186026E0,1.498953819E1,-3.229712248E0
2.741967963E1,-1.206580877E0,1.540140247E1,-3.354139090E0
2.742205729E1,-1.141974568E0,1.567179203E1,-3.471686602E0
2.742443573E1,-1.053141117E0,1.580578995E1,-3.526721478E0
2.742681416E1,-9.167501926E-1,1.579143333E1,-3.519542933E0
2.742919182E1,-7.325028181E-1,1.569093418E1,-3.454936743E0
2.743156948E1,-5.410770178E-1,1.544447422E1,-3.260818958E0
2.743394791E1,-2.943171859E-1,1.508764362E1,-3.026322365E0
2.743632635E1,-8.135596663E-2,1.466620827E1,-2.640778780E0
2.743870401E1,1.319043487E-1,1.422802258E1,-2.142772675E0
2.744108166E1,2.970091105E-1,1.383559990E1,-1.639980793E0
2.744346010E1,4.932205677E-1,1.342612743E1,-1.163509965E0
2.744583854E1,6.299105883E-1,1.301665592E1,-7.854440212E-1
2.744821619E1,7.136593461E-1,1.263380432E1,-5.506483316E-1
2.745059385E1,7.280163169E-1,1.226979637E1,-4.405784607E-1
2.745297229E1,6.993024349E-1,1.193450165E1,-3.568296731E-1
2.745535073E1,6.394818425E-1,1.169521999E1,-2.539383173E-1
2.745772838E1,5.267201066E-1,1.147268772E1,-1.103689447E-1
2.746010609E1,4.310071766E-1,1.120917797E1,7.178467698E-3
2.746248453E1,3.544368446E-1,1.097468090E1,1.124626622E-1
2.746486296E1,3.089732230E-1,1.075663471E1,1.962114573E-1
2.746724062E1,3.137588799E-1,1.057238770E1,1.674975902E-1
2.746961828E1,3.783650696E-1,1.041206837E1,2.153540403E-2
2.747199671E1,4.836492836E-1,1.026102161E1,-1.534397453E-1
2.747437515E1,5.554339290E-1,1.009830952E1,-3.592225015E-1
2.747675281E1,6.442674994E-1,9.942776680E0,-5.865406394E-1
2.747913046E1,7.064808607E-1,9.777671814E0,-7.663014531E-1
2.748150890E1,6.681957245E-1,9.597910881E0,-9.529415965E-1
2.748388734E1,6.394818425E-1,9.411270142E0,-1.051047325E0
2.748626500E1,6.370890141E-1,9.308379173E0,-1.098903775E0
2.748864265E1,6.562315822E-1,9.260522842E0,-1.072582722E0
2.749102109E1,6.490531564E-1,9.195617676E0,-1.029511929E0
2.749339953E1,6.080760360E-1,9.166903496E0,-1.012762189E0
2.749577718E1,5.937191248E-1,9.092725754E0,-1.007976532E0
2.749815484E1,6.418746710E-1,9.090332985E0,-9.194421172E-1
2.750053328E1,6.729813814E-1,9.047262192E0,-8.500502706E-1
2.750291171E1,7.304090858E-1,9.059226990E0,-7.136593461E-1
2.750528937E1,8.404789567E-1,9.078369141E0,-5.219344497E-1
2.750766708E1,8.835497499E-1,9.078369141E0,-3.807578981E-1
2.751004552E1,9.409775138E-1,9.097511292E0,-2.874378264E-1
2.751242395E1,1.005583763E0,9.159725189E0,-2.276172489E-1
2.751480161E1,9.768698215E-1,9.215059280E0,-9.122636169E-2
2.751717927E1,1.017547846E0,9.320343018E0,-5.264209956E-2
2.751955770E1,1.041476011E0,9.444769859E0,3.589234129E-2
2.752193614E1,1.072582722E0,9.542876244E0,9.810572863E-2
2.752431380E1,1.048654556E0,9.569196701E0,1.411765367E-1
2.752669145E1,1.084546804E0,9.751050949E0,-1.127617657E-1
2.752906989E1,1.197308660E0,1.007198906E1,-2.730808854E-1
2.753144833E1,1.360020518E0,1.036421204E1,-5.626124144E-1
2.753382598E1,1.556231976E0,1.069202900E1,-9.361918569E-1
2.753620364E1,1.747956991E0,1.112303638E1,-1.259521961E0
2.753858208E1,1.886740685E0,1.140299606E1,-1.594517231E0
2.754096052E1,1.929811478E0,1.162104225E1,-1.992024899E0
2.754333817E1,2.008774519E0,1.189861012E1,-2.437388897E0
2.754571583E1,2.054238319E0,1.212862015E1,-2.865704298E0
2.754809427E1,2.135594130E0,1.219083309E1,-3.270390272E0
2.755047270E1,2.255235434E0,1.236790180E1,-3.363710403E0
2.755285036E1,2.458924294E0,1.251625729E1,-3.550649643E0
2.755522807E1,2.602493763E0,1.245643616E1,-3.425923824E0
2.755760651E1,2.990430117E0,1.235354519E1,-2.892324448E0
2.755998489E1,2.219342947E0,1.221715450E1,-4.237689018E0
2.756236255E1,1.740778446E0,1.183878899E1,-5.049154758E0
2.756474026E1,1.436590910E0,1.164497089E1,-5.020441055E0
2.756711869E1,1.024726272E0,1.153968620E1,-5.825027466E0
2.756949713E1,5.865406394E-1,1.131924725E1,-6.217450619E0
2.757187479E1,1.223330572E-1,1.108475113E1,-6.526423931E0
2.757425244E1,1.674975827E-2,1.088584709E1,-6.301498413E0
2.757663088E1,7.447660714E-2,1.076620674E1,-6.148058891E0
2.757900932E1,-1.627119333E-1,1.045035362E1,-5.382056236E0
2.758138698E1,-2.943171859E-1,1.027537823E1,-5.063511848E0
2.758376463E1,-3.278166950E-1,1.008395290E1,-4.601696968E0
2.758614307E1,-3.732803464E-1,9.940383911E0,-4.342973232E0
2.758852151E1,-3.613162339E-1,9.856635094E0,-4.177868366E0
2.759089916E1,-3.493520916E-1,9.650552750E0,-3.890430450E0
2.759327682E1,-2.656033039E-1,9.483055115E0,-3.746861219E0
2.759565526E1,-1.962114573E-1,9.305986404E0,-3.593720436E0
2.759803369E1,-9.810572863E-2,9.212666512E0,-3.536292791E0
2.760041135E1,2.392822644E-3,9.052047729E0,-3.531507015E0
2.760278901E1,1.103689447E-1,8.865407944E0,-3.423531055E0
2.760516744E1,3.281157911E-1,8.903693199E0,-3.308675528E0
2.760754588E1,3.640081584E-1,8.633005142E0,-3.045464993E0
2.760992354E1,3.640081584E-1,8.355437279E0,-2.793919563E0
2.761230124E1,3.209373355E-1,8.128119469E0,-2.600100994E0
2.761467968E1,3.161516786E-1,8.065607071E0,-2.602493763E0
2.761705812E1,4.142574072E-1,8.166404724E0,-2.947359324E0
2.761943578E1,4.668995142E-1,8.116155624E0,-2.588136673E0
2.762181343E1,5.147559643E-1,8.053643227E0,-2.566601276E0
2.762419187E1,5.673980713E-1,8.058428764E0,-2.571387053E0
2.762657031E1,5.386841893E-1,8.005785942E0,-2.446960211E0
2.762894796E1,5.195416212E-1,8.041678429E0,-2.327319145E0
2.763132562E1,6.442674994E-1,8.309973717E0,-2.384746790E0
2.763370406E1,7.160521746E-1,8.286046028E0,-2.264806747E0
2.763608250E1,7.112665176E-1,8.197511673E0,-2.126022816E0
2.763846015E1,7.304090858E-1,8.108976364E0,-2.114058733E0
2.764083781E1,7.495517135E-1,8.300402641E0,-2.008774519E0
2.764321624E1,6.610172391E-1,8.470293045E0,-1.972882271E0
2.764559468E1,6.849454641E-1,8.589934349E0,-1.908276081E0
2.764797234E1,8.668000102E-1,8.834300995E0,-3.541078329E0
2.765035000E1,6.104688644E-1,8.970691681E0,-3.320639610E0
2.765272843E1,3.975076675E-1,8.527720451E0,-1.972882271E0
2.765510687E1,6.011966988E-2,8.357830048E0,-1.513161182E0
2.765748453E1,2.754737139E-1,8.604290962E0,-1.735693693E0
2.765986224E1,6.008976102E-1,8.647361755E0,-1.994417667E0
2.766224067E1,6.681957245E-1,9.121439934E0,-2.185843468E0
2.766461906E1,4.740779996E-1,9.344271660E0,-2.145165443E0
2.766699671E1,5.503492057E-2,9.624231339E0,-1.975275040E0
2.766937442E1,1.674975827E-2,9.588339806E0,-1.944168448E0
2.767175286E1,2.132603228E-1,9.758230209E0,-1.534696579E0
2.767413130E1,2.826521695E-1,9.511769295E0,-1.491625786E0
2.767650895E1,1.414756328E-1,9.547661781E0,-2.111665964E0
2.767888661E1,5.024927482E-2,9.729516029E0,-2.327319145E0
2.768126505E1,-5.123631358E-1,1.008873844E1,-1.968096614E0
2.768364348E1,-5.434698462E-1,9.648159981E0,-1.769492388E0
2.768602114E1,-2.656033039E-1,9.535696983E0,-1.467697620E0
2.768839880E1,3.828516230E-2,1.027298546E1,-5.422734261E0
2.769077724E1,7.926224917E-2,9.614660263E0,-4.173082829E0
2.769315567E1,-3.110669367E-2,9.162117958E0,-1.321735382E0
2.769553333E1,-5.721837282E-1,8.616254807E0,6.607181430E-1
2.769791098E1,-1.014855862E0,8.357830048E0,6.176473498E-1
2.770028942E1,-9.550353289E-1,8.683553696E0,-2.012962103E-1
2.770266786E1,-6.248258352E-1,9.169296265E0,-9.385846853E-1
2.770504552E1,-2.967100143E-1,9.631410599E0,-1.735693693E0
2.770742323E1,-5.386841893E-1,9.811170578E0,-1.651944876E0
2.770980166E1,-1.024427176E0,9.885348320E0,-1.913061738E0
2.771218005E1,-7.133602500E-1,9.573982239E0,-2.344068766E0
2.771455770E1,-3.517449200E-1,9.380164146E0,-2.528316259E0
2.771693541E1,-5.982056633E-2,9.164510727E0,-2.664707184E0
2.771931385E1,1.606182158E-1,9.131011009E0,-2.432603359E0
2.772169229E1,-6.699903309E-2,9.229415894E0,-2.027917147E0
2.772406994E1,-2.249253243E-1,8.786444664E0,-2.509173632E0
2.772644760E1,-9.571290575E-3,8.494221687E0,-2.877967358E0
2.772882604E1,2.204387933E-1,8.549256325E0,-2.923431158E0
2.773120448E1,2.730808854E-1,8.757730484E0,-2.889931440E0
2.773358213E1,3.855435550E-1,9.166903496E0,-7.067500591E0
2.773595979E1,1.965105534E-1,8.034500122E0,-5.877669811E0
2.773833823E1,-8.114659786E-1,8.827122688E0,-3.346960783E0
2.774071666E1,-7.851449251E-1,8.135297775E0,-4.932205677E-1
2.774309432E1,-1.500898004E0,7.625327587E0,1.127617717E0
2.774547198E1,-1.436291814E0,7.936394691E0,-1.558325738E-1
2.774785041E1,-7.277171612E-1,8.604290962E0,-1.632802367E0
2.775022885E1,-4.953143001E-1,9.274879456E0,-2.336890459E0
2.775260651E1,-1.113260746E0,9.760622978E0,-3.088535786E0
2.775498416E1,-8.090731502E-1,9.459127426E0,-3.789932013E0
2.775736260E1,-3.589234054E-1,9.159725189E0,-3.823431492E0
2.775974109E1,-3.158525825E-1,8.860622406E0,-3.770789385E0
2.776211875E1,-4.331009090E-1,8.589934349E0,-3.835395575E0
2.776449640E1,-5.673980713E-1,8.396115303E0,-3.806681633E0
2.776687484E1,-5.123631358E-1,8.164011955E0,-3.608077526E0
2.776925328E1,-6.463612318E-1,8.331509590E0,-3.406781197E0
2.777163093E1,-1.031605721E0,8.367402077E0,-2.808276415E0
2.777400859E1,-7.995018363E-1,8.319544792E0,-2.990430117E0
2.777638703E1,-9.669994712E-1,8.293224335E0,-3.074178934E0
2.777876546E1,-9.311071038E-1,8.305188179E0,-3.067000389E0
2.778114312E1,-8.712865710E-1,8.367402077E0,-2.985644341E0
2.778352078E1,-9.119645357E-1,8.434400558E0,-2.870789051E0
2.778589921E1,-1.144367456E0,8.417651176E0,-2.779562712E0
2.778827765E1,-1.247258782E0,8.494221687E0,-2.671885490E0
2.779065531E1,-1.273579836E0,8.599505424E0,-2.580958366E0
2.779303296E1,-1.295115232E0,8.652147293E0,-2.466102839E0
2.779541140E1,-1.244866014E0,8.707481384E0,-2.243271112E0
2.779778984E1,-1.357328653E0,8.851051331E0,-1.750349760E0
2.780016750E1,-1.654337764E0,8.824729919E0,-2.209771633E0
2.780254520E1,-3.140878916E0,9.631410599E0,-2.365604401E0
2.780492364E1,-2.542374134E0,9.552447319E0,-2.193022013E0
2.780730203E1,-1.400399446E0,9.131011009E0,-2.312962294E0
2.780967968E1,-1.026820064E0,9.140582085E0,-2.310569286E0
2.781205739E1,-1.170688510E0,9.092725754E0,-1.855633974E0
2.781443583E1,-1.122832060E0,8.733802795E0,-1.829312921E0
2.781681427E1,-1.163509965E0,8.566005707E0,-1.865205288E0
2.781919192E1,-1.642373681E0,8.848658562E0,-1.836491346E0
2.782156958E1,-2.178365946E0,9.085547447E0,-1.235593796E0
2.782394802E1,-1.750050664E0,9.294022560E0,-1.553839207E0
2.782632645E1,-1.555932879E0,9.310771942E0,-1.860419631E0
2.782870411E1,-1.419542074E0,9.377771378E0,-1.893919110E0
2.783108177E1,-1.484148264E0,9.351449966E0,-1.927418590E0
2.783346020E1,-1.613360643E0,9.447162628E0,-1.853241086E0
2.783583864E1,-1.685444474E0,9.636196136E0,-1.901097536E0
2.783821630E1,-1.555932879E0,1.010070229E1,-3.902394533E0
2.784059395E1,-8.593224287E-1,1.034506989E1,-6.514459610E0
2.784297239E1,-1.266401410E0,9.703194618E0,-1.417448282E0
2.784535083E1,-2.173580170E0,8.566005707E0,-8.644071966E-2
2.784772848E1,-3.610171080E0,8.470293045E0,1.469791293E0
2.785010619E1,-3.057130098E0,9.164510727E0,4.115654826E-1
2.785248463E1,-3.425923824E0,1.084756279E1,-1.230808139E0
2.785486302E1,-2.164009094E0,1.057478046E1,-2.157129526E0
2.785724067E1,-1.065105200E0,1.054606628E1,-2.444567442E0
2.785961838E1,-6.750751138E-1,1.012702370E1,-2.638386011E0
2.786199682E1,-1.644766450E0,1.018445110E1,-1.989632010E0
2.786437526E1,-1.242473125E0,9.648159981E0,-2.015953064E0
2.786675291E1,-7.755736113E-1,9.178867340E0,-2.487638235E0
2.786913057E1,-5.889334679E-1,8.860622406E0,-2.485245466E0
2.787150901E1,-4.666004181E-1,8.714659691E0,-2.363211393E0
2.787388744E1,-6.032904387E-1,8.889336586E0,-2.145165443E0
2.787626510E1,-1.405185103E0,9.200403214E0,-1.278664589E0
2.787864276E1,-1.613360643E0,9.432806015E0,-1.925025821E0
2.788102119E1,-1.201795220E0,9.200403214E0,-2.461317301E0
2.788339963E1,-7.325028181E-1,9.075976372E0,-2.621636391E0
2.788577729E1,-5.434698462E-1,9.092725754E0,-2.640778780E0
2.788815494E1,-1.228116274E0,9.408877373E0,-1.678265929E0
2.789053338E1,-6.343970895E-1,9.945169449E0,-4.484149456E0
2.789291182E1,1.414756328E-1,1.057238770E1,-8.271688461E0
2.789528948E1,5.578267574E-1,8.886942863E0,-2.540280342E0
2.789766718E1,-3.804588020E-1,8.070392609E0,3.086741269E-1
2.790004562E1,-1.256830096E0,7.218248844E0,1.788335800E0
2.790242401E1,-1.065105200E0,7.373782158E0,7.372884750E-1
2.790480166E1,-1.555334777E-1,8.393722534E0,-1.639980793E0
2.790717937E1,3.927220106E-1,9.123832703E0,-2.880360365E0
2.790955781E1,1.007976532E-1,9.550054550E0,-3.035893679E0
2.791193625E1,-6.415755749E-1,9.983454704E0,-3.019144058E0
2.791431390E1,-1.295115232E0,1.025862885E1,-2.193022013E0
2.791669156E1,-3.876372576E-1,9.629017830E0,-2.691028118E0
2.791907000E1,3.592225015E-1,9.032905579E0,-3.184248686E0
2.792144843E1,5.626124144E-1,8.580363274E0,-3.212962627E0
2.792382609E1,-6.939185411E-2,8.700303078E0,-2.432603359E0
2.792620375E1,3.352942765E-1,8.369794846E0,-2.377568483E0
2.792858218E1,7.136593461E-1,8.053643227E0,-2.858525753E0
2.793096062E1,8.572286963E-1,7.780860901E0,-2.877967358E0
2.793333828E1,1.094118118E0,7.565506935E0,-2.726920605E0
2.793571598E1,1.089332461E0,7.835896015E0,-2.116451740E0
2.793809442E1,1.139581800E0,7.706683636E0,-1.742872238E0
2.794047281E1,1.151545882E0,7.749754429E0,-2.432603359E0
2.794285046E1,8.596215248E-1,7.689933777E0,-2.540280342E0
2.794522817E1,7.878368497E-1,7.778468132E0,-2.430210590E0
2.794760661E1,7.639086246E-1,7.926823139E0,-2.204986095E0
2.794998505E1,7.591229677E-1,8.084749222E0,-2.109273195E0
2.795236270E1,7.615157962E-1,8.274081230E0,-2.059023857E0
2.795474036E1,9.194421172E-1,8.515756607E0,-2.061416626E0
2.795711880E1,1.141974568E0,8.762516975E0,-2.039881229E0
2.795949724E1,1.295414329E0,9.018548965E0,-2.061416626E0
2.796187489E1,1.345663667E0,9.279664993E0,-2.070987940E0
2.796425255E1,1.362413406E0,9.557232857E0,-2.159522533E0
2.796663099E1,1.314556956E0,9.787242889E0,-2.221735716E0
2.796900942E1,1.288235903E0,1.006959629E1,-2.257628202E0
2.797138708E1,1.233201027E0,1.029930687E1,-2.327319145E0
2.797376474E1,1.209272742E0,1.056281662E1,-2.367997169E0
2.797614317E1,1.141974568E0,1.076142120E1,-2.482852697E0
2.797852161E1,1.079761267E0,1.090289593E1,-2.475674152E0
2.798089927E1,9.649057388E-1,1.104168034E1,-2.576172590E0
2.798327698E1,7.830511928E-1,1.119721317E1,-2.669492722E0
2.798565541E1,6.514459848E-1,1.126660538E1,-2.762812853E0
2.798803380E1,5.338985324E-1,1.133360481E1,-2.851347208E0
2.799041145E1,3.879363835E-1,1.137906837E1,-2.944966555E0
2.799278916E1,2.324029058E-1,1.131446171E1,-3.100499868E0
2.799516760E1,1.438684613E-1,1.130967617E1,-3.160320520E0
2.799754604E1,2.632104978E-2,1.127856922E1,-3.296711445E0
2.799992369E1,-5.024927482E-2,1.122832012E1,-3.366103172E0
2.800230135E1,-1.483550072E-1,1.114457130E1,-3.428316593E0
2.800467979E1,-1.986042857E-1,1.105603695E1,-3.517150164E0
2.800705822E1,-2.656033039E-1,1.097468090E1,-3.569792271E0
2.800943588E1,-3.158525825E-1,1.081406307E1,-3.605684519E0
2.801181354E1,-2.991028428E-1,1.064656544E1,-3.670290947E0
2.801419198E1,-3.397808075E-1,1.048624611E1,-3.746861219E0
2.801657041E1,-4.091726840E-1,1.035224819E1,-3.785146236E0
2.801894807E1,-4.283152521E-1,1.023470020E1,-3.833002806E0
2.802132572E1,-4.761717021E-1,1.009591675E1,-3.880859137E0
2.802370416E1,-5.745765567E-1,9.961918831E0,-3.892823458E0
2.802608260E1,-7.277171612E-1,9.811170578E0,-3.890430450E0
2.802846026E1,-5.913262963E-1,9.710372925E0,-3.897608995E0
2.803083796E1,-5.817549825E-1,9.576375008E0,-3.873680830E0
2.803321640E1,-6.032904387E-1,9.444769859E0,-3.835395575E0
2.803559479E1,-6.248258352E-1,9.356235504E0,-3.780360699E0
2.803797244E1,-7.013961077E-1,9.262915611E0,-3.744468451E0
2.804035015E1,-7.947162390E-1,9.243772507E0,-3.694219112E0
2.804272859E1,-8.760721684E-1,9.171689034E0,-3.682255030E0
2.804510703E1,-9.526425004E-1,9.152546883E0,-3.639184237E0
2.804748468E1,-9.933205247E-1,9.138189316E0,-3.560220957E0
2.804986234E1,-1.065105200E0,9.152546883E0,-3.526721478E0
2.805224078E1,-1.108475089E0,9.183652878E0,-3.469293833E0
2.805461921E1,-1.180259824E0,9.198010445E0,-3.351746321E0
2.805699687E1,-1.259222865E0,9.200403214E0,-3.234498024E0
2.805937453E1,-1.307079315E0,9.162117958E0,-3.122035265E0
2.806175296E1,-1.352542996E0,9.157332420E0,-2.971287489E0
2.806413140E1,-1.412363529E0,9.123832703E0,-2.827419043E0
2.806650906E1,-1.457827210E0,9.109476089E0,-2.671885490E0
2.806888677E1,-1.508076429E0,9.121439934E0,-2.540280342E0
2.807126520E1,-1.527219057E0,9.092725754E0,-2.454138756E0
2.807364359E1,-1.505683661E0,9.095118523E0,-2.320140600E0
2.807602125E1,-1.450648785E0,9.107083321E0,-2.219342947E0
2.807839895E1,-1.460219979E0,9.126225471E0,-2.126022816E0
2.808077739E1,-1.414756417E0,9.145368576E0,-2.102094650E0
2.808315583E1,-1.352542996E0,9.207581520E0,-2.087737799E0
2.808553349E1,-1.292722464E0,9.243772507E0,-2.080559254E0
2.808791114E1,-1.268794179E0,9.265308380E0,-2.078166485E0
2.809028958E1,-1.287936807E0,9.265308380E0,-2.116451740E0
2.809266802E1,-1.220937729E0,9.279664993E0,-2.164308071E0
2.809504567E1,-1.280758262E0,9.329915047E0,-2.231307030E0
2.809742333E1,-1.271187067E0,9.291629791E0,-2.298306227E0
2.809980177E1,-1.271187067E0,9.267701149E0,-2.449352980E0
2.810218020E1,-1.266401410E0,9.222237587E0,-2.580958366E0
2.810455786E1,-1.197009563E0,9.145368576E0,-2.667099953E0
2.810693552E1,-1.144367456E0,9.018548965E0,-2.719742060E0
2.810931395E1,-1.017248750E0,8.925228119E0,-2.772384167E0
2.811169239E1,-9.215358496E-1,8.798408508E0,-2.825026274E0
2.811407005E1,-8.066803217E-1,8.700303078E0,-2.801098108E0
2.811644776E1,-7.085745931E-1,8.587541580E0,-2.779562712E0
2.811882619E1,-6.415755749E-1,8.458329201E0,-2.674278498E0
2.812120463E1,-5.650052428E-1,8.307580948E0,-2.521137714E0
2.812358229E1,-5.219344497E-1,8.152048111E0,-2.401496649E0
2.812595994E1,-4.809573591E-1,8.008178711E0,-2.262413740E0
2.812833838E1,-4.426721931E-1,7.845467091E0,-2.147558212E0
2.813071682E1,-3.326023519E-1,7.668398380E0,-1.999203324E0
2.813309448E1,-3.014956415E-1,7.438388348E0,-1.824527264E0
2.813547213E1,-3.565305769E-1,7.294818878E0,-1.630409479E0
2.813785057E1,-1.110867858E0,7.007680416E0,-2.332104683E0
2.814022901E1,-1.094118118E0,6.933203697E0,-2.669492722E0
2.814260666E1,-3.206382394E-1,7.017251492E0,-1.357627749E0
2.814498432E1,4.307080805E-2,7.038786888E0,-5.291129351E-1
2.814736276E1,2.108674943E-1,6.933203697E0,-3.735794425E-1
2.814974119E1,1.606182158E-1,6.856633186E0,-4.740779996E-1
2.815211885E1,1.319043487E-1,6.784848690E0,-6.224330068E-1
2.815449656E1,3.520440459E-1,6.744170666E0,-1.127617657E-1
2.815687500E1,5.027918816E-1,6.732206345E0,1.507478207E-1
2.815925338E1,6.227321029E-1,6.701099873E0,9.092725813E-2
2.816163104E1,6.538388133E-1,6.693921566E0,3.349951655E-2
2.816400874E1,5.937191248E-1,6.765706062E0,-9.840483218E-2
2.816638718E1,5.554339290E-1,6.859025955E0,-2.180459648E-1
2.816876562E1,4.597210586E-1,7.096214771E0,-3.759722710E-1
2.817114328E1,3.520440459E-1,7.364210606E0,-4.836492836E-1
2.817352093E1,3.520440459E-1,7.634898663E0,-5.602195859E-1
2.817589937E1,3.687937856E-1,8.219046593E0,-5.099703074E-1
2.817827781E1,3.735794425E-1,8.738588333E0,-4.262215197E-1
2.818065546E1,3.807578981E-1,9.162117958E0,-4.022932947E-1
2.818303312E1,3.927220106E-1,9.940383911E0,-5.650052428E-1
2.818541156E1,3.807578981E-1,1.067049313E1,-3.735794425E-1
2.818779000E1,1.677966863E-1,1.140299606E1,-2.300100774E-1
2.819016765E1,2.347957194E-1,1.202333546E1,-3.352942765E-1
2.819254531E1,1.917249113E-1,1.318206024E1,-3.041875660E-1
2.819492374E1,3.828516230E-2,1.384517097E1,-2.228316069E-1
2.819730218E1,-8.614161611E-2,1.448674679E1,-3.089732230E-1
2.819967984E1,-3.062812984E-1,1.531735516E1,-5.697908998E-1
2.820205755E1,-5.554339290E-1,1.556172180E1,-4.357928336E-1
2.820443599E1,-9.693922997E-1,1.601665688E1,-5.267201066E-1
2.820681442E1,-1.335793257E0,1.626311874E1,-4.310071766E-1
2.820919208E1,-1.773978829E0,1.653619957E1,-4.908277392E-1
2.821156974E1,-2.159223318E0,1.667019653E1,-4.262215197E-1
2.821394817E1,-2.719442844E0,1.676590919E1,-5.386841893E-1
2.821632661E1,-3.143271685E0,1.690469360E1,-6.008976102E-1
2.821870427E1,-3.495315790E0,1.699083519E1,-4.884349108E-1
2.822108192E1,-3.835096598E0,1.715384674E1,-3.855435550E-1
2.822346036E1,-4.007678986E0,1.724477386E1,-4.884349108E-1
2.822583880E1,-4.074677944E0,1.716341782E1,-5.338985324E-1
2.822821645E1,-3.993321896E0,1.696929932E1,-3.520440459E-1
2.823059411E1,-3.945465326E0,1.699801445E1,-6.825526357E-1
2.823297255E1,-3.770490170E0,1.676830292E1,-9.792626500E-1
2.823535098E1,-3.693919897E0,1.651944923E1,-1.266700506E0
2.823772864E1,-3.526422262E0,1.611476326E1,-1.510768414E0
2.824010635E1,-3.071486950E0,1.550668716E1,-1.228415370E0
2.824248479E1,-2.386840582E0,1.458485222E1,-7.734799385E-1
2.824486323E1,-2.288734913E0,1.466381550E1,-7.998009920E-1
2.824724088E1,-2.106581211E0,1.416341591E1,-5.410770178E-1
2.824961854E1,-2.123331070E0,1.364866066E1,-4.429712892E-1
2.825199698E1,-2.228914261E0,1.318923855E1,-3.999004960E-1
2.825437541E1,-2.238485575E0,1.278694534E1,-3.185445070E-1
2.825675307E1,-2.137687922E0,1.231047440E1,-1.773679852E-1
2.825913073E1,-2.085045815E0,1.165932751E1,3.158525825E-1
2.826150916E1,-1.893620014E0,1.091964626E1,3.661018610E-1
2.826388760E1,-1.747657895E0,1.057238770E1,6.248258352E-1
2.826626526E1,-1.211366415E0,1.018923664E1,-2.300100774E-1
2.826864291E1,-1.199402332E0,1.024187946E1,-7.399803996E-1
2.827102135E1,-1.374078393E0,1.030409241E1,-9.505487680E-1
2.827339979E1,-1.436291814E0,1.018445110E1,-1.098903775E0
2.827577744E1,-1.134796143E0,9.755837440E0,-1.242772222E0
2.827815510E1,-9.741778970E-1,9.559625626E0,-3.828516230E-2
2.828053354E1,-9.550353289E-1,9.712766647E0,-8.309076428E-1
2.828291198E1,-9.311071038E-1,9.645767212E0,-1.668694735E0
2.828528963E1,-8.808578253E-1,9.590732574E0,-1.764706731E0
2.828766734E1,-9.071788788E-1,9.698409081E0,-2.291127682E0
2.829004578E1,-9.622138143E-1,1.005045319E1,-2.961716175E0
2.829242421E1,-8.641080856E-1,1.013898754E1,-3.181855917E0
2.829480187E1,-7.588238716E-1,1.006480980E1,-2.973680258E0
2.829717953E1,-6.415755749E-1,1.017009449E1,-3.093321562E0
2.829955796E1,-7.277171612E-1,1.002652550E1,-3.368496180E0
2.830193640E1,-6.894320250E-1,9.787242889E0,-3.474079370E0
2.830431406E1,-5.024927258E-1,9.995418549E0,-2.956930637E0
2.830669171E1,-5.410770178E-1,1.011266708E1,-2.817847729E0
2.830907015E1,-6.008976102E-1,1.007438183E1,-2.925823927E0
2.831144859E1,-5.961119533E-1,9.906884193E0,-3.026322365E0
2.831382624E1,-3.972085714E-1,9.997811317E0,-2.897109985E0
2.831620395E1,-6.822535396E-1,9.772586823E0,-3.083750248E0
2.831858239E1,-9.885348678E-1,9.664909363E0,-3.421138287E0
2.832096083E1,-1.137188911E0,9.303593636E0,-3.739682674E0
2.832333848E1,-8.736793399E-1,9.255737305E0,-2.506780863E0
2.832571614E1,-7.660023570E-1,9.483055115E0,-2.947359324E0
2.832809458E1,-9.669994712E-1,9.554840088E0,-3.193820000E0
2.833047302E1,-1.120439172E0,1.002173901E1,-3.557828188E0
2.833285067E1,-1.137188911E0,1.028255749E1,-3.883252144E0
2.833522833E1,-1.690230131E0,1.010788059E1,-4.177868366E0
2.833760677E1,-1.290329576E0,1.040967560E1,-3.358924866E0
2.833998520E1,-8.545367718E-1,1.021555805E1,-2.092523336E0
2.834236286E1,-9.263214469E-1,9.988240242E0,-1.872383714E0
2.834474052E1,-1.045962572E0,9.772586823E0,-1.800599098E0
2.834711895E1,-1.192223907E0,9.540482521E0,-1.690230131E0
2.834949739E1,-4.307080805E-1,9.267701149E0,-9.912267923E-1
2.835187505E1,-7.109674215E-1,8.908478737E0,-1.094118118E0
2.835425270E1,-9.382855892E-1,8.910871506E0,-1.527518153E0
2.835663114E1,-6.224330068E-1,8.348258972E0,-1.522732496E0
2.835900958E1,-6.008976102E-1,8.458329201E0,-1.838884234E0
2.836138724E1,-7.420741320E-1,8.776873589E0,-1.917847395E0
2.836376494E1,-8.449655175E-1,8.992227554E0,-1.877169371E0
2.836614338E1,-8.018946648E-1,8.970691681E0,-1.525125384E0
2.836852182E1,-8.425726891E-1,8.822337151E0,-9.314061999E-1
2.837089948E1,-4.211367965E-1,9.727123260E0,-1.055832982E0
2.837327713E1,-7.109674215E-1,9.607481956E0,-1.407876968E0
2.837565557E1,-1.153938770E0,9.023334503E0,-1.592124343E0
2.837803401E1,-1.156331539E0,9.126225471E0,-1.587338686E0
2.838041166E1,-1.182652593E0,8.877371788E0,-1.589731574E0
2.838278932E1,-1.002891779E0,8.762516975E0,-1.077368379E0
2.838516776E1,-8.832506537E-1,8.405686378E0,-5.650052428E-1
2.838754619E1,-7.516453862E-1,8.489435196E0,-6.032904387E-1
2.838992385E1,-1.842473447E-1,9.212666512E0,-7.950153351E-1
2.839230151E1,-5.841478109E-1,8.530113220E0,-1.137188911E0
2.839467994E1,-1.108475089E0,7.811967850E0,-9.577272534E-1
2.839705838E1,-1.342971683E0,7.584649563E0,-6.418746710E-1
2.839943604E1,-1.572682738E0,7.512565613E0,-5.721837282E-1
2.840181375E1,-1.371685624E0,7.493422985E0,-6.370890141E-1
2.840419218E1,-1.149153113E0,7.337889671E0,-1.462612897E-1
2.840657062E1,-8.497511148E-1,7.510172844E0,-4.573282301E-1
2.840894828E1,-3.230310678E-1,8.118548393E0,-7.854440212E-1
2.841132593E1,-9.334999323E-1,7.201498985E0,-6.466603279E-1
2.841370437E1,-1.266401410E0,6.830312252E0,-6.104688644E-1
2.841608281E1,-1.338186026E0,6.820741177E0,-6.538388133E-1
2.841846046E1,-1.237687469E0,6.902096748E0,-7.806583643E-1
2.842083812E1,-9.837492108E-1,6.854240417E0,-9.361918569E-1
2.842321656E1,-6.343970895E-1,6.655636311E0,-1.134796143E0
2.842559500E1,-5.913262963E-1,6.660421848E0,-1.340878010E0
2.842797265E1,-7.013961077E-1,6.753741741E0,-1.412662625E0
2.843035031E1,-9.502496719E-1,7.024429798E0,-1.206879973E0
2.843272875E1,-1.086939692E0,7.268497944E0,-1.266700506E0
2.843510718E1,-9.717850685E-1,7.450352192E0,-1.400698543E0
2.843748484E1,-5.793621540E-1,7.457530975E0,-1.489233017E0
2.843986255E1,-3.182454109E-1,7.447959423E0,-1.575374603E0
2.844224098E1,-1.603191197E-1,7.345067978E0,-1.647159338E0
2.844461942E1,-1.124626622E-1,7.337889671E0,-1.730908036E0
2.844699708E1,7.447660714E-2,7.457530975E0,-1.551446438E0
2.844937474E1,1.055833027E-1,7.500601768E0,-2.341675997E0
2.845175317E1,1.486541033E-1,7.325925827E0,-2.250449657E0
2.845413161E1,1.031904742E-1,7.201498985E0,-2.001596212E0
2.845650927E1,8.644071966E-2,7.144071102E0,-1.855633974E0
2.845888692E1,1.630110443E-1,7.165606499E0,-1.846062660E0
2.846126536E1,2.946162820E-1,7.237390995E0,-1.992024899E0
2.846364380E1,4.453641176E-1,7.290033340E0,-2.133201361E0
2.846602145E1,5.291129351E-1,7.285247803E0,-2.207378864E0
2.846839911E1,5.482555032E-1,7.282855034E0,-2.305484533E0
2.847077755E1,5.578267574E-1,7.323532581E0,-2.320140600E0
2.847315599E1,5.338985324E-1,7.290033340E0,-2.370389938E0
2.847553364E1,4.956133962E-1,7.280461788E0,-2.375175476E0
2.847791135E1,4.764707983E-1,7.285247803E0,-2.370389938E0
2.848028979E1,4.286143482E-1,7.285247803E0,-2.399103880E0
2.848266822E1,3.687937856E-1,7.275676250E0,-2.365604401E0
2.848504588E1,3.161516786E-1,7.242177010E0,-2.324926376E0
2.848742354E1,2.754737139E-1,7.230212688E0,-2.283949137E0
2.848980198E1,1.917249113E-1,7.263712406E0,-2.233700037E0
2.849218041E1,1.486541033E-1,7.287640572E0,-2.178664923E0
2.849455807E1,6.011966988E-2,7.268497944E0,-2.154736757E0
2.849693572E1,-2.392822690E-2,7.244569778E0,-2.094916344E0
2.849931416E1,-1.028913707E-1,7.294818878E0,-2.137987137E0
2.850169260E1,-1.698904037E-1,7.306783199E0,-2.104487419E0
2.850407026E1,-2.775674164E-1,7.368996620E0,-2.118844509E0
2.850644791E1,-3.804588020E-1,7.445566654E0,-2.137987137E0
2.850882635E1,-4.833501875E-1,7.481459141E0,-2.181057930E0
2.851120479E1,-6.224330068E-1,7.551149845E0,-2.216950178E0
2.851358244E1,-7.420741320E-1,7.584649563E0,-2.195414782E0
2.851596015E1,-8.688937426E-1,7.632505894E0,-2.183450699E0
2.851833859E1,-9.789635539E-1,7.646862984E0,-2.147558212E0
2.852071703E1,-1.091725349E0,7.699504852E0,-2.116451740E0
2.852309468E1,-1.235294700E0,7.771289825E0,-2.082952023E0
2.852547234E1,-1.374078393E0,7.855038643E0,-2.070987940E0
2.852785078E1,-1.529611826E0,7.910073280E0,-2.025524378E0
2.853022921E1,-1.666301847E0,7.969893932E0,-2.013560295E0
2.853260687E1,-1.814656854E0,8.017750740E0,-2.023131609E0
2.853498453E1,-1.974975944E0,8.008178711E0,-2.015953064E0
2.853736296E1,-2.142473459E0,7.984251022E0,-2.027917147E0
2.853974140E1,-2.233700037E0,8.003393173E0,-1.994417667E0
2.854211906E1,-2.341377020E0,8.034500122E0,-1.987239242E0
2.854449671E1,-2.465803623E0,8.044071198E0,-2.020738840E0
2.854687515E1,-2.559123755E0,8.058428764E0,-2.054238319E0
2.854925359E1,-2.669193745E0,8.089534760E0,-2.118844509E0
2.855163125E1,-2.712264538E0,8.113762856E0,-2.116451740E0
2.855400895E1,-2.793919563E0,8.168797493E0,-2.204986095E0
2.855638739E1,-2.832204819E0,8.219046593E0,-2.295913219E0
2.855876583E1,-2.848954439E0,8.331509590E0,-2.454138756E0
2.856114349E1,-2.848954439E0,8.388936996E0,-2.518744946E0
2.856352114E1,-2.841775894E0,8.477471352E0,-2.674278498E0
2.856589958E1,-2.848954439E0,8.513363838E0,-2.781955481E0
2.856827802E1,-2.832204819E0,8.582756042E0,-2.925823927E0
2.857065567E1,-2.796312332E0,8.611469269E0,-2.980858803E0
2.857303333E1,-2.721835852E0,8.714659691E0,-3.052643538E0
2.857541177E1,-2.647658348E0,8.800801277E0,-3.162713289E0
2.857779020E1,-2.539981127E0,8.886942863E0,-3.258426189E0
2.858016786E1,-2.446661234E0,8.956335068E0,-3.378067255E0
2.858254552E1,-2.372483730E0,8.994620323E0,-3.411566973E0
2.858492395E1,-2.310270309E0,9.075976372E0,-3.529114246E0
2.858730239E1,-2.245664120E0,9.133403778E0,-3.660719633E0
2.858968005E1,-2.180758715E0,9.231808662E0,-3.775574923E0
2.859205776E1,-2.147259235E0,9.305986404E0,-3.880859137E0
2.859443619E1,-2.123331070E0,9.361021042E0,-3.957429647E0
2.859681463E1,-2.156830549E0,9.423234940E0,-4.036691666E0
2.859919229E1,-2.183151484E0,9.492626190E0,-4.051048756E0
2.860156994E1,-2.236092806E0,9.566803932E0,-4.072584152E0
2.860394838E1,-2.307877541E0,9.645767212E0,-4.077369690E0
2.860632682E1,-2.465803623E0,9.734301567E0,-4.103690624E0
2.860870448E1,-2.599801779E0,9.811170578E0,-4.089334011E0
2.861108213E1,-2.712264538E0,9.921240807E0,-4.074976921E0
2.861346057E1,-2.865704298E0,1.002173901E1,-4.094119549E0
2.861583901E1,-3.040380239E0,1.014616585E1,-4.101297855E0
2.861821666E1,-3.205485106E0,1.027537823E1,-4.139583111E0
2.862059432E1,-3.378067255E0,1.039292622E1,-4.134797573E0
2.862297276E1,-3.497708559E0,1.050778198E1,-4.122833252E0
2.862535119E1,-3.574278831E0,1.060828018E1,-4.177868366E0
2.862772885E1,-3.658027649E0,1.071834946E1,-4.216153622E0
2.863010656E1,-3.780061483E0,1.077099228E1,-4.259224415E0
2.863248500E1,-3.907180309E0,1.077577782E1,-4.340580463E0
2.863486343E1,-4.017250061E0,1.073749256E1,-4.321437836E0
2.863724109E1,-4.103391647E0,1.068485069E1,-4.302295208E0
2.863961875E1,-4.158426762E0,1.060110188E1,-4.247260094E0
2.864199718E1,-4.196712017E0,1.054606628E1,-4.208974838E0
2.864437562E1,-4.194318771E0,1.045992470E1,-4.096512318E0
2.864675328E1,-4.218247414E0,1.034506989E1,-4.005585194E0
2.864913093E1,-4.234996796E0,1.024427223E1,-3.902394533E0
2.865150937E1,-4.249353886E0,1.012941647E1,-3.813860178E0
2.865388781E1,-4.239782810E0,9.997811317E0,-3.739682674E0
2.865626546E1,-4.237389565E0,9.823135376E0,-3.603291750E0
2.865864317E1,-4.206283092E0,9.691230774E0,-3.495614767E0
2.866102161E1,-4.167997837E0,9.518947601E0,-3.382853031E0
2.866340000E1,-4.151247978E0,9.337093353E0,-3.275176048E0
2.866577765E1,-4.124927044E0,9.157332420E0,-3.167499065E0
2.866815536E1,-4.048357010E0,9.030512810E0,-3.069393158E0
2.867053380E1,-4.033999920E0,8.872586250E0,-2.992822886E0
2.867291224E1,-4.010071754E0,8.757730484E0,-2.923431158E0
2.867528989E1,-3.995714664E0,8.618648529E0,-2.860918522E0
2.867766755E1,-3.978965044E0,8.489435196E0,-2.827419043E0
2.868004599E1,-3.993321896E0,8.326724052E0,-2.844168901E0
2.868242442E1,-3.962215185E0,8.041678429E0,-3.074178934E0
2.868480208E1,-3.736990690E0,8.283653259E0,-2.942573547E0
2.868717974E1,-3.746562004E0,8.446364403E0,-2.875574589E0
2.868955817E1,-3.978965044E0,8.412865639E0,-2.863311291E0
2.869193661E1,-4.144069672E0,8.319544792E0,-2.961716175E0
2.869431427E1,-4.170390606E0,8.307580948E0,-3.071786165E0
2.869669198E1,-4.062713623E0,8.386544228E0,-3.179463148E0
2.869907041E1,-3.909573078E0,8.532505989E0,-3.244069338E0
2.870144885E1,-3.799204111E0,8.673981667E0,-3.301496983E0
2.870382651E1,-3.741776466E0,8.803194046E0,-3.325425386E0
2.870620416E1,-3.660420418E0,8.953942299E0,-3.344567776E0
2.870858260E1,-3.581457376E0,9.164510727E0,-3.265604734E0
2.871096104E1,-3.468994617E0,9.401699066E0,-3.189034462E0
2.871333869E1,-3.308376312E0,9.667302132E0,-3.131606579E0
2.871571635E1,-3.179163933E0,9.930811882E0,-3.021536827E0
2.871809479E1,-3.052344322E0,1.016770172E1,-2.956930637E0
2.872047323E1,-2.887239695E0,1.055085278E1,-2.885145903E0
2.872285088E1,-2.685943365E0,1.100818062E1,-2.858525753E0
2.872522854E1,-2.408375978E0,1.158514977E1,-2.863311291E0
2.872760698E1,-2.116152525E0,1.223151112E1,-2.913859844E0
2.872998541E1,-1.790728688E0,1.288983631E1,-3.040679455E0
2.873236307E1,-1.508076429E0,1.362951756E1,-3.143570662E0
2.873474078E1,-1.295115232E0,1.435753441E1,-3.306282759E0
2.873711921E1,-1.158724308E0,1.500389576E1,-3.526721478E0
2.873949765E1,-1.113260746E0,1.552104378E1,-3.739682674E0
2.874187531E1,-1.137188911E0,1.595683670E1,-3.928715706E0
2.874425296E1,-1.158724308E0,1.621765518E1,-4.077369690E0
2.874663140E1,-1.261615753E0,1.629661751E1,-4.187439442E0
2.874900984E1,-1.383649707E0,1.620808411E1,-4.177868366E0
2.875138750E1,-1.522433400E0,1.592064571E1,-4.125226021E0
2.875376515E1,-1.591825247E0,1.549472332E1,-3.911965847E0
2.875614359E1,-1.718943954E0,1.500868130E1,-3.529114246E0
2.875852203E1,-1.754836321E0,1.448913956E1,-3.047857761E0
2.876089968E1,-1.692622900E0,1.400309753E1,-2.537887573E0
2.876327734E1,-1.599003673E0,1.346919823E1,-2.035095692E0
2.876565578E1,-1.402792215E0,1.287787247E1,-1.568196177E0
2.876803421E1,-1.156331539E0,1.229372501E1,-1.187737346E0
2.877041187E1,-9.000003934E-1,1.178375435E1,-8.500502706E-1
2.877278958E1,-6.822535396E-1,1.134078312E1,-5.267201066E-1
2.877516802E1,-5.602195859E-1,1.090768242E1,-2.443670183E-1
2.877754645E1,-4.761717021E-1,1.053888798E1,-3.589234129E-2
2.877992411E1,-3.972085714E-1,1.024187946E1,1.459621787E-1
2.878230177E1,-3.804588020E-1,1.002413273E1,2.823530734E-1
2.878468020E1,-3.158525825E-1,9.830313683E0,3.900300860E-1
2.878705864E1,-2.919243574E-1,9.629017830E0,4.426721931E-1
2.878943630E1,-2.273181528E-1,9.439984322E0,4.809573591E-1
2.879181395E1,-1.842473447E-1,9.329915047E0,4.211367965E-1
2.879419239E1,-1.483550072E-1,9.178867340E0,3.326023519E-1
2.879657083E1,-8.135596663E-2,9.001798630E0,1.818545163E-1
2.879894848E1,5.024927482E-2,8.872586250E0,-3.110669367E-2
2.880132614E1,2.682952285E-1,8.762516975E0,-2.587239444E-1
2.880370458E1,4.453641176E-1,8.717052460E0,-5.315057039E-1
2.880608302E1,6.032904387E-1,8.700303078E0,-8.093722463E-1
2.880846067E1,6.586244106E-1,8.618648529E0,-1.060618639E0
2.881083838E1,6.873382926E-1,8.604290962E0,-1.218844056E0
2.881321682E1,7.351947427E-1,8.532505989E0,-1.443769336E0
2.881559526E1,7.878368497E-1,8.482256889E0,-1.651944876E0
2.881797291E1,9.002995491E-1,8.515756607E0,-1.814955950E0
2.882035057E1,1.010369420E0,8.592327118E0,-1.889133453E0
2.882272901E1,1.089332461E0,8.637790680E0,-1.944168448E0
2.882510744E1,1.127617717E0,8.690732002E0,-1.936989903E0
2.882748510E1,1.218844056E0,8.721838951E0,-1.977667928E0
2.882986276E1,1.295414329E0,8.776873589E0,-1.996810555E0
2.883224119E1,1.345663667E0,8.855836868E0,-2.003988981E0
2.883461963E1,1.338485122E0,8.841479301E0,-1.913061738E0
2.883699729E1,1.328913927E0,8.884550095E0,-1.956132531E0
2.883937500E1,1.340878010E0,8.951549530E0,-1.858026743E0
2.884175343E1,1.324128270E0,8.941978455E0,-1.635195136E0
2.884413182E1,1.364806175E0,9.181260109E0,-1.570588946E0
2.884650948E1,1.494018674E0,9.559625626E0,-1.927418590E0
2.884888718E1,1.561017632E0,9.727123260E0,-1.829312921E0
2.885126562E1,1.687837243E0,1.018684387E1,-2.078166485E0
2.885364406E1,1.649552107E0,1.045513916E1,-2.231307030E0
2.885602171E1,1.625623941E0,1.082841969E1,-2.588136673E0
2.885839937E1,1.716551185E0,1.135513973E1,-3.229712248E0
2.886077781E1,1.697408557E0,1.168325520E1,-3.526721478E0
2.886315625E1,1.721336842E0,1.204247856E1,-3.923929930E0
2.886553390E1,1.706979871E0,1.235593796E1,-4.280759811E0
2.886791156E1,1.706979871E0,1.264337540E1,-4.742873669E0
2.887029000E1,1.630409479E0,1.281087303E1,-5.010869503E0
2.887266843E1,1.302592874E0,1.275344563E1,-5.214558601E0
2.887504609E1,1.149153113E0,1.268644619E1,-5.504090309E0
2.887742380E1,8.644071817E-1,1.250189972E1,-5.324628353E0
2.887980224E1,1.010369420E0,1.237747288E1,-4.613661289E0
2.888218067E1,1.677966863E-1,1.203051376E1,-4.639982224E0
2.888455833E1,-6.511468887E-1,1.174307632E1,-5.511268616E0
2.888693598E1,-8.473583460E-1,1.174307632E1,-5.346164227E0
2.888931442E1,-1.505683661E0,1.160907841E1,-5.820241928E0
2.889169286E1,-1.867298961E0,1.143888855E1,-5.975775242E0
2.889407052E1,-1.702194214E0,1.130489063E1,-5.535196781E0
2.889644817E1,-1.644766450E0,1.103210926E1,-5.159523964E0
2.889882661E1,-1.560718536E0,1.078774166E1,-4.831408024E0
2.890120505E1,-1.378864050E0,1.064417267E1,-4.295116425E0
2.890358270E1,-1.182652593E0,1.047188950E1,-3.866502285E0
2.890596036E1,-1.043569803E0,1.028495026E1,-3.620041609E0
2.890833880E1,-8.976075649E-1,1.012223816E1,-3.512364626E0
2.891071724E1,-7.947162390E-1,9.993025780E0,-3.418745279E0
2.891309489E1,-6.463612318E-1,9.959526062E0,-3.421138287E0
2.891547260E1,-5.219344497E-1,9.954740524E0,-3.351746321E0
2.891785104E1,-4.857429862E-1,9.724730492E0,-3.229712248E0
2.892022948E1,-5.075774789E-1,9.504590988E0,-3.057429075E0
2.892260713E1,-4.498506486E-1,9.444769859E0,-2.985644341E0
2.892498479E1,-3.302095234E-1,9.483055115E0,-2.928216696E0
2.892736322E1,-1.052841991E-1,9.631410599E0,-2.940180779E0
2.892974166E1,-8.853443712E-2,9.447162628E0,-2.561815739E0
2.893211932E1,-1.483550072E-1,9.145368576E0,-2.260020971E0
2.893449698E1,-1.627119333E-1,9.068798065E0,-2.097309113E0
2.893687541E1,-6.221338734E-2,9.236594200E0,-2.066202402E0
2.893925385E1,-3.589234129E-2,9.159725189E0,-1.781456470E0
2.894163151E1,0.000000000E0,9.107083321E0,-1.702194214E0
2.894400916E1,4.785645287E-3,9.044869423E0,-1.628016710E0
2.894638760E1,7.686942816E-2,9.140582085E0,-1.675873160E0
2.894876604E1,6.011966988E-2,9.186046600E0,-1.328913927E0
2.895114369E1,4.785645381E-2,9.238986969E0,-1.202094316E0
2.895352140E1,-4.785645287E-3,9.267701149E0,-1.063011408E0
2.895589984E1,-1.914258115E-2,9.305986404E0,-9.601200819E-1
2.895827828E1,1.914258115E-2,9.468698502E0,-8.835497499E-1
2.896065593E1,-1.435693540E-2,9.437591553E0,-7.351947427E-1
2.896303359E1,5.024927482E-2,9.370592117E0,-6.993024349E-1
2.896541203E1,1.462612897E-1,9.614660263E0,-1.364806175E0
2.896779046E1,4.546362907E-2,9.624231339E0,-7.423732281E-1
2.897016812E1,-2.584248483E-1,9.588339806E0,-4.668995142E-1
2.897254578E1,-2.775674164E-1,9.590732574E0,-5.865406394E-1
2.897492421E1,1.127617657E-1,9.985847473E0,-5.673980713E-1
2.897730265E1,1.031904742E-1,1.005763149E1,-7.878368497E-1
2.897968031E1,6.969095767E-2,1.022273636E1,-2.738884687E0
2.898205802E1,-5.985047817E-1,9.873384476E0,-1.687837243E0
2.898443645E1,-9.502496719E-1,9.329915047E0,-1.278664589E0
2.898681489E1,-8.353942037E-1,9.219844818E0,-1.683051586E0
2.898919255E1,-7.277171612E-1,9.162117958E0,-1.795813441E0
2.899157020E1,-6.415755749E-1,9.229415894E0,-1.846062660E0
2.899394864E1,-6.032904387E-1,9.341878891E0,-1.896311998E0
2.899632708E1,-5.219344497E-1,9.566803932E0,-1.551446438E0
2.899870474E1,-1.455434322E0,9.418449402E0,-2.102094650E0
2.900108239E1,-1.826620936E0,9.157332420E0,-3.131606579E0
2.900346083E1,-1.642373681E0,9.099904060E0,-3.507578850E0
2.900583927E1,-1.381256819E0,9.040083885E0,-3.418745279E0
2.900821692E1,-1.082154036E0,9.490233421E0,-3.572185040E0
2.901059458E1,-6.391827464E-1,9.435198784E0,-6.655636311E0
2.901297302E1,-1.010070205E0,8.577970505E0,-4.070191383E0
2.901535145E1,-1.508076429E0,7.852645874E0,-3.110071182E0
2.901772911E1,-2.094617128E0,7.620542049E0,-1.733300924E0
2.902010682E1,-2.358126640E0,7.663612843E0,-1.541875124E0
2.902248526E1,-2.240878344E0,7.890930653E0,-1.972882271E0
2.902486369E1,-2.044367790E0,8.195118904E0,-2.406282187E0
2.902724135E1,-2.260020971E0,8.630612373E0,-2.726920605E0
2.902961901E1,-1.898405671E0,8.616254807E0,-3.088535786E0
2.903199744E1,-1.173081279E0,8.618648529E0,-3.019144058E0
2.903437588E1,-9.598209858E-1,8.975478172E0,-2.576172590E0
2.903675354E1,-1.173081279E0,8.427222252E0,-2.839383125E0
2.903913119E1,-1.264008522E0,8.302795410E0,-4.003192425E0
2.904150963E1,-1.077368379E0,8.192725182E0,-4.094119549E0
2.904388807E1,-7.396813035E-1,8.235795975E0,-3.907180309E0
2.904626572E1,-3.206382394E-1,8.688339233E0,-6.701099873E0
2.904864343E1,-5.602195859E-1,8.788837433E0,-6.552744865E0
2.905102187E1,-6.296114326E-1,7.447959423E0,-4.024727821E0
2.905340026E1,-7.540382147E-1,7.179963589E0,-1.544267893E0
2.905577791E1,-1.273579836E0,6.947560310E0,-1.893320978E-1
2.905815562E1,-1.577468276E0,7.134500027E0,-8.524430394E-1
2.906053406E1,-1.366899967E0,7.666005611E0,-1.858026743E0
2.906291250E1,-9.693922997E-1,8.152048111E0,-2.777169704E0
2.906529015E1,-5.051847100E-1,8.729017258E0,-2.870789051E0
2.906766781E1,-1.005284667E0,9.411270142E0,-2.293520451E0
2.907004624E1,-1.862513304E0,9.327521324E0,-3.543471336E0
2.907242468E1,-1.575075507E0,8.989834785E0,-4.122833252E0
2.907480234E1,-1.132403374E0,8.779266357E0,-4.077369690E0
2.907718000E1,-7.085745931E-1,8.673981667E0,-3.777967930E0
2.907955843E1,-6.559324861E-1,8.915657043E0,-3.031108141E0
2.908193687E1,-8.090731502E-1,8.705088615E0,-2.643171787E0
2.908431453E1,-5.051847100E-1,8.649754524E0,-2.848954439E0
2.908669224E1,-6.080760360E-1,8.537292480E0,-2.911466837E0
2.908907067E1,-9.693922997E-1,8.508578300E0,-3.330210924E0
2.909144911E1,-8.234301209E-1,8.585148811E0,-3.308675528E0
2.909382677E1,-6.056832075E-1,8.487042427E0,-2.571387053E0
2.909620442E1,-4.043870270E-1,8.951549530E0,-1.776670814E0
2.909858286E1,-1.062712312E0,8.920442581E0,-2.212164640E0
2.910096130E1,-1.304686546E0,8.982656479E0,-3.009572744E0
2.910333895E1,-1.503290772E0,8.558827400E0,-3.330210924E0
2.910571661E1,-1.285543919E0,9.384949684E0,-8.432007790E0
2.910809505E1,-1.778764486E0,9.475876808E0,-4.005585194E0
2.911047349E1,-2.451446772E0,9.880562782E0,-1.632802367E0
2.911285114E1,-3.449851990E0,9.490233421E0,1.122832060E0
2.911522885E1,-3.540779352E0,9.207581520E0,1.292722464E0
2.911760729E1,-2.894418001E0,9.593125343E0,-4.142574072E-1
2.911998567E1,-2.092224360E0,9.861420631E0,-1.666301847E0
2.912236333E1,-1.555932879E0,9.875777245E0,-2.283949137E0
2.912474104E1,-1.237687469E0,9.767801285E0,-2.382354021E0
2.912711948E1,-1.106082320E0,9.576375008E0,-2.262413740E0
2.912949791E1,-1.113260746E0,9.428020477E0,-2.228914261E0
2.913187557E1,-1.409970760E0,9.698409081E0,-1.879562140E0
2.913425323E1,-2.106581211E0,9.700801849E0,-8.021938205E-1
2.913663166E1,-1.996511340E0,9.669695854E0,-1.958525300E0
2.913901010E1,-1.711765528E0,9.358628273E0,-2.549851656E0
2.914138776E1,-1.335793257E0,9.116654396E0,-2.554637194E0
2.914376541E1,-9.502496719E-1,8.961120605E0,-2.530709028E0
2.914614385E1,-8.425726891E-1,8.999405861E0,-2.336890459E0
2.914852229E1,-1.113260746E0,9.140582085E0,-2.111665964E0
2.915089994E1,-1.421934843E0,9.518947601E0,-8.572286963E-1
2.915327765E1,-1.814656854E0,9.447162628E0,-2.051845312E0
2.915565609E1,-1.776371717E0,9.305986404E0,-2.547458887E0
2.915803453E1,-1.307079315E0,9.222237587E0,-2.018345833E0
2.916041218E1,-1.800299883E0,9.270093918E0,-2.401496649E0
2.916278984E1,-2.132902384E0,9.473484039E0,-2.590529680E0
2.916516828E1,-2.602194548E0,9.780064583E0,-2.487638235E0
2.916754671E1,-2.405983210E0,1.014616585E1,-1.596910000E0
2.916992437E1,-1.661516190E0,9.681659698E0,-2.066202402E0
2.917230203E1,-1.079761267E0,9.028120041E0,-3.232105255E0
2.917468046E1,-7.636095285E-1,8.915657043E0,-2.959323406E0
2.917705890E1,-7.157530785E-1,9.487840652E0,-2.360818624E0
2.917943656E1,-5.626124144E-1,1.011984539E1,-7.924729347E0
2.918181421E1,5.602195859E-1,9.382556915E0,-3.533900023E0
2.918419265E1,1.103689447E-1,7.234998226E0,-1.941177398E-1
2.918657109E1,-1.086939692E0,6.614958286E0,-4.381856322E-1
2.918894874E1,-1.575075507E0,6.806384087E0,1.866401732E-1
2.919132645E1,-1.307079315E0,7.579864025E0,-8.763712645E-1
2.919370489E1,-7.755736113E-1,8.341080666E0,-1.922633052E0
2.919608333E1,-5.841478109E-1,8.798408508E0,-2.492423773E0
2.919846098E1,-1.450648785E0,9.849455833E0,-1.992024899E0
2.920083864E1,-1.776371717E0,9.468698502E0,-1.975275040E0
2.920321708E1,-6.176473498E-1,8.918049812E0,-3.512364626E0
2.920559552E1,1.677966863E-1,8.233403206E0,-3.734897137E0
2.920797317E1,5.267201066E-1,7.907680511E0,-3.804288864E0
2.921035083E1,-1.531406492E-1,8.063214302E0,-2.360818624E0
2.921272927E1,4.692923427E-1,7.666005611E0,-2.877967358E0
2.921510770E1,7.926225066E-1,7.333104134E0,-3.502793312E0
2.921748536E1,2.802593410E-1,7.404888630E0,-2.961716175E0
2.921986302E1,4.118646085E-1,7.220641613E0,-3.131606579E0
2.922224145E1,7.686942816E-1,6.851847649E0,-3.433401346E0
2.922461994E1,1.283450246E0,6.569494724E0,-3.880859137E0
2.922699760E1,1.472483277E0,6.317949295E0,-3.914358854E0
2.922937526E1,1.534696579E0,6.164808273E0,-3.677469254E0
2.923175369E1,1.549053550E0,6.040381432E0,-3.354139090E0
2.923413213E1,1.644766450E0,5.908776283E0,-3.186641455E0
2.923650979E1,1.647159338E0,5.858527184E0,-3.016751051E0
2.923888744E1,1.362413406E0,5.887240887E0,-2.784348249E0
2.924126588E1,1.132403374E0,5.942276001E0,-2.470888376E0
2.924364432E1,1.106082320E0,6.040381432E0,-2.219342947E0
2.924602198E1,1.158724308E0,6.138487339E0,-2.102094650E0
2.924839963E1,1.264307618E0,6.265306950E0,-1.994417667E0
2.925077807E1,1.391127229E0,6.428318024E0,-1.879562140E0
2.925315651E1,1.577767372E0,6.650850773E0,-1.755135417E0
2.925553416E1,1.779063582E0,6.918846607E0,-1.757528186E0
2.925791187E1,1.934597135E0,7.211070061E0,-1.718943954E0
2.926029031E1,2.008774519E0,7.565506935E0,-1.747956991E0
2.926266875E1,2.075773716E0,7.857431412E0,-1.752742529E0
2.926504640E1,2.190629244E0,8.185546875E0,-1.786242127E0
2.926742406E1,2.221735716E0,8.594719887E0,-1.812563181E0
2.926980250E1,2.260020971E0,8.927620888E0,-1.829312921E0
2.927218093E1,2.288734913E0,9.262915611E0,-1.905883193E0
2.927455859E1,2.305783749E0,9.566803932E0,-1.908276081E0
2.927693624E1,2.238485575E0,9.851848602E0,-1.968096614E0
2.927931468E1,2.173879385E0,1.010788059E1,-2.025524378E0
2.928169312E1,2.085345030E0,1.030887794E1,-2.142772675E0
2.928407078E1,2.020738840E0,1.057238770E1,-2.267199516E0
2.928644848E1,1.932204247E0,1.079252720E1,-2.387139797E0
2.928882692E1,1.834098577E0,1.097946644E1,-2.554637194E0
2.929120531E1,1.683051586E0,1.114935684E1,-2.726920605E0
2.929358296E1,1.515554070E0,1.131924725E1,-2.949752092E0
2.929596067E1,1.355234981E0,1.144606686E1,-3.124428272E0
2.929833911E1,1.228415370E0,1.159232807E1,-3.325425386E0
2.930071755E1,1.079761267E0,1.170718384E1,-3.474079370E0
2.930309520E1,9.696913958E-1,1.180050373E1,-3.663112402E0
2.930547286E1,8.763712645E-1,1.190100288E1,-3.852145433E0
2.930785130E1,7.878368497E-1,1.201585770E1,-4.058227062E0
2.931022974E1,6.586244106E-1,1.209512043E1,-4.342973232E0
2.931260739E1,5.338985324E-1,1.214536953E1,-4.484149456E0
2.931498505E1,3.951148391E-1,1.216929817E1,-4.548755646E0
2.931736348E1,2.324029058E-1,1.217408371E1,-4.656732082E0
2.931974192E1,6.011966988E-2,1.216211891E1,-4.735694885E0
2.932211958E1,-1.220339537E-1,1.208554935E1,-4.771587372E0
2.932449729E1,-3.565305769E-1,1.197757244E1,-4.809872627E0
2.932687572E1,-5.865406394E-1,1.183400345E1,-4.802694321E0
2.932925416E1,-8.210372925E-1,1.171914768E1,-4.745266438E0
2.933163182E1,-1.065105200E0,1.158275700E1,-4.642374992E0
2.933400948E1,-1.295115232E0,1.148943710E1,-4.556233406E0
2.933638791E1,-1.555932879E0,1.136231804E1,-4.539184570E0
2.933876635E1,-1.740479350E0,1.129531956E1,-4.453042984E0
2.934114401E1,-1.896012783E0,1.119482040E1,-4.359723091E0
2.934352166E1,-2.015654087E0,1.112542915E1,-4.304687977E0
2.934590010E1,-2.094617128E0,1.108714390E1,-4.220939159E0
2.934827854E1,-2.135295153E0,1.100578785E1,-4.110869408E0
2.935065619E1,-2.183151484E0,1.091486073E1,-4.015156269E0
2.935303385E1,-2.233700037E0,1.077817059E1,-3.888037682E0
2.935541229E1,-2.262413740E0,1.067049313E1,-3.732504129E0
2.935779078E1,-2.248056889E0,1.051974583E1,-3.591327667E0
2.936016843E1,-2.231307030E0,1.033549786E1,-3.418745279E0
2.936254609E1,-2.334198475E0,1.013898754E1,-3.296711445E0
2.936492453E1,-2.389233351E0,9.952347755E0,-3.148356438E0
2.936730296E1,-2.396411896E0,9.784850121E0,-2.983251572E0
2.936968062E1,-2.300698996E0,9.636196136E0,-2.882753134E0
2.937205828E1,-2.248056889E0,9.490233421E0,-2.801098108E0
2.937443671E1,-2.226521492E0,9.325128555E0,-2.693420887E0
2.937681515E1,-2.166401863E0,9.207581520E0,-2.671885490E0
2.937919281E1,-2.123331070E0,9.073583603E0,-2.607279301E0
2.938157046E1,-2.058724880E0,8.963513374E0,-2.540280342E0
2.938394890E1,-1.998904228E0,8.889336586E0,-2.509173632E0
2.938632734E1,-1.936690807E0,8.817551613E0,-2.468495607E0
2.938870500E1,-1.857727647E0,8.760123253E0,-2.437388897E0
2.939108270E1,-1.783550143E0,8.707481384E0,-2.396710873E0
2.939346114E1,-1.733300924E0,8.695517540E0,-2.324926376E0
2.939583958E1,-1.577468276E0,8.700303078E0,-2.233700037E0
2.939821724E1,-1.546361685E0,8.690732002E0,-2.164308071E0
2.940059489E1,-1.567897081E0,8.702695847E0,-2.133201361E0
2.940297333E1,-1.498505235E0,8.762516975E0,-2.054238319E0
2.940535177E1,-1.438684583E0,8.793622971E0,-2.003988981E0
2.940772942E1,-1.407577872E0,8.829515457E0,-1.977667928E0
2.941010708E1,-1.335793257E0,8.841479301E0,-1.975275040E0
2.941248552E1,-1.163509965E0,8.867800713E0,-1.946561217E0
2.941486395E1,-1.098903775E0,8.915657043E0,-1.917847395E0
2.941724161E1,-9.669994712E-1,8.913264275E0,-1.889133453E0
2.941961927E1,-9.287142754E-1,8.755337715E0,-1.858026743E0
2.942199770E1,-8.856434822E-1,8.649754524E0,-1.850848317E0
2.942437619E1,-8.425726891E-1,8.568398476E0,-1.881955028E0
2.942675385E1,-8.162516356E-1,8.455936432E0,-1.872383714E0
2.942913151E1,-7.109674215E-1,8.348258972E0,-1.843669891E0
2.943150994E1,-6.918248534E-1,8.240582466E0,-1.745265007E0
2.943388838E1,-7.205387354E-1,8.209475517E0,-1.843669891E0
2.943626604E1,-1.421934843E0,7.938787460E0,-2.897109985E0
2.943864369E1,-9.885348678E-1,7.888537884E0,-2.209771633E0
2.944102213E1,-4.067798555E-1,7.855038643E0,-1.182652593E0
2.944340057E1,-4.785645287E-3,7.809575081E0,-6.008976102E-1
2.944577822E1,2.802593410E-1,7.697112083E0,-4.477569461E-1
2.944815588E1,2.682952285E-1,7.632505894E0,-7.830511928E-1
2.945053432E1,6.825526357E-1,7.651648521E0,-1.510469317E-1
2.945291276E1,4.908277392E-1,7.325925827E0,1.579262912E-1
2.945529041E1,4.645066857E-1,7.172784805E0,-1.414756328E-1
2.945766812E1,3.305086195E-1,7.096214771E0,-4.956133962E-1
2.946004656E1,1.654038578E-1,7.108178616E0,-6.538388133E-1
2.946242500E1,2.443670183E-1,7.074679375E0,-7.806583643E-1
2.946480265E1,3.640081584E-1,7.203891754E0,-1.024726272E0
2.946718031E1,2.659024298E-1,7.412067413E0,-9.840483069E-1
2.946955874E1,1.677966863E-1,7.495816231E0,-9.433703423E-1
2.947193718E1,3.400799036E-1,7.512565613E0,-8.524430394E-1
2.947431484E1,3.400799036E-1,8.005785942E0,-1.110867858E0
2.947669250E1,2.826521695E-1,8.278866768E0,-9.529415965E-1
2.947907093E1,1.342971772E-1,8.594719887E0,-7.998009920E-1
2.948144937E1,3.807578981E-1,8.724231720E0,-8.548358679E-1
2.948382703E1,1.630110443E-1,9.521340370E0,-1.000798106E0
2.948620468E1,1.342971772E-1,9.806385040E0,-4.022932947E-1
2.948858312E1,0.000000000E0,1.048146057E1,-6.152545214E-1
2.949096156E1,-2.081755698E-1,1.117328548E1,-7.375875711E-1
2.949333921E1,-3.134597540E-1,1.172393322E1,-7.088736892E-1
2.949571692E1,-5.793621540E-1,1.248515034E1,-8.979067206E-1
2.949809536E1,-6.990033388E-1,1.300469208E1,-8.763712645E-1
2.950047380E1,-8.904291391E-1,1.359841156E1,-8.835497499E-1
2.950285145E1,-1.115653515E0,1.406531048E1,-9.002995491E-1
2.950522911E1,-1.433898926E0,1.445803261E1,-1.003190875E0
2.950760755E1,-1.819442511E0,1.477388477E1,-9.649057388E-1
2.950998598E1,-2.415554523E0,1.490100384E1,-9.194421172E-1
2.951236364E1,-2.906382322E0,1.504935932E1,-9.314061999E-1
2.951474130E1,-3.452244759E0,1.518575001E1,-7.830511928E-1
2.951711974E1,-3.844667673E0,1.527428436E1,-4.836492836E-1
2.951949817E1,-4.215854168E0,1.549472332E1,-3.664009571E-1
2.952187583E1,-4.474578381E0,1.543729496E1,1.914258115E-2
2.952425354E1,-4.890929699E0,1.550907993E1,-1.079761237E-1
2.952663198E1,-5.030012131E0,1.583211136E1,-2.084746659E-1
2.952901041E1,-5.087440014E0,1.610519218E1,-1.917249113E-1
2.953138807E1,-5.259723186E0,1.621286964E1,-2.252244353E-1
2.953376573E1,-5.386542797E0,1.629422569E1,-1.917249113E-1
2.953614416E1,-5.384150028E0,1.617697716E1,-1.342971772E-1
2.953852260E1,-4.847858906E0,1.539900970E1,3.541377485E-1
2.954090026E1,-4.644468784E0,1.546122360E1,2.967100143E-1
2.954327791E1,-4.517649174E0,1.532453346E1,-1.295115203E-1
2.954565635E1,-4.275674820E0,1.499910927E1,-2.392822644E-3
2.954803479E1,-4.012464523E0,1.470688629E1,5.024927482E-2
2.955041244E1,-3.844667673E0,1.416580868E1,1.674975827E-2
2.955279010E1,-3.579064369E0,1.387867069E1,1.316052526E-1
2.955516854E1,-3.440280676E0,1.350987625E1,1.435693651E-1
2.955754698E1,-3.334996462E0,1.303340626E1,7.417750359E-2
2.955992463E1,-3.291626692E0,1.252104282E1,2.392822690E-2
2.956230234E1,-3.320639610E0,1.210947704E1,2.153540403E-1
2.956468078E1,-3.234198809E0,1.170718384E1,-4.214358926E-1
2.956705921E1,-3.191128016E0,1.124746323E1,-7.806583643E-1
2.956943687E1,-3.253341436E0,1.073509979E1,-9.888339639E-1
2.957181453E1,-2.944667339E0,1.040249729E1,-7.663014531E-1
2.957419296E1,-2.554338217E0,1.010788059E1,-7.399803996E-1
2.957657140E1,-2.075474501E0,9.499805450E0,-8.739784956E-1
2.957894906E1,-2.082653046E0,9.305986404E0,-1.029511929E0
2.958132671E1,-2.152044773E0,9.099904060E0,-1.379163146E0
2.958370515E1,-2.319841623E0,9.008976936E0,-2.109273195E0
2.958608359E1,-2.276770830E0,8.865407944E0,-2.375175476E0
2.958846124E1,-2.178365946E0,8.657232285E0,-2.149951220E0
2.959083895E1,-1.867298961E0,8.254939079E0,-1.671087503E0
2.959321739E1,-1.563111424E0,8.302795410E0,-1.599302888E0
2.959559583E1,-1.704586983E0,8.228617668E0,-2.423032045E0
2.959797348E1,-1.879263043E0,8.065607071E0,-2.949752092E0
2.960035114E1,-1.977368832E0,8.144868851E0,-3.117249727E0
2.960272958E1,-2.039582253E0,8.391329765E0,-3.476472139E0
2.960510802E1,-2.439482689E0,8.302795410E0,-4.163511276E0
2.960748567E1,-2.413161755E0,7.991429329E0,-4.307080746E0
2.960986333E1,-1.934298038E0,8.226224899E0,-3.914358854E0
2.961224177E1,-1.543968797E0,8.453543663E0,-3.363710403E0
2.961462020E1,-1.273579836E0,8.554041862E0,-2.952144861E0
2.961699786E1,-1.022034407E0,8.918049812E0,-2.607279301E0
2.961937557E1,-1.225723386E0,9.030512810E0,-3.299104214E0
2.962175401E1,-1.498505235E0,8.982656479E0,-3.775574923E0
2.962413244E1,-1.500898004E0,8.989834785E0,-4.046263218E0
2.962651010E1,-1.302293777E0,8.946763992E0,-3.057429075E0
2.962888776E1,-1.292722464E0,9.571589470E0,-3.174677372E0
2.963126619E1,-1.457827210E0,9.669695854E0,-3.545864105E0
2.963364463E1,-2.161616087E0,9.339486122E0,-4.237689018E0
2.963602229E1,-2.346162558E0,9.279664993E0,-4.283152580E0
2.963839994E1,-1.697408557E0,9.564411163E0,-3.782753468E0
2.964077838E1,-1.295115232E0,9.736694336E0,-3.150749207E0
2.964315682E1,-1.242473125E0,9.619445801E0,-2.882753134E0
2.964553448E1,-7.851449251E-1,9.442377090E0,-1.427019596E0
2.964791213E1,-1.302293777E0,9.392127991E0,-2.066202402E0
2.965029057E1,-1.764407635E0,8.997013092E0,-2.612065077E0
2.965266901E1,-1.809871197E0,8.975478172E0,-2.650350094E0
2.965504666E1,-1.699801445E0,9.114261627E0,-2.693420887E0
2.965742437E1,-1.733300924E0,8.970691681E0,-2.334497690E0
2.965980281E1,-1.608574986E0,9.035298347E0,-2.329711914E0
2.966218125E1,-1.505683661E0,8.989834785E0,-2.008774519E0
2.966455890E1,-1.426720500E0,8.858229637E0,-1.259521961E0
2.966693656E1,-1.371685624E0,9.020941734E0,-1.218844056E0
2.966931500E1,-1.211366415E0,9.375378609E0,-1.630409479E0
2.967169343E1,-9.239286184E-1,9.559625626E0,-1.338485122E0
2.967407109E1,-1.333400369E0,8.913264275E0,-1.410269856E0
2.967644875E1,-1.584646821E0,8.496614456E0,-1.450947881E0
2.967882718E1,-1.543968797E0,8.242975235E0,-1.180259824E0
2.968120562E1,-1.412363529E0,8.185546875E0,-1.031904817E0
2.968358328E1,-1.232901812E0,8.231010437E0,-8.524430394E-1
2.968596098E1,-1.206580877E0,8.345866203E0,-9.074779749E-1
2.968833942E1,-1.287936807E0,8.491828918E0,-4.788636267E-1
2.969071786E1,-4.666004181E-1,9.614660263E0,-7.304090858E-1
2.969309552E1,-7.253243923E-1,8.621041298E0,-1.314556956E0
2.969547317E1,-9.669994712E-1,7.814360619E0,-1.202094316E0
2.969785161E1,-1.098903775E0,7.459923744E0,-8.763712645E-1
2.970023005E1,-1.333400369E0,7.407281399E0,-6.370890141E-1
2.970260770E1,-1.445863128E0,7.299604416E0,-5.578267574E-1
2.970498536E1,-1.026820064E0,7.459923744E0,-6.176473498E-1
2.970736380E1,-5.482555032E-1,7.713861942E0,-8.285148144E-1
2.970974224E1,-1.938186288E-1,7.979465485E0,-5.745765567E-1
2.971211989E1,-6.798607111E-1,7.148856640E0,-8.811569214E-1
2.971449755E1,-7.253243923E-1,6.882954121E0,-2.659024298E-1
2.971687598E1,-7.899305820E-1,6.918846607E0,-1.151545867E-1
2.971925442E1,-8.210372925E-1,6.961917400E0,-2.826521695E-1
2.972163208E1,-8.090731502E-1,6.986145020E0,-4.668995142E-1
2.972400979E1,-7.612167001E-1,6.957131863E0,-6.849454641E-1
2.972638822E1,-7.253243923E-1,6.902096748E0,-8.045865893E-1
2.972876666E1,-6.463612318E-1,6.873383045E0,-9.098708034E-1
2.973114432E1,-5.602195859E-1,6.940382004E0,-1.120439172E0
2.973352198E1,-4.953143001E-1,6.952346325E0,-1.158724308E0
2.973590041E1,-4.666004181E-1,6.875775814E0,-1.218844056E0
2.973827885E1,-4.833501875E-1,6.789634228E0,-1.295414329E0
2.974065651E1,-4.307080805E-1,6.713063717E0,-1.371984720E0
2.974303416E1,-3.589234054E-1,6.677171707E0,-1.503589988E0
2.974541260E1,-2.727817893E-1,6.801598549E0,-1.599302888E0
2.974779104E1,-1.339980662E-1,6.887740135E0,-1.738086581E0
2.975016869E1,-2.081755698E-1,7.141678333E0,-1.834098577E0
2.975254640E1,-1.842473447E-1,7.270890713E0,-1.908276081E0
2.975492484E1,-5.264209956E-2,7.306783199E0,-1.932204247E0
2.975730328E1,1.271187067E-1,7.306783199E0,-2.020738840E0
2.975968093E1,1.989033818E-1,7.323532581E0,-2.080559254E0
2.976205859E1,2.156531364E-1,7.349853992E0,-2.195414782E0
2.976443703E1,2.300100774E-1,7.347461224E0,-2.269592285E0
2.976681546E1,2.419741899E-1,7.400103092E0,-2.317747831E0
2.976919312E1,2.515454888E-1,7.443173885E0,-2.367997169E0
2.977157078E1,2.611167729E-1,7.486244678E0,-2.449352980E0
2.977394921E1,2.611167729E-1,7.495816231E0,-2.475674152E0
2.977632765E1,2.587239444E-1,7.529315472E0,-2.521137714E0
2.977870531E1,2.563311160E-1,7.532007694E0,-2.554637194E0
2.978108302E1,2.347957194E-1,7.565506935E0,-2.566601276E0
2.978346145E1,1.462612897E-1,7.543971539E0,-2.554637194E0
2.978583989E1,1.247258782E-1,7.591827869E0,-2.566601276E0
2.978821755E1,6.490531564E-2,7.630113125E0,-2.513959408E0
2.979059520E1,2.871387079E-2,7.649255753E0,-2.494816780E0
2.979297364E1,-4.546362907E-2,7.699504852E0,-2.437388897E0
2.979535208E1,-1.052841991E-1,7.737790108E0,-2.413460732E0
2.979772974E1,-1.818545163E-1,7.764111042E0,-2.360818624E0
2.980010739E1,-2.751746178E-1,7.778468132E0,-2.327319145E0
2.980248583E1,-3.086741269E-1,7.838288784E0,-2.291127682E0
2.980486427E1,-3.469592929E-1,7.931608677E0,-2.288734913E0
2.980724192E1,-4.402793646E-1,8.001000404E0,-2.231307030E0
2.980961958E1,-5.410770178E-1,8.051250458E0,-2.243271112E0
2.981199802E1,-6.272186637E-1,8.154440880E0,-2.283949137E0
2.981437645E1,-7.205387354E-1,8.214261055E0,-2.322533369E0
2.981675411E1,-8.066803217E-1,8.293224335E0,-2.384746790E0
2.981913182E1,-9.047860503E-1,8.369794846E0,-2.434996128E0
2.982151026E1,-1.031605721E0,8.496614456E0,-2.504388094E0
2.982388869E1,-1.180259824E0,8.635397911E0,-2.624029160E0
2.982626635E1,-1.321436286E0,8.695517540E0,-2.700599432E0
2.982864401E1,-1.472184181E0,8.779266357E0,-2.748456001E0
2.983102244E1,-1.620539188E0,8.855836868E0,-2.731706142E0
2.983340088E1,-1.714158297E0,8.925228119E0,-2.683849812E0
2.983577854E1,-1.848156333E0,8.975478172E0,-2.621636391E0
2.983815619E1,-1.977368832E0,8.985049248E0,-2.525923491E0
2.984053463E1,-2.087438583E0,9.023334503E0,-2.442174673E0
2.984291307E1,-2.214557409E0,9.075976372E0,-2.360818624E0
2.984529072E1,-2.370090723E0,9.054440498E0,-2.262413740E0
2.984766843E1,-2.482553482E0,9.087940216E0,-2.197807550E0
2.985004687E1,-2.583052158E0,9.109476089E0,-2.154736757E0
2.985242531E1,-2.647658348E0,9.107083321E0,-2.126022816E0
2.985480296E1,-2.740978241E0,9.104690552E0,-2.142772675E0
2.985718062E1,-2.765205622E0,9.102297783E0,-2.169093609E0
2.985955906E1,-2.796312332E0,9.116654396E0,-2.226521492E0
2.986193750E1,-2.822633505E0,9.133403778E0,-2.298306227E0
2.986431515E1,-2.844168901E0,9.142974854E0,-2.391925335E0
2.986669281E1,-2.848954439E0,9.147761345E0,-2.492423773E0
2.986907124E1,-2.863311291E0,9.116654396E0,-2.590529680E0
2.987144968E1,-2.856132984E0,9.095118523E0,-2.750848770E0
2.987382734E1,-2.875275612E0,9.040083885E0,-2.906681299E0
2.987620500E1,-2.827419043E0,8.982656479E0,-3.047857761E0
2.987858343E1,-2.781955481E0,8.927620888E0,-3.179463148E0
2.988096187E1,-2.745764017E0,8.848658562E0,-3.308675528E0
2.988333953E1,-2.724228621E0,8.750552177E0,-3.406781197E0
2.988571724E1,-2.683550596E0,8.662017822E0,-3.529114246E0
2.988809567E1,-2.642872572E0,8.611469269E0,-3.639184237E0
2.989047411E1,-2.563909531E0,8.525327682E0,-3.641577005E0
2.989285177E1,-2.516052961E0,8.491828918E0,-3.694219112E0
2.989522942E1,-2.496910334E0,8.429615021E0,-3.763610840E0
2.989760786E1,-2.432304144E0,8.417651176E0,-3.775574923E0
2.989998630E1,-2.453839540E0,8.441578865E0,-3.801896095E0
2.990236395E1,-2.520838737E0,8.458329201E0,-3.842574120E0
2.990474161E1,-2.614158630E0,8.491828918E0,-3.844966888E0
2.990712005E1,-2.709871531E0,8.575576782E0,-3.837788343E0
2.990949848E1,-2.827419043E0,8.681160927E0,-3.813860178E0
2.991187614E1,-2.937488794E0,8.815158844E0,-3.773182154E0
2.991425375E1,-3.045166016E0,8.941978455E0,-3.799503326E0
2.991663161E1,-3.188735247E0,9.102297783E0,-3.823431492E0
2.991900948E1,-3.313461065E0,9.286844254E0,-3.868895054E0
2.992138734E1,-3.461816072E0,9.444769859E0,-3.883252144E0
2.992376520E1,-3.559921980E0,9.571589470E0,-3.868895054E0
2.992614307E1,-3.622135162E0,9.736694336E0,-3.821038723E0
2.992852093E1,-3.744169235E0,9.890133858E0,-3.797110319E0
2.993089880E1,-3.820739508E0,1.003131104E1,-3.744468451E0
2.993327750E1,-3.909573078E0,1.013659477E1,-3.744468451E0
2.993565666E1,-4.041178226E0,1.015573788E1,-3.742075443E0
2.993803510E1,-4.127319813E0,1.016530895E1,-3.734897137E0
2.994041276E1,-4.158426762E0,1.020837975E1,-3.749253988E0
2.994279041E1,-4.208675861E0,1.026102161E1,-3.708575964E0
2.994516885E1,-4.251746655E0,1.021795082E1,-3.620041609E0
2.994754729E1,-4.263710976E0,1.015334511E1,-3.567399502E0
2.994992494E1,-4.258925438E0,1.010309505E1,-3.526721478E0
2.995230265E1,-4.218247414E0,1.006241703E1,-3.548256874E0
2.995468109E1,-4.175176620E0,9.993025780E0,-3.517150164E0
2.995705953E1,-4.129712582E0,9.885348320E0,-3.509971619E0
2.995943718E1,-4.098606110E0,9.581160545E0,-3.615255833E0
2.996181484E1,-3.844667673E0,9.672088623E0,-3.584149122E0
2.996419328E1,-3.669991732E0,9.710372925E0,-3.452543974E0
2.996657171E1,-3.722633839E0,9.538089752E0,-3.342175007E0
2.996894937E1,-3.907180309E0,9.282057762E0,-3.337389469E0
2.997132703E1,-3.950251102E0,9.104690552E0,-3.342175007E0
2.997370546E1,-3.866203070E0,8.965906143E0,-3.291925669E0
2.997608390E1,-3.763311863E0,8.906085968E0,-3.299104214E0
2.997846156E1,-3.710669756E0,8.848658562E0,-3.251247883E0
2.998083927E1,-3.684348583E0,8.810373306E0,-3.212962627E0
2.998321770E1,-3.744169235E0,8.776873589E0,-3.169891834E0
2.998559614E1,-3.782454491E0,8.812766075E0,-3.191427231E0
2.998797380E1,-3.684348583E0,8.963513374E0,-3.136392355E0
2.999035145E1,-3.619742393E0,9.159725189E0,-3.119642496E0
2.999272989E1,-3.617349625E0,9.320343018E0,-3.153141975E0
2.999510833E1,-3.634099483E0,9.413662910E0,-3.189034462E0
2.999748598E1,-3.646063566E0,9.612267494E0,-3.236890793E0
2.999986364E1,-3.595814228E0,9.827920914E0,-3.277568817E0
3.000224208E1,-3.564707518E0,1.010309505E1,-3.361317635E0
3.000462052E1,-3.545564890E0,1.039053345E1,-3.442972660E0
3.000699817E1,-3.571886063E0,1.071117115E1,-3.531507015E0
3.000937588E1,-3.559921980E0,1.105603695E1,-3.550649643E0
3.001175432E1,-3.514458179E0,1.140060329E1,-3.584149122E0
3.001413265E1,-3.390031576E0,1.184596729E1,-3.603291750E0
3.001651052E1,-3.210270643E0,1.237508011E1,-3.622434378E0
3.001888838E1,-2.913560629E0,1.291855049E1,-3.708575964E0
3.002126625E1,-2.611765862E0,1.350030518E1,-3.780360699E0
3.002364411E1,-2.264806747E0,1.405813217E1,-3.892823458E0
3.002602198E1,-1.922333837E0,1.461117363E1,-3.952643871E0
3.002839984E1,-1.553540111E0,1.517378616E1,-4.060619831E0
3.003077843E1,-1.225723386E0,1.567657757E1,-4.137190342E0
3.003315713E1,-9.789635539E-1,1.606212044E1,-4.213760853E0
3.003553479E1,-7.899305820E-1,1.634686661E1,-4.228117466E0
3.003791244E1,-5.889334679E-1,1.650240135E1,-4.106083870E0
3.004029088E1,-3.948157430E-1,1.661037636E1,-3.895216227E0
3.004266932E1,-1.914258152E-1,1.659362602E1,-3.612863064E0
3.004504698E1,5.503492057E-2,1.649043655E1,-3.212962627E0
3.004742468E1,2.922234535E-1,1.629661751E1,-2.753241539E0
3.004980312E1,5.075774789E-1,1.596880054E1,-2.250449657E0
3.005218156E1,7.136593461E-1,1.553779411E1,-1.745265007E0
3.005455921E1,9.050851464E-1,1.497039604E1,-1.273878932E0
3.005693687E1,1.005583763E0,1.436231995E1,-8.715856671E-1
3.005931531E1,9.720842242E-1,1.367498112E1,-5.267201066E-1
3.006169375E1,8.763712645E-1,1.302144146E1,-2.778665423E-1
3.006407140E1,7.232306600E-1,1.238943768E1,-9.361918271E-2
3.006644906E1,5.458626747E-1,1.174307632E1,5.742774159E-2
3.006882750E1,3.783650696E-1,1.109910774E1,1.698904037E-1
3.007120593E1,1.606182158E-1,1.047188950E1,2.392822653E-1
3.007358359E1,-9.092725813E-2,9.847063065E0,2.464607358E-1
3.007596130E1,-3.445664644E-1,9.253344536E0,1.914258152E-1
3.007833974E1,-5.817549825E-1,8.659625053E0,8.614161611E-2
3.008071812E1,-7.325028181E-1,8.144868851E0,-2.632104978E-2
3.008309578E1,-8.593224287E-1,7.737790108E0,-1.510469317E-1
3.008547348E1,-8.856434822E-1,7.309175968E0,-3.185445070E-1
3.008785192E1,-8.449655175E-1,6.923632145E0,-4.956133962E-1
3.009023036E1,-7.707880139E-1,6.638886452E0,-7.112665176E-1
3.009260802E1,-5.841478109E-1,6.476174355E0,-9.744769931E-1
3.009498567E1,-3.589234054E-1,6.495316982E0,-1.175474167E0
3.009736411E1,-1.531406492E-1,6.602993965E0,-1.395912886E0
3.009974255E1,-1.196411345E-2,6.710670948E0,-1.529910922E0
3.010212020E1,1.031904742E-1,6.830312252E0,-1.606481314E0
3.010449786E1,1.199402362E-1,6.870990276E0,-1.580160260E0
3.010687630E1,1.725823283E-1,6.863811970E0,-1.407876968E0
3.010925474E1,1.869392693E-1,6.799205780E0,-1.170688510E0
3.011163239E1,2.084746659E-1,6.729813576E0,-9.505487680E-1
3.011401010E1,2.300100774E-1,6.765706062E0,-7.232306600E-1
3.011638854E1,2.826521695E-1,6.801598549E0,-5.243272781E-1
3.011876698E1,2.730808854E-1,6.792026997E0,-3.568296731E-1
3.012114463E1,2.994019389E-1,6.849454880E0,-2.563311160E-1
3.012352229E1,3.640081584E-1,7.017251492E0,-1.941177398E-1
3.012590072E1,4.908277392E-1,7.220641613E0,-1.821536273E-1
3.012827916E1,6.634100676E-1,7.539186001E0,-1.438684613E-1
3.013065682E1,8.428717852E-1,7.900502205E0,-2.060818523E-1
3.013303448E1,9.457631707E-1,8.238189697E0,-3.065803945E-1
3.013541291E1,9.984052777E-1,8.606683731E0,-4.597210586E-1
3.013779135E1,1.039083242E0,8.989834785E0,-6.538388133E-1
3.014016901E1,1.103689432E0,9.423234940E0,-9.146564603E-1
3.014254671E1,1.058225870E0,9.787242889E0,-1.242772222E0
3.014492515E1,9.625129104E-1,1.014138031E1,-1.546660781E0
3.014730354E1,1.034297585E0,1.064417267E1,-1.795813441E0
3.014968119E1,1.077368379E0,1.112542915E1,-1.865205288E0
3.015205890E1,1.257129192E0,1.182921791E1,-2.542673111E0
3.015443734E1,1.350449324E0,1.236072350E1,-2.817847729E0
3.015681578E1,1.417448282E0,1.284676552E1,-3.172284603E0
3.015919343E1,1.419841170E0,1.328495121E1,-3.622434378E0
3.016157109E1,1.443769336E0,1.370638752E1,-3.976572037E0
3.016394953E1,1.443769336E0,1.399352551E1,-4.173082829E0
3.016632796E1,1.448554993E0,1.432642746E1,-4.438685894E0
3.016870562E1,1.407876968E0,1.457049561E1,-4.654339314E0
3.017108328E1,1.328913927E0,1.477149200E1,-4.778766155E0
3.017346171E1,1.226022482E0,1.485554028E1,-5.046761990E0
3.017584015E1,1.048654556E0,1.464706516E1,-5.281557560E0
3.017821781E1,9.553344250E-1,1.429771328E1,-4.821836948E0
3.018059552E1,7.064808607E-1,1.383320713E1,-4.395615101E0
3.018297395E1,9.122636318E-1,1.341655636E1,-3.789932013E0
3.018535239E1,-1.722832322E-1,1.283719444E1,-4.805087090E0
3.018773005E1,-8.330013752E-1,1.225065327E1,-5.422734261E0
3.019010770E1,-1.656730533E0,1.170479107E1,-5.801099300E0
3.019248614E1,-1.881655931E0,1.131685448E1,-5.630909920E0
3.019486458E1,-2.053939104E0,1.086670494E1,-5.319842815E0
3.019724224E1,-2.152044773E0,1.045035362E1,-5.283950806E0
3.019961989E1,-1.862513304E0,1.010548782E1,-4.809872627E0
3.020199833E1,-1.426720500E0,9.820742607E0,-4.115654945E0
3.020437677E1,-1.079761267E0,9.566803932E0,-3.603291750E0
3.020675442E1,-8.617152572E-1,9.349057198E0,-3.308675528E0
3.020913213E1,-7.325028181E-1,9.188439369E0,-3.117249727E0
3.021151057E1,-5.793621540E-1,9.104690552E0,-3.203391314E0
3.021388901E1,-4.091726840E-1,9.044869423E0,-3.308675528E0
3.021626666E1,-2.943171859E-1,8.894122124E0,-3.043072224E0
3.021864432E1,-2.440679073E-1,8.700303078E0,-2.552244425E0
3.022102276E1,-2.919243574E-1,8.554041862E0,-2.169093609E0
3.022340119E1,-2.656033039E-1,8.546863556E0,-1.896311998E0
3.022577885E1,-2.392822653E-1,8.489435196E0,-1.525125384E0
3.022815651E1,-1.220339537E-1,8.577970505E0,-1.281057477E0
3.023053494E1,9.361918271E-2,8.662017822E0,-1.285843015E0
3.023291338E1,2.682952285E-1,8.676374435E0,-1.379163146E0
3.023529104E1,3.544368446E-1,8.611469269E0,-1.529910922E0
3.023766869E1,5.051847100E-1,8.745766640E0,-1.834098577E0
3.024004713E1,7.663014531E-1,9.004191399E0,-2.126022816E0
3.024242557E1,9.194421172E-1,8.946763992E0,-2.085345030E0
3.024480323E1,9.768698215E-1,8.853444099E0,-2.018345833E0
3.024718093E1,9.361918569E-1,8.867800713E0,-2.123630047E0
3.024955937E1,8.787640929E-1,8.973084450E0,-2.360818624E0
3.025193781E1,7.064808607E-1,8.915657043E0,-2.025524378E0
3.025431546E1,5.410770178E-1,8.853444099E0,-1.867598057E0
3.025669312E1,5.338985324E-1,9.133403778E0,-1.934597135E0
3.025907156E1,6.275177598E-1,9.384949684E0,-1.958525300E0
3.026145000E1,6.921239495E-1,9.291629791E0,-1.862812400E0
3.026382765E1,7.854440212E-1,9.530911446E0,-2.674278498E0
3.026620531E1,6.008976102E-1,9.418449402E0,-1.881955028E0
3.026858374E1,2.371885478E-1,9.188439369E0,-1.496411443E0
3.027096218E1,6.251249462E-2,9.154939651E0,-1.644766450E0
3.027333984E1,1.701895148E-1,9.499805450E0,-1.922633052E0
3.027571755E1,1.223330572E-1,9.940383911E0,-1.774278045E0
3.027809598E1,1.199402362E-1,1.002891827E1,-3.222533941E0
3.028047442E1,2.252244353E-1,1.012702370E1,-3.531507015E0
3.028285208E1,-4.067798331E-2,9.485447884E0,-2.216950178E0
3.028522974E1,-3.756731451E-1,8.980263710E0,-1.865205288E0
3.028760817E1,-5.338985324E-1,8.922835350E0,-2.104487419E0
3.028998661E1,-6.008976102E-1,9.128618240E0,-2.415853500E0
3.029236427E1,-5.291129351E-1,9.408877373E0,-2.748456001E0
3.029474192E1,-6.032904387E-1,9.444769859E0,-2.760420084E0
3.029712036E1,-5.291129351E-1,9.700801849E0,-2.238485575E0
3.029949880E1,-8.665009141E-1,9.315557480E0,-2.418246269E0
3.030187645E1,-1.436291814E0,9.435198784E0,-3.349353552E0
3.030425411E1,-1.642373681E0,9.502198219E0,-3.593720436E0
3.030663255E1,-1.383649707E0,9.356235504E0,-3.457329512E0
3.030901098E1,-1.026820064E0,9.303593636E0,-3.184248686E0
3.031138864E1,-7.061817646E-1,9.227023125E0,-2.944966555E0
3.031376635E1,-5.362913609E-1,9.664909363E0,-2.427817583E0
3.031614479E1,-3.589234054E-1,9.514162064E0,-6.736992359E0
3.031852323E1,-5.745765567E-1,8.556434631E0,-4.108476639E0
3.032090088E1,-1.331007600E0,8.259724617E0,-1.245165110E0
3.032327854E1,-1.759621978E0,8.254939079E0,-1.098903775E0
3.032565698E1,-1.948654890E0,8.695517540E0,-1.288235903E0
3.032803541E1,-1.802692771E0,8.915657043E0,-1.596910000E0
3.033041307E1,-1.326221943E0,9.016156197E0,-1.932204247E0
3.033279073E1,-8.617152572E-1,9.059226990E0,-2.260020971E0
3.033516916E1,-4.977070987E-1,9.066405296E0,-2.511566401E0
3.033754760E1,-2.321037948E-1,8.836693764E0,-2.523530483E0
3.033992526E1,-1.914258115E-2,8.582756042E0,-2.427817583E0
3.034230296E1,6.251249462E-2,8.537292480E0,-2.425424814E0
3.034468140E1,-5.982056633E-2,8.851051331E0,-2.104487419E0
3.034705979E1,-2.297109663E-1,9.181260109E0,-4.072584152E0
3.034943744E1,4.307080805E-2,8.467900276E0,-5.398806095E0
3.035181515E1,-9.167501926E-1,8.137690544E0,-2.044667006E0
3.035419359E1,-1.340578914E0,7.596613884E0,-2.228316069E-1
3.035657203E1,-1.431506157E0,7.721040249E0,-5.410770178E-1
3.035894968E1,-1.141974568E0,7.962715626E0,-1.185344458E0
3.036132734E1,-7.420741320E-1,8.199904442E0,-1.848455548E0
3.036370578E1,-3.828516304E-1,8.338687897E0,-2.360818624E0
3.036608421E1,-1.268195957E-1,8.391329765E0,-2.647957325E0
3.036846187E1,2.871387079E-2,8.365009308E0,-2.762812853E0
3.037083953E1,4.307080805E-2,8.286046028E0,-2.748456001E0
3.037321796E1,3.828516230E-2,8.202297211E0,-2.755634308E0
3.037559640E1,-8.832506537E-1,8.745766640E0,-2.327319145E0
3.037797406E1,-5.291129351E-1,8.405686378E0,-2.102094650E0
3.038035177E1,-2.871387303E-1,8.257331848E0,-2.655135870E0
3.038273020E1,-9.332008660E-2,8.135297775E0,-2.741277456E0
3.038510864E1,1.534397453E-1,7.989036560E0,-2.798705101E0
3.038748630E1,3.664009571E-1,7.957930088E0,-2.784348249E0
3.038986395E1,2.587239444E-1,8.089534760E0,-2.738884687E0
3.039224239E1,3.017947674E-1,8.920442581E0,-4.759623528E0
3.039462083E1,6.538388133E-1,8.506185532E0,-6.231807709E0
3.039699848E1,5.264209956E-2,7.685148239E0,-2.971287489E0
3.039937614E1,-1.309472203E0,7.495816231E0,7.755736113E-1
3.040175458E1,-2.463410854E0,8.259724617E0,9.071788788E-1
3.040413302E1,-2.046760559E0,8.657232285E0,3.828516230E-2
3.040651067E1,-9.334999323E-1,9.454340935E0,-1.168295622E0
3.040888838E1,-1.532004714E0,1.018684387E1,-1.977667928E0
3.041126682E1,-1.043569803E0,9.949954987E0,-2.456531525E0
3.041364520E1,-3.373879790E-1,9.729516029E0,-2.566601276E0
3.041602286E1,5.772684515E-2,9.514162064E0,-2.425424814E0
3.041840057E1,1.941177398E-1,9.282057762E0,-2.312962294E0
3.042077901E1,1.435693540E-2,9.092725754E0,-2.193022013E0
3.042315744E1,-1.794617027E-1,9.020941734E0,-2.126022816E0
3.042553510E1,-1.546361685E0,9.696016312E0,-1.427019596E0
3.042791276E1,-1.771586061E0,9.602696419E0,-1.331306696E0
3.043029119E1,-1.067797065E0,9.504590988E0,-2.070987940E0
3.043266963E1,-5.554339290E-1,9.363413811E0,-2.252842426E0
3.043504729E1,-2.871387303E-1,9.025727272E0,-2.655135870E0
3.043742494E1,-6.942176819E-1,8.886942863E0,-2.442174673E0
3.043980338E1,-5.315057039E-1,9.358628273E0,-2.245664120E0
3.044218182E1,-3.062812984E-1,9.643374443E0,-2.116451740E0
3.044455948E1,-1.674975902E-1,9.856635094E0,-1.391127229E0
3.044693718E1,-1.033998489E0,1.084516907E1,-2.647957325E0
3.044931562E1,-7.325028181E-1,1.043838978E1,-8.278866768E0
3.045169406E1,-1.242473125E0,9.746265411E0,-3.409173965E0
3.045407171E1,-2.195414782E0,8.298009872E0,-2.060818523E-1
3.045644937E1,-3.171985626E0,7.716254711E0,1.438684583E0
3.045882781E1,-3.729812384E0,9.437591553E0,1.938186288E-1
3.046120625E1,-2.913560629E0,1.040010452E1,-1.546660781E0
3.046358390E1,-1.690230131E0,1.067288589E1,-2.458924294E0
3.046596156E1,-9.693922997E-1,1.057717323E1,-2.897109985E0
3.046834000E1,-7.157530785E-1,1.028734303E1,-3.014358282E0
3.047071843E1,-1.936690807E0,1.078056335E1,-2.509173632E0
3.047309609E1,-2.252842426E0,1.024187946E1,-2.054238319E0
3.047547380E1,-1.431506157E0,9.916455269E0,-2.968894720E0
3.047785224E1,-1.062712312E0,9.473484039E0,-3.193820000E0
3.048023067E1,-8.138588071E-1,9.068798065E0,-3.143570662E0
3.048260833E1,-6.224330068E-1,8.810373306E0,-3.028715372E0
3.048498598E1,-5.530411601E-1,8.719446182E0,-2.765205622E0
3.048736442E1,-7.157530785E-1,8.815158844E0,-2.580958366E0
3.048974286E1,-9.406784177E-1,8.908478737E0,-2.439781904E0
3.049212052E1,-1.072582722E0,9.064012527E0,-2.195414782E0
3.049449817E1,-1.829013824E0,9.775279045E0,-1.807777524E0
3.049687661E1,-2.379662037E0,9.751050949E0,-7.663014531E-1
3.049925505E1,-2.307877541E0,1.012702370E1,-2.169093609E0
3.050163270E1,-1.651944876E0,9.640981674E0,-2.557030201E0
3.050401036E1,-9.382855892E-1,9.205188751E0,-2.669492722E0
3.050638880E1,-5.000999570E-1,8.997013092E0,-2.834597588E0
3.050876724E1,-1.898405671E0,8.970691681E0,-1.843669891E0
3.051114489E1,-1.048355460E0,9.109476089E0,-1.925025821E0
3.051352260E1,1.558325738E-1,9.772586823E0,-6.368497372E0
3.051590104E1,-2.608176768E-1,1.000977516E1,-5.691029549E0
3.051827948E1,1.151545867E-1,8.824729919E0,-1.939382792E0
3.052065713E1,-1.435693651E-1,6.801598549E0,1.623231053E0
3.052303479E1,-1.529611826E0,6.710670948E0,8.760721684E-1
3.052541322E1,-1.642373681E0,7.539186001E0,-7.208377868E-2
3.052779166E1,-1.053141117E0,8.499007225E0,-1.601695657E0
3.053016932E1,-6.056832075E-1,9.037691116E0,-2.487638235E0
3.053254698E1,-1.424327731E0,9.990633011E0,-2.298306227E0
3.053492541E1,-1.144367456E0,9.566803932E0,-2.015953064E0
3.053730385E1,7.208377868E-2,9.087940216E0,-3.078964472E0
3.053968151E1,3.711866140E-1,8.405686378E0,-3.555435419E0
3.054205921E1,4.477569461E-1,7.917252064E0,-3.689433336E0
3.054443765E1,-8.210372925E-1,8.365009308E0,-2.921038151E0
3.054681604E1,-8.138588071E-1,8.195118904E0,-2.157129526E0
3.054919369E1,1.175474152E-1,7.859824181E0,-2.971287489E0
3.055157140E1,4.046861231E-1,7.467102051E0,-3.409173965E0
3.055394984E1,4.692923427E-1,7.213462830E0,-3.442972660E0
3.055632828E1,-6.391827464E-1,7.814360619E0,-2.971287489E0
3.055870593E1,-1.082154036E0,7.730611801E0,-1.769492388E0
3.056108359E1,5.503492057E-2,7.563114166E0,-2.358425856E0
3.056346203E1,6.203392744E-1,7.179963589E0,-2.693420887E0
3.056584046E1,1.194915771E0,6.820741177E0,-2.827419043E0
3.056821812E1,1.141974568E0,6.854240417E0,-2.657528639E0
3.057059578E1,5.817549825E-1,7.089035988E0,-2.257628202E0
3.057297421E1,2.563311160E-1,7.385746002E0,-2.114058733E0
3.057535265E1,2.084746659E-1,7.733004570E0,-1.999203324E0
3.057773031E1,3.161516786E-1,8.099405289E0,-2.037488461E0
3.058010802E1,4.836492836E-1,8.489435196E0,-2.035095692E0
3.058248645E1,6.008976102E-1,8.872586250E0,-2.109273195E0
3.058486484E1,7.016952634E-1,9.284450531E0,-2.231307030E0
3.058724250E1,8.213363886E-1,9.681659698E0,-2.339283228E0
3.058962020E1,8.644071817E-1,1.006959629E1,-2.492423773E0
3.059199864E1,8.261220455E-1,1.038335514E1,-2.607279301E0
3.059437708E1,7.686942816E-1,1.066331482E1,-2.769991398E0
3.059675474E1,6.681957245E-1,1.089302635E1,-2.860918522E0
3.059913239E1,5.482555032E-1,1.108953667E1,-3.023929596E0
3.060151083E1,4.573282301E-1,1.123549843E1,-3.114856958E0
3.060388927E1,3.329014480E-1,1.133599758E1,-3.224926710E0
3.060626692E1,1.773679852E-1,1.141256714E1,-3.363710403E0
3.060864458E1,0.000000000E0,1.137667561E1,-3.447758436E0
3.061102302E1,-1.722832322E-1,1.131206894E1,-3.536292791E0
3.061340145E1,-3.326023519E-1,1.127856922E1,-3.605684519E0
3.061577911E1,-4.426721931E-1,1.122114182E1,-3.727718592E0
3.061815682E1,-5.721837282E-1,1.115174961E1,-3.749253988E0
3.062053526E1,-6.870391965E-1,1.100818062E1,-3.833002806E0
3.062291369E1,-8.018946648E-1,1.090289593E1,-3.864109516E0
3.062529135E1,-8.449655175E-1,1.080209827E1,-3.919144392E0
3.062766901E1,-9.263214469E-1,1.067049313E1,-3.935894251E0
3.063004744E1,-9.287142754E-1,1.053649521E1,-3.897608995E0
3.063242588E1,-9.406784177E-1,1.037617588E1,-3.919144392E0
3.063480354E1,-9.191430211E-1,1.022752190E1,-3.861716747E0
3.063718119E1,-9.047860503E-1,1.008156013E1,-3.859323740E0
3.063955963E1,-8.880363107E-1,9.914062500E0,-3.754039526E0
3.064193807E1,-8.688937426E-1,9.772586823E0,-3.708575964E0
3.064431573E1,-8.688937426E-1,9.686445236E0,-3.648755312E0
3.064669343E1,-8.904291391E-1,9.554840088E0,-3.591327667E0
3.064907187E1,-9.167501926E-1,9.461520195E0,-3.569792271E0
3.065145026E1,-9.167501926E-1,9.349057198E0,-3.507578850E0
3.065382791E1,-9.837492108E-1,9.284450531E0,-3.462115288E0
3.065620562E1,-9.669994712E-1,9.253344536E0,-3.401995659E0
3.065858406E1,-9.478568435E-1,9.238986969E0,-3.311068296E0
3.066096250E1,-8.952147961E-1,9.236594200E0,-3.311068296E0
3.066334015E1,-8.856434822E-1,9.241379738E0,-3.224926710E0
3.066571781E1,-8.353942037E-1,9.246166229E0,-3.136392355E0
3.066809624E1,-7.755736113E-1,9.270093918E0,-3.081357241E0
3.067047468E1,-7.133602500E-1,9.284450531E0,-3.035893679E0
3.067285234E1,-6.822535396E-1,9.310771942E0,-2.952144861E0
3.067523000E1,-6.631109715E-1,9.320343018E0,-2.911466837E0
3.067760843E1,-6.559324861E-1,9.322735786E0,-2.846561670E0
3.067998687E1,-6.343970895E-1,9.349057198E0,-2.748456001E0
3.068236453E1,-6.032904387E-1,9.346664429E0,-2.734098911E0
3.068474224E1,-6.415755749E-1,9.315557480E0,-2.755634308E0
3.068712067E1,-5.673980713E-1,9.298808098E0,-2.707777977E0
3.068949911E1,-5.147559643E-1,9.286844254E0,-2.600100994E0
3.069187677E1,-4.689932466E-1,9.274879456E0,-2.545065880E0
3.069425442E1,-3.876372576E-1,9.262915611E0,-2.466102839E0
3.069663286E1,-4.043870270E-1,9.234201431E0,-2.420639277E0
3.069901130E1,-3.996013701E-1,9.217452049E0,-2.425424814E0
3.070138895E1,-4.378865361E-1,9.166903496E0,-2.382354021E0
3.070376661E1,-4.474578202E-1,9.083154678E0,-2.377568483E0
3.070614505E1,-4.426721931E-1,9.004191399E0,-2.391925335E0
3.070852348E1,-4.809573591E-1,8.939585686E0,-2.446960211E0
3.071090114E1,-4.905286431E-1,8.841479301E0,-2.470888376E0
3.071327880E1,-5.243272781E-1,8.662017822E0,-2.554637194E0
3.071565724E1,-6.343970895E-1,8.494221687E0,-2.827419043E0
3.071803567E1,-5.386841893E-1,8.357830048E0,-2.652743101E0
3.072041333E1,-4.043870270E-1,8.207082748E0,-2.418246269E0
3.072279104E1,-2.799602449E-1,8.077570915E0,-2.214557409E0
3.072516948E1,-2.105683982E-1,7.977072716E0,-2.140379906E0
3.072754791E1,-2.440679073E-1,7.809575081E0,-2.099701881E0
3.072992557E1,-1.651047617E-1,7.699504852E0,-1.977667928E0
3.073230323E1,-7.657032460E-2,7.529315472E0,-1.714158297E0
3.073468166E1,-1.435693540E-2,7.433602810E0,-1.537089467E0
3.073706010E1,5.264209956E-2,7.287640572E0,-1.278664589E0
3.073943776E1,1.534397453E-1,7.239784241E0,-1.005583763E0
3.074181541E1,2.515454888E-1,7.110571384E0,-8.309076428E-1
3.074419385E1,3.807578981E-1,7.026822567E0,-4.740779996E-1
3.074657229E1,4.453641176E-1,6.928418159E0,-2.443670183E-1
3.074894994E1,5.099703074E-1,6.768098831E0,-1.199402362E-1
3.075132765E1,5.075774789E-1,6.626922131E0,-6.251249462E-2
3.075370609E1,5.650052428E-1,6.552744865E0,3.110669367E-2
3.075608453E1,6.514459848E-1,6.476174355E0,1.316052526E-1
3.075846218E1,6.849454641E-1,6.447460651E0,1.794617027E-1
3.076083984E1,6.753742099E-1,6.480959892E0,8.853443712E-2
3.076321828E1,6.753742099E-1,6.521637917E0,-5.982056633E-2
3.076559671E1,5.745765567E-1,6.722635269E0,-1.223330572E-1
3.076797437E1,5.554339290E-1,6.890132904E0,-1.366899908E-1
3.077035203E1,7.447660565E-1,7.069893837E0,-2.874378264E-1
3.077273046E1,6.610172391E-1,7.634898663E0,-3.711866140E-1
3.077510890E1,6.634100676E-1,7.993822098E0,-3.616153300E-1
3.077748656E1,8.404789567E-1,8.336295128E0,-5.482555032E-1
3.077986427E1,7.926225066E-1,9.303593636E0,-9.864411354E-1
3.078224270E1,9.170492887E-1,1.006959629E1,-8.021938205E-1
3.078462109E1,9.337990284E-1,1.080688477E1,-7.806583643E-1
3.078699874E1,1.017547846E0,1.172632694E1,-1.144367456E0
3.078937645E1,9.122636318E-1,1.271994591E1,-1.165902853E0
3.079175489E1,8.237292171E-1,1.330648708E1,-1.029511929E0
3.079413333E1,5.985047817E-1,1.429771328E1,-1.125224829E0
3.079651098E1,4.142574072E-1,1.485314751E1,-9.649057388E-1
3.079888864E1,8.644071966E-2,1.531496239E1,-1.168295622E0
3.080126708E1,-3.373879790E-1,1.575075531E1,-1.139581800E0
3.080364552E1,-8.401798606E-1,1.583928967E1,-9.505487680E-1
3.080602317E1,-1.474576950E0,1.593021679E1,-1.113260746E0
3.080840083E1,-2.003689766E0,1.599033642E1,-1.060618639E0
3.081077927E1,-2.592623234E0,1.596640778E1,-1.043868899E0
3.081315770E1,-3.128914595E0,1.597119427E1,-8.907282352E-1
3.081553536E1,-3.567100286E0,1.598076534E1,-6.418746710E-1
3.081791307E1,-4.072285175E0,1.593500233E1,-6.080760360E-1
3.082029151E1,-4.431208611E0,1.588475323E1,-4.118646085E-1
3.082266994E1,-4.575077057E0,1.576271915E1,-3.496512175E-1
3.082504760E1,-4.890929699E0,1.580578995E1,-2.874378264E-1
3.082742526E1,-5.219045162E0,1.569332695E1,-1.989033818E-1
3.082980369E1,-5.537290573E0,1.555932903E1,-2.802593410E-1
3.083218213E1,-5.128118038E0,1.518575001E1,-2.324029058E-1
3.083455979E1,-5.276473045E0,1.521924973E1,-5.530411601E-1
3.083693744E1,-5.448756218E0,1.492971802E1,-5.362913609E-1
3.083931588E1,-5.321936607E0,1.459203053E1,-5.362913609E-1
3.084169432E1,-5.190331459E0,1.422084427E1,-2.826521695E-1
3.084407198E1,-5.180759907E0,1.407009602E1,-5.673980713E-1
3.084644963E1,-5.113760948E0,1.375185108E1,-6.032904387E-1
3.084882807E1,-4.931607246E0,1.350030518E1,-5.051847100E-1
3.085120651E1,-4.646861553E0,1.318445301E1,-2.392822644E-3
3.085358416E1,-4.213461399E0,1.277976704E1,-2.632104978E-2
3.085596187E1,-3.708276987E0,1.209033489E1,1.818545163E-1
3.085834031E1,-3.301198006E0,1.172632694E1,3.086741269E-1
3.086071875E1,-3.148057222E0,1.164257812E1,-1.295115203E-1
3.086309640E1,-3.076272726E0,1.134317589E1,-4.118646085E-1
3.086547406E1,-2.949453115E0,1.108475113E1,-5.721837282E-1
3.086785250E1,-2.851347208E0,1.068724346E1,-8.356932998E-1
3.087023093E1,-2.638087034E0,1.000259686E1,-8.117650747E-1
3.087260859E1,-2.508874655E0,9.801599503E0,-3.568296731E-1
3.087498625E1,-2.077867270E0,9.128618240E0,-2.754737139E-1
3.087736468E1,-2.027618170E0,9.346664429E0,-4.716851711E-1
3.087974312E1,-2.101795673E0,9.344271660E0,-1.113260746E0
3.088212078E1,-2.053939104E0,9.238986969E0,-1.584945917E0
3.088449848E1,-1.958226204E0,9.212666512E0,-1.879562140E0
3.088687692E1,-1.819442511E0,9.274879456E0,-2.200200319E0
3.088925536E1,-1.589432478E0,9.475876808E0,-2.356033087E0
3.089163302E1,-1.460219979E0,9.485447884E0,-2.738884687E0
3.089401067E1,-1.311864972E0,9.451948166E0,-2.995215654E0
3.089638911E1,-1.182652593E0,9.375378609E0,-2.959323406E0
3.089876755E1,-1.106082320E0,9.327521324E0,-3.351746321E0
3.090114520E1,-7.612167001E-1,8.791230202E0,-3.442972660E0
3.090352286E1,-1.722832322E-1,8.532505989E0,-2.257628202E0
3.090590130E1,-1.603191197E-1,9.097511292E0,-3.043072224E0
3.090827974E1,-2.847459018E-1,9.296415329E0,-3.852145433E0
3.091065739E1,-3.948157430E-1,9.562018394E0,-4.228117466E0
3.091303505E1,-4.737788737E-1,9.880562782E0,-4.058227062E0
3.091541349E1,-6.798607111E-1,1.016530895E1,-4.144368649E0
3.091779192E1,-7.396813035E-1,1.046471119E1,-4.254438877E0
3.092016958E1,-7.301099896E-1,1.051735306E1,-3.923929930E0
3.092254729E1,-6.224330068E-1,1.039292622E1,-2.937788010E0
3.092492572E1,-5.745765567E-1,1.069681454E1,-3.033500910E0
3.092730416E1,-6.559324861E-1,1.046710396E1,-3.368496180E0
3.092968182E1,-7.253243923E-1,1.035942650E1,-3.358924866E0
3.093205948E1,-6.798607111E-1,1.037617588E1,-3.425923824E0
3.093443791E1,-6.439684033E-1,1.032562828E1,-2.827419043E0
3.093681635E1,-5.219344497E-1,1.076142120E1,-2.971287489E0
3.093919401E1,-8.425726891E-1,1.049581718E1,-3.143570662E0
3.094157166E1,-9.191430211E-1,1.025623608E1,-2.836990356E0
3.094395010E1,-9.095717072E-1,1.014138031E1,-2.082952023E0
3.094632854E1,-8.401798606E-1,1.048863888E1,-2.078166485E0
3.094870619E1,-9.765707254E-1,1.032084274E1,-2.090130568E0
3.095108385E1,-1.292722464E0,9.942776680E0,-1.965703845E0
3.095346229E1,-1.527219057E0,9.801599503E0,-2.171486616E0
3.095584072E1,-1.668694735E0,9.655338287E0,-1.486840129E0
3.095821838E1,-1.520040631E0,9.971489906E0,-1.233201027E0
3.096059609E1,-8.832506537E-1,1.055324554E1,-1.027119160E0
3.096297453E1,-1.029212832E0,1.008395290E1,-9.505487680E-1
3.096535296E1,-1.244866014E0,9.722337723E0,-5.697908998E-1
3.096773062E1,-1.057926655E0,1.032562828E1,-7.591229677E-1
3.097010828E1,-1.393221021E0,9.550054550E0,-1.151545882E0
3.097248671E1,-1.342971683E0,8.391329765E0,-3.110669367E-2
3.097486515E1,-1.460219979E0,8.563612938E0,-2.587239444E-1
3.097724281E1,-1.402792215E0,8.769695282E0,-8.596215248E-1
3.097962046E1,-1.278365493E0,8.700303078E0,-8.309076428E-1
3.098199890E1,-1.122832060E0,8.391329765E0,-1.101296663E0
3.098437734E1,-1.082154036E0,7.800003529E0,-1.173081279E0
3.098675500E1,-1.211366415E0,7.725826263E0,-8.835497499E-1
3.098913270E1,-1.374078393E0,7.599006653E0,-2.324029058E-1
3.099151114E1,-1.512862086E0,7.761718273E0,-3.520440459E-1
3.099388958E1,-1.589432478E0,7.950751305E0,-3.568296731E-1
3.099626724E1,-1.704586983E0,8.142476082E0,-1.015154958E0
3.099864489E1,-1.491326690E0,8.570791245E0,-1.027119160E0
3.100102333E1,-1.211366415E0,8.968298912E0,-7.304090858E-1
3.100340177E1,-1.522433400E0,8.192725182E0,-2.754737139E-1
3.100577942E1,-1.393221021E0,7.802396297E0,-2.060818523E-1
3.100815708E1,-1.400399446E0,7.378567696E0,-9.242277741E-1
3.101053552E1,-1.438684583E0,7.163213730E0,-6.490531564E-1
3.101291395E1,-1.364507079E0,7.208677292E0,-4.573282301E-1
3.101529161E1,-1.371685624E0,7.270890713E0,-3.616153300E-1
3.101766927E1,-1.292722464E0,7.299604416E0,-3.903291821E-1
3.102004770E1,-1.240080357E0,7.292426109E0,-4.238287210E-1
3.102242614E1,-1.149153113E0,7.316354275E0,-4.788636267E-1
3.102480380E1,-1.096511006E0,7.337889671E0,-3.568296731E-1
3.102718151E1,-9.550353289E-1,7.536793232E0,-7.902296782E-1
3.102955994E1,-8.545367718E-1,7.610970497E0,-1.309771299E0
3.103193838E1,-7.923234105E-1,7.440781116E0,-1.177866936E0
3.103431604E1,-7.348956466E-1,7.215855598E0,-1.297807217E0
3.103669369E1,-6.367899179E-1,7.179963589E0,-1.276271820E0
3.103907213E1,-7.803592682E-1,7.610970497E0,-1.180259824E0
3.104145057E1,-1.048355460E0,7.895716667E0,-1.328913927E0
3.104382823E1,-1.158724308E0,8.118548393E0,-1.565803289E0
3.104620588E1,-1.017248750E0,8.173583031E0,-1.764706731E0
3.104858432E1,-7.995018363E-1,8.130512238E0,-1.929811478E0
3.105096276E1,-6.367899179E-1,8.036892891E0,-2.066202402E0
3.105334041E1,-5.961119533E-1,7.936394691E0,-2.190629244E0
3.105571812E1,-5.841478109E-1,7.898109436E0,-2.329711914E0
3.105809656E1,-5.673980713E-1,7.804789066E0,-2.458924294E0
3.106047500E1,-5.506483316E-1,7.766504288E0,-2.494816780E0
3.106285265E1,-6.032904387E-1,7.642077446E0,-2.415853500E0
3.106523031E1,-6.846463680E-1,7.567899704E0,-2.425424814E0
3.106760874E1,-7.564310431E-1,7.529315472E0,-2.506780863E0
3.106998718E1,-7.923234105E-1,7.526922703E0,-2.571387053E0
3.107236484E1,-7.660023570E-1,7.519744396E0,-2.619243383E0
3.107474250E1,-7.492526174E-1,7.522137165E0,-2.640778780E0
3.107712093E1,-7.707880139E-1,7.539186001E0,-2.676671267E0
3.107949937E1,-8.425726891E-1,7.529315472E0,-2.679064035E0
3.108187703E1,-9.215358496E-1,7.517351627E0,-2.674278498E0
3.108425468E1,-9.861420393E-1,7.495816231E0,-2.633600473E0
3.108663312E1,-1.050748229E0,7.548757076E0,-2.633600473E0
3.108901156E1,-1.106082320E0,7.591827869E0,-2.583351135E0
3.109138921E1,-1.201795220E0,7.570292473E0,-2.533101797E0
3.109376692E1,-1.295115232E0,7.596613884E0,-2.504388094E0
3.109614536E1,-1.369292736E0,7.634898663E0,-2.456531525E0
3.109852380E1,-1.448255897E0,7.677969456E0,-2.396710873E0
3.110090145E1,-1.488933921E0,7.725826263E0,-2.322533369E0
3.110327911E1,-1.527219057E0,7.747361660E0,-2.207378864E0
3.110565755E1,-1.553540111E0,7.795217991E0,-2.121237278E0
3.110803598E1,-1.587039590E0,7.857431412E0,-2.054238319E0
3.111041364E1,-1.603789330E0,7.907680511E0,-2.003988981E0
3.111279130E1,-1.637588024E0,7.941180229E0,-1.891526341E0
3.111516974E1,-1.668694735E0,7.950751305E0,-1.865205288E0
3.111754817E1,-1.745265007E0,7.953144073E0,-1.834098577E0
3.111992583E1,-1.819442511E0,7.965108395E0,-1.817348838E0
3.112230354E1,-1.898405671E0,7.993822098E0,-1.807777524E0
3.112468198E1,-1.963011861E0,8.036892891E0,-1.860419631E0
3.112706036E1,-2.022832394E0,8.053643227E0,-1.905883193E0
3.112943802E1,-2.108973980E0,8.087141991E0,-1.927418590E0
3.113181573E1,-2.202593327E0,8.123333931E0,-2.027917147E0
3.113419416E1,-2.307877541E0,8.130512238E0,-2.059023857E0
3.113657260E1,-2.389233351E0,8.147261620E0,-2.114058733E0
3.113895026E1,-2.489732027E0,8.168797493E0,-2.159522533E0
3.114132791E1,-2.595016241E0,8.185546875E0,-2.193022013E0
3.114370635E1,-2.693121910E0,8.183154106E0,-2.200200319E0
3.114608479E1,-2.808276415E0,8.132905006E0,-2.195414782E0
3.114846244E1,-2.915953398E0,8.079963684E0,-2.212164640E0
3.115084010E1,-3.002095222E0,8.022536278E0,-2.204986095E0
3.115321854E1,-3.081058264E0,8.020143509E0,-2.181057930E0
3.115559698E1,-3.136093140E0,8.010572433E0,-2.178664923E0
3.115797463E1,-3.188735247E0,7.977072716E0,-2.169093609E0
3.116035234E1,-3.217449188E0,7.941180229E0,-2.176272154E0
3.116273078E1,-3.301198006E0,7.919644833E0,-2.236092806E0
3.116510921E1,-3.382853031E0,7.890930653E0,-2.231307030E0
3.116748687E1,-3.406781197E0,7.912466049E0,-2.317747831E0
3.116986453E1,-3.430709362E0,7.914859295E0,-2.360818624E0
3.117224296E1,-3.425923824E0,7.914859295E0,-2.454138756E0
3.117462140E1,-3.418745279E0,7.938787460E0,-2.557030201E0
3.117699906E1,-3.394817114E0,7.981858253E0,-2.643171787E0
3.117937671E1,-3.380460262E0,8.039285660E0,-2.762812853E0
3.118175515E1,-3.337389469E0,8.067999840E0,-2.865704298E0
3.118413359E1,-3.315854073E0,8.166404724E0,-3.014358282E0
3.118651125E1,-3.291626692E0,8.231010437E0,-3.114856958E0
3.118888890E1,-3.248555899E0,8.309973717E0,-3.227319479E0
3.119126734E1,-3.205485106E0,8.403293610E0,-3.390031576E0
3.119364583E1,-3.162414312E0,8.424829483E0,-3.404388428E0
3.119602348E1,-3.078665495E0,8.515756607E0,-3.493221998E0
3.119840114E1,-3.028416157E0,8.618648529E0,-3.627219915E0
3.120077958E1,-2.966202736E0,8.705088615E0,-3.627219915E0
3.120315802E1,-2.935096025E0,8.836693764E0,-3.722932816E0
3.120553567E1,-2.923131943E0,8.889336586E0,-3.608077526E0
3.120791333E1,-2.875275612E0,8.989834785E0,-3.663112402E0
3.121029177E1,-2.813062191E0,9.154939651E0,-3.744468451E0
3.121267020E1,-2.762812853E0,9.250951767E0,-3.761218071E0
3.121504786E1,-2.745764017E0,9.317950249E0,-3.739682674E0
3.121742552E1,-2.712264538E0,9.432806015E0,-3.756432533E0
3.121980395E1,-2.681157827E0,9.538089752E0,-3.766003847E0
3.122218239E1,-2.638087034E0,9.674481392E0,-3.775574923E0
3.122456005E1,-2.628515720E0,9.743872643E0,-3.768396616E0
3.122693776E1,-2.652443886E0,9.830313683E0,-3.768396616E0
3.122931619E1,-2.673979282E0,9.894919395E0,-3.766003847E0
3.123169463E1,-2.705085993E0,9.959526062E0,-3.777967930E0
3.123407229E1,-2.793919563E0,9.942776680E0,-3.756432533E0
3.123644994E1,-2.870489836E0,9.930811882E0,-3.718147278E0
3.123882838E1,-2.970988512E0,9.928419113E0,-3.699004650E0
3.124120682E1,-3.073879719E0,9.890133858E0,-3.663112402E0
3.124358448E1,-3.119343519E0,9.806385040E0,-3.643969774E0
3.124596213E1,-3.231806040E0,9.681659698E0,-3.651148319E0
3.124834057E1,-3.294019461E0,9.600303650E0,-3.641577005E0
3.125071901E1,-3.358924866E0,9.585947037E0,-3.622434378E0
3.125309666E1,-3.387638569E0,9.540482521E0,-3.605684519E0
3.125547432E1,-3.468994617E0,9.495018959E0,-3.591327667E0
3.125785276E1,-3.521636724E0,9.396913528E0,-3.610470295E0
3.126023119E1,-3.567100286E0,9.296415329E0,-3.648755312E0
3.126260885E1,-3.610171080E0,9.162117958E0,-3.675076485E0
3.126498656E1,-3.636492252E0,9.049654961E0,-3.703790426E0
3.126736500E1,-3.660420418E0,8.937192917E0,-3.713361740E0
3.126974343E1,-3.677170277E0,8.800801277E0,-3.732504129E0
3.127212109E1,-3.691527128E0,8.673981667E0,-3.751646757E0
3.127449875E1,-3.691527128E0,8.570791245E0,-3.744468451E0
3.127687718E1,-3.701098442E0,8.448758125E0,-3.710968733E0
3.127925562E1,-3.679563046E0,8.384151459E0,-3.689433336E0
3.128163328E1,-3.667598963E0,8.314759254E0,-3.608077526E0
3.128401093E1,-3.631706476E0,8.288438797E0,-3.541078329E0
3.128638937E1,-3.631706476E0,8.307580948E0,-3.459722519E0
3.128876781E1,-3.614956856E0,8.362615585E0,-3.370888948E0
3.129114546E1,-3.545564890E0,8.427222252E0,-3.270390272E0
3.129352312E1,-3.516851187E0,8.525327682E0,-3.179463148E0
3.129590156E1,-3.430709362E0,8.688339233E0,-3.083750248E0
3.129828005E1,-3.332603693E0,8.870193481E0,-3.028715372E0
3.130065770E1,-3.258127213E0,9.126225471E0,-2.971287489E0
3.130303536E1,-3.133700371E0,9.425627708E0,-2.952144861E0
3.130541380E1,-3.052344322E0,9.765408516E0,-2.904288530E0
3.130779224E1,-2.956631422E0,1.009591675E1,-2.875574589E0
3.131016989E1,-2.839383125E0,1.048863888E1,-2.846561670E0
3.131254755E1,-2.690729141E0,1.088345432E1,-2.858525753E0
3.131492599E1,-2.499303341E0,1.132403278E1,-2.899502754E0
3.131730442E1,-2.322234392E0,1.181725407E1,-3.021536827E0
3.131968208E1,-2.142473459E0,1.236790180E1,-3.107678413E0
3.132205974E1,-1.915155411E0,1.294726467E1,-3.172284603E0
3.132443817E1,-1.706979871E0,1.352184105E1,-3.217748165E0
3.132681661E1,-1.546361685E0,1.403420353E1,-3.260818958E0
3.132919427E1,-1.424327731E0,1.451546001E1,-3.313461065E0
3.133157198E1,-1.314257860E0,1.490339661E1,-3.325425386E0
3.133395041E1,-1.201795220E0,1.517617893E1,-3.289532900E0
3.133632885E1,-1.173081279E0,1.528385544E1,-3.193820000E0
3.133870651E1,-1.086939692E0,1.521685696E1,-2.952144861E0
3.134108416E1,-9.478568435E-1,1.509960842E1,-2.604886532E0
3.134346260E1,-7.995018363E-1,1.496800327E1,-2.171486616E0
3.134584104E1,-6.032904387E-1,1.483879089E1,-1.637588024E0
3.134821869E1,-4.043870270E-1,1.464467239E1,-1.101296663E0
3.135059635E1,-2.392822653E-1,1.447717476E1,-5.937191248E-1
3.135297479E1,-1.363908947E-1,1.423041534E1,-1.797607988E-1
3.135535322E1,1.223330572E-1,1.393131256E1,2.632105052E-1
3.135773088E1,2.515454888E-1,1.365344620E1,7.420741320E-1
3.136010859E1,1.677966863E-1,1.325145149E1,8.521439433E-1
3.136248703E1,6.490531564E-2,1.285155106E1,1.010070205E0
3.136486541E1,-2.129612118E-1,1.236790180E1,1.048355460E0
3.136724307E1,-5.362913609E-1,1.188185978E1,1.043569803E0
3.136962078E1,-9.430712461E-1,1.142692471E1,1.050748229E0
3.137199921E1,-1.426720500E0,1.098185921E1,8.641080856E-1
3.137437765E1,-1.833799481E0,1.058913708E1,7.229315639E-1
3.137675531E1,-2.056331873E0,1.027059269E1,5.985047817E-1
3.137913296E1,-2.092224360E0,1.004088211E1,4.642075896E-1
3.138151140E1,-1.991725802E0,9.887741089E0,3.014956415E-1
3.138388984E1,-1.852941990E0,9.772586823E0,-0.000000000E0
3.138626750E1,-1.706979871E0,9.633803368E0,-4.118646085E-1
3.138864515E1,-1.541576028E0,9.578767776E0,-9.170492887E-1
3.139102359E1,-1.354935765E0,9.576375008E0,-1.398305774E0
3.139340203E1,-1.252044439E0,9.564411163E0,-1.869990945E0
3.139577968E1,-1.144367456E0,9.595518112E0,-2.269592285E0
3.139815739E1,-1.122832060E0,9.545269012E0,-2.568994284E0
3.140053583E1,-1.106082320E0,9.447162628E0,-2.702992201E0
3.140291427E1,-1.098903775E0,9.444769859E0,-2.667099953E0
3.140529192E1,-1.086939692E0,9.406484604E0,-2.501995087E0
3.140766958E1,-1.098903775E0,9.329915047E0,-2.279163599E0
3.141004802E1,-1.072582722E0,9.243772507E0,-2.015953064E0
3.141242645E1,-9.909276962E-1,9.154939651E0,-1.728515267E0
3.141480411E1,-8.042874932E-1,9.135796547E0,-1.427019596E0
3.141718177E1,-5.578267574E-1,9.044869423E0,-1.146760225E0
3.141956020E1,-5.024927258E-1,8.867800713E0,-9.433703423E-1
3.142193864E1,-3.924229145E-1,8.688339233E0,-7.710871100E-1
3.142431630E1,-1.220339537E-1,8.729017258E0,-6.681957245E-1
3.142669395E1,1.773679852E-1,8.824729919E0,-5.985047817E-1
3.142907239E1,2.778665423E-1,8.705088615E0,-5.817549825E-1
3.143145083E1,4.884349108E-1,8.669196129E0,-5.458626747E-1
3.143382849E1,7.974081635E-1,8.846264839E0,-6.224330068E-1
3.143620619E1,9.888339639E-1,8.973084450E0,-5.937191248E-1
3.143858463E1,1.383948803E0,9.437591553E0,-9.840483069E-1
3.144096307E1,1.520339727E0,9.643374443E0,-1.060618639E0
3.144334073E1,1.644766450E0,9.981060982E0,-1.314556956E0
3.144571838E1,1.779063582E0,1.031844902E1,-1.611266971E0
3.144809682E1,1.810170293E0,1.062263680E1,-1.905883193E0
3.145047526E1,1.977667928E0,1.112064362E1,-2.305484533E0
3.145285291E1,2.240878344E0,1.170957661E1,-3.277568817E0
3.145523057E1,2.339283228E0,1.204965687E1,-3.770789385E0
3.145760901E1,2.470888376E0,1.243968678E1,-4.249652863E0
3.145998744E1,3.028715372E0,1.288744354E1,-4.053441525E0
3.146236510E1,2.959323406E0,1.316530991E1,-4.287938118E0
3.146474281E1,2.442174673E0,1.328016567E1,-5.207380295E0
3.146712124E1,1.977667928E0,1.312433338E1,-6.227021694E0
3.146949968E1,1.314556956E0,1.280848026E1,-6.823432922E0
3.147187734E1,7.615157962E-1,1.241815090E1,-7.084250450E0
3.147425500E1,5.937191248E-1,1.218844032E1,-7.321139812E0
3.147663343E1,3.640081584E-1,1.205922794E1,-7.400402069E0
3.147901187E1,1.677966863E-1,1.195125198E1,-7.431509018E0
3.148138953E1,9.361918271E-2,1.176939774E1,-7.369295597E0
3.148376718E1,1.534397453E-1,1.162343502E1,-6.938288212E0
3.148614562E1,1.031904742E-1,1.132164001E1,-6.256034851E0
3.148852406E1,-3.349951655E-2,1.101057339E1,-5.935097694E0
3.149090171E1,-1.674975902E-1,1.075902748E1,-5.556732178E0
3.149327942E1,-2.536391914E-1,1.051017475E1,-5.173880577E0
3.149565786E1,-3.254238665E-1,1.028255749E1,-4.836193562E0
3.149803624E1,-3.565305769E-1,1.008156013E1,-4.539184570E0
3.150041390E1,-2.727817893E-1,9.988240242E0,-4.539184570E0
3.150279161E1,-2.344966233E-1,9.681659698E0,-3.844966888E0
3.150517005E1,-2.344966233E-1,9.353842735E0,-3.361317635E0
3.150754848E1,-1.363908947E-1,9.274879456E0,-3.100499868E0
3.150992614E1,6.251249462E-2,9.351449966E0,-3.019144058E0
3.151230380E1,2.970091105E-1,9.547661781E0,-3.136392355E0
3.151468224E1,4.046861231E-1,9.454340935E0,-2.954537868E0
3.151706067E1,3.520440459E-1,9.198010445E0,-3.031108141E0
3.151943833E1,3.400799036E-1,9.037691116E0,-2.918645382E0
3.152181599E1,3.113660514E-1,8.951549530E0,-2.805883646E0
3.152419442E1,2.994019389E-1,8.968298912E0,-2.738884687E0
3.152657286E1,4.357928336E-1,8.973084450E0,-3.098107100E0
3.152895052E1,3.831507266E-1,8.870193481E0,-2.403889418E0
3.153132823E1,3.065803945E-1,8.712266922E0,-2.243271112E0
3.153370666E1,3.568296731E-1,8.815158844E0,-2.248056889E0
3.153608510E1,5.291129351E-1,9.154939651E0,-2.475674152E0
3.153846276E1,6.514459848E-1,9.253344536E0,-2.351247311E0
3.154084041E1,6.203392744E-1,9.102297783E0,-2.226521492E0
3.154321885E1,5.697908998E-1,9.040083885E0,-2.264806747E0
3.154559729E1,5.865406394E-1,9.284450531E0,-2.267199516E0
3.154797494E1,7.782655358E-1,9.806385040E0,-4.125226021E0
3.155035260E1,9.146564603E-1,9.894919395E0,-3.291925669E0
3.155273104E1,8.979067206E-1,9.605089188E0,-2.707777977E0
3.155510948E1,5.937191248E-1,8.968298912E0,-1.146760225E0
3.155748713E1,-1.148554832E-1,8.652147293E0,-8.979067206E-1
3.155986484E1,-4.019941986E-1,8.697910309E0,-1.316949725E0
3.156224328E1,-2.991028428E-1,9.075976372E0,-1.764706731E0
3.156462166E1,-2.033899277E-1,9.313164711E0,-2.169093609E0
3.156699932E1,-3.948157430E-1,9.483055115E0,-2.255235434E0
3.156937703E1,-3.852444589E-1,9.461520195E0,-2.461317301E0
3.157175546E1,-2.297109663E-1,9.451948166E0,-2.600100994E0
3.157413390E1,5.772684515E-2,9.547661781E0,-2.817847729E0
3.157651156E1,2.392822690E-2,9.712766647E0,-1.802991867E0
3.157888921E1,-3.278166950E-1,9.162117958E0,-2.370389938E0
3.158126765E1,-6.463612318E-1,9.001798630E0,-2.983251572E0
3.158364609E1,-9.406784177E-1,9.114261627E0,-3.057429075E0
3.158602375E1,-1.474576950E0,9.152546883E0,-2.647957325E0
3.158840140E1,-1.340578914E0,8.853444099E0,-2.501995087E0
3.159077984E1,-1.206580877E0,8.810373306E0,-2.434996128E0
3.159315828E1,-1.230509043E0,9.147761345E0,-1.953739643E0
3.159553593E1,-1.077368379E0,9.760622978E0,-5.327021599E0
3.159791364E1,-8.138588071E-1,9.495018959E0,-4.718945503E0
3.160029208E1,-6.128616929E-1,8.556434631E0,-2.494816780E0
3.160267052E1,-9.000003934E-1,7.742575645E0,-1.106082320E0
3.160504817E1,-1.685444474E0,7.618149281E0,-6.299105883E-1
3.160742583E1,-1.929512382E0,7.867002487E0,-1.173081279E0
3.160980427E1,-1.762014747E0,8.300402641E0,-1.836491346E0
3.161218270E1,-1.500898004E0,8.518149376E0,-2.315355062E0
3.161456036E1,-1.378864050E0,8.558827400E0,-2.628814697E0
3.161693802E1,-1.280758262E0,8.568398476E0,-2.913859844E0
3.161931645E1,-1.050748229E0,8.549256325E0,-3.023929596E0
3.162169489E1,-9.263214469E-1,8.671588898E0,-3.093321562E0
3.162407255E1,-1.622931957E0,8.848658562E0,-3.172284603E0
3.162645020E1,-2.255235434E0,8.853444099E0,-2.245664120E0
3.162882864E1,-1.850549221E0,8.329116821E0,-2.856132984E0
3.163120708E1,-1.527219057E0,8.226224899E0,-3.634398460E0
3.163358474E1,-1.197009563E0,8.161619186E0,-3.766003847E0
3.163596244E1,-9.693922997E-1,8.060821533E0,-3.787539244E0
3.163834088E1,-8.234301209E-1,7.998608112E0,-3.811467409E0
3.164071932E1,-8.401798606E-1,7.938787460E0,-3.775574923E0
3.164309698E1,-7.301099896E-1,7.847859859E0,-3.660719633E0
3.164547463E1,-1.072582722E0,8.690732002E0,-3.425923824E0
3.164785307E1,-1.962114573E-1,9.162117958E0,-9.020941734E0
3.165023151E1,-1.435693540E-2,7.886145115E0,-5.279164791E0
3.165260916E1,-1.826620936E0,7.843074322E0,-2.389532566E0
3.165498682E1,-2.575873613E0,7.251748085E0,-1.094118118E0
3.165736526E1,-3.037987471E0,7.239784241E0,-2.467598319E-1
3.165974369E1,-2.920739174E0,7.749754429E0,-1.355234981E0
3.166212135E1,-2.496910334E0,8.235795975E0,-2.370389938E0
3.166449906E1,-1.965404749E0,8.597112656E0,-3.131606579E0
3.166687750E1,-1.565504193E0,8.719446182E0,-3.493221998E0
3.166925593E1,-1.216152072E0,8.894122124E0,-3.375674486E0
3.167163359E1,-1.479362607E0,9.205188751E0,-2.109273195E0
3.167401125E1,-1.534397483E0,8.851051331E0,-2.858525753E0
3.167638968E1,-1.512862086E0,8.542078018E0,-3.385245800E0
3.167876812E1,-1.613360643E0,8.396115303E0,-3.275176048E0
3.168114578E1,-1.721336842E0,8.357830048E0,-3.265604734E0
3.168352343E1,-1.642373681E0,8.372187614E0,-3.057429075E0
3.168590187E1,-1.496112347E0,8.436793327E0,-2.808276415E0
3.168828031E1,-1.603789330E0,8.597112656E0,-2.585743904E0
3.169065796E1,-1.771586061E0,8.798408508E0,-2.276770830E0
3.169303567E1,-1.931905150E0,8.965906143E0,-2.193022013E0
3.169541411E1,-2.120938063E0,9.109476089E0,-2.059023857E0
3.169779255E1,-2.291127682E0,9.315557480E0,-1.946561217E0
3.170017020E1,-2.422732830E0,9.988240242E0,-8.261220455E-1
3.170254786E1,-3.368496180E0,1.057478046E1,-1.101296663E0
3.170492630E1,-2.580659151E0,1.093639565E1,-5.882455349E0
3.170730474E1,-2.053939104E0,1.077338505E1,-4.455435753E0
3.170968239E1,-1.026820064E0,9.040083885E0,3.445664644E-1
3.171206005E1,-1.843370795E0,8.613862038E0,1.781157374E0
3.171443849E1,-2.528017044E0,9.042476654E0,1.220339537E-1
3.171681692E1,-2.422732830E0,9.382556915E0,-1.192523003E0
3.171919458E1,-2.008475542E0,9.602696419E0,-1.826920033E0
3.172157229E1,-2.248056889E0,1.036660480E1,-1.575374603E0
3.172395072E1,-2.101795673E0,1.019641590E1,-1.290628672E0
3.172632911E1,-1.278365493E0,9.976275444E0,-2.140379906E0
3.172870677E1,-1.022034407E0,9.645767212E0,-2.504388094E0
3.173108448E1,-9.765707254E-1,9.341878891E0,-2.549851656E0
3.173346291E1,-9.550353289E-1,9.128618240E0,-2.564208508E0
3.173584135E1,-1.199402332E0,9.356235504E0,-2.209771633E0
3.173821901E1,-1.589432478E0,9.243772507E0,-1.285843015E0
3.174059666E1,-1.697408557E0,9.387342453E0,-2.267199516E0
3.174297510E1,-2.322234392E0,9.605089188E0,-2.320140600E0
3.174535354E1,-1.936690807E0,9.475876808E0,-2.458924294E0
3.174773119E1,-1.347757339E0,9.423234940E0,-2.585743904E0
3.175010885E1,-7.947162390E-1,9.313164711E0,-2.681456804E0
3.175248729E1,-1.268794179E0,9.291629791E0,-2.449352980E0
3.175486573E1,-1.386042476E0,9.945169449E0,-6.748956203E0
3.175724338E1,-3.708875179E-1,9.755837440E0,-5.403591633E0
3.175962109E1,2.153540403E-2,8.846264839E0,-1.465304732E0
3.176199953E1,-5.913262963E-1,8.099405289E0,-2.563311160E-1
3.176437796E1,-2.116152525E0,7.759325504E0,1.115653515E0
3.176675562E1,-1.884048700E0,8.171190262E0,-2.874378264E-1
3.176913328E1,-1.271187067E0,8.855836868E0,-1.958525300E0
3.177151171E1,-1.084546804E0,9.430413246E0,-2.645564556E0
3.177389015E1,-1.517647743E0,9.882955551E0,-2.659921408E0
3.177626781E1,-1.041176915E0,9.609874725E0,-2.877967358E0
3.177864546E1,-5.793621540E-1,9.231808662E0,-2.954537868E0
3.178102390E1,-9.502496719E-1,9.624231339E0,-2.051845312E0
3.178340234E1,-1.005284667E0,9.123832703E0,-1.996810555E0
3.178578000E1,-4.402793646E-1,8.681160927E0,-3.251247883E0
3.178815770E1,-7.896314561E-2,8.314759254E0,-3.330210924E0
3.179053614E1,1.031904742E-1,8.166404724E0,-3.102892876E0
3.179291458E1,-8.374879509E-2,8.729017258E0,-2.379961252E0
3.179529224E1,-5.865406394E-1,8.657232285E0,-1.508375525E0
3.179766989E1,-2.656033039E-1,8.556434631E0,-2.909074068E0
3.180004833E1,9.122636169E-2,8.369794846E0,-3.193820000E0
3.180242677E1,4.597210586E-1,8.250153542E0,-3.191427231E0
3.180480442E1,7.447660565E-1,8.168797493E0,-3.198605776E0
3.180718208E1,9.074779749E-1,8.144868851E0,-3.071786165E0
3.180956052E1,7.686942816E-1,8.140083313E0,-3.043072224E0
3.181193895E1,5.626124144E-1,8.137690544E0,-2.899502754E0
3.181431661E1,4.022932947E-1,8.120941162E0,-2.841775894E0
3.181669427E1,-1.028913707E-1,8.573184013E0,-1.438983679E0
3.181907270E1,-9.047860503E-1,8.601898193E0,-2.252842426E0
3.182145119E1,-1.201795220E0,8.628219604E0,-3.133999348E0
3.182382885E1,-7.516453862E-1,8.202297211E0,-3.234498024E0
3.182620651E1,6.011966988E-2,7.792825222E0,-3.224926710E0
3.182858494E1,6.323033571E-1,7.505387306E0,-3.047857761E0
3.183096338E1,4.405784607E-1,7.713861942E0,-2.557030201E0
3.183334104E1,-3.972085714E-1,8.012965202E0,-8.715856671E-1
3.183571869E1,2.946162820E-1,7.584649563E0,-2.147558212E0
3.183809713E1,5.315057039E-1,7.007680416E0,-2.961716175E0
3.184047557E1,8.668000102E-1,6.562315941E0,-3.064607620E0
3.184285323E1,1.252343535E0,6.296413898E0,-2.868396044E0
3.184523088E1,1.240379453E0,6.440282345E0,-2.533101797E0
3.184760932E1,6.921239495E-1,6.753741741E0,-2.312962294E0
3.184998776E1,2.778665423E-1,7.077072144E0,-2.082952023E0
3.185236541E1,2.611167729E-1,7.416852951E0,-2.008774519E0
3.185474312E1,3.281157911E-1,7.685148239E0,-2.011167526E0
3.185712156E1,3.879363835E-1,7.922037601E0,-2.047059774E0
3.185950000E1,4.549354017E-1,8.436793327E0,-2.092523336E0
3.186187765E1,1.281057477E0,8.977870941E0,-6.681957245E0
3.186425531E1,1.170688510E0,9.492626190E0,-2.327319145E0
3.186663374E1,-5.503492057E-2,8.341080666E0,-1.797607988E-1
3.186901218E1,-1.137188911E0,7.759325504E0,1.625623941E0
3.187138984E1,-6.391827464E-1,8.934800148E0,9.092725813E-2
3.187376750E1,8.213363886E-1,1.039531898E1,-1.982453585E0
3.187614593E1,1.283450246E0,1.086670494E1,-2.327319145E0
3.187852437E1,9.194421172E-1,1.088824081E1,-2.356033087E0
3.188090203E1,4.405784607E-1,1.081645584E1,-2.382354021E0
3.188327974E1,1.965105534E-1,1.086909771E1,-2.446960211E0
3.188565817E1,1.199402362E-1,1.095075321E1,-2.501995087E0
3.188803661E1,3.349951655E-2,1.105842972E1,-2.521137714E0
3.189041427E1,-6.460621208E-2,1.117807102E1,-2.640778780E0
3.189279192E1,-1.722832322E-1,1.128814125E1,-2.758027315E0
3.189517036E1,-2.273181528E-1,1.140060329E1,-2.978466034E0
3.189754880E1,-2.727817893E-1,1.148704433E1,-3.119642496E0
3.189992645E1,-3.230310678E-1,1.154207897E1,-3.279961586E0
3.190230411E1,-4.235295951E-1,1.153968620E1,-3.368496180E0
3.190468255E1,-4.809573591E-1,1.149182987E1,-3.442972660E0
3.190706098E1,-4.833501875E-1,1.145324516E1,-3.447758436E0
3.190943864E1,-3.661018610E-1,1.140778160E1,-2.858525753E0
3.191181635E1,-6.702894568E-1,1.121874905E1,-3.462115288E0
3.191419479E1,-1.012463093E0,1.107996559E1,-4.077369690E0
3.191657322E1,-1.053141117E0,1.093878841E1,-4.153940201E0
3.191895088E1,-9.837492108E-1,1.083081245E1,-4.096512318E0
3.192132854E1,-9.478568435E-1,1.073749256E1,-4.070191383E0
3.192370698E1,-1.024427176E0,1.062742233E1,-4.012763500E0
3.192608541E1,-1.139581800E0,1.048146057E1,-3.959822416E0
3.192846307E1,-1.225723386E0,1.032323551E1,-3.864109516E0
3.193084073E1,-1.314257860E0,1.021555805E1,-3.811467409E0
3.193321916E1,-1.407577872E0,1.012463093E1,-3.785146236E0
3.193559760E1,-1.469791293E0,1.005045319E1,-3.699004650E0
3.193797526E1,-1.508076429E0,1.002173901E1,-3.679862022E0
3.194035296E1,-1.563111424E0,1.000020409E1,-3.624827147E0
3.194273140E1,-1.563111424E0,1.000738239E1,-3.588934898E0
3.194510984E1,-1.615753531E0,1.003848934E1,-3.531507015E0
3.194748750E1,-1.637588024E0,1.002413273E1,-3.452543974E0
3.194986515E1,-1.654337764E0,1.005045319E1,-3.370888948E0
3.195224359E1,-1.654337764E0,1.001695347E1,-3.287140131E0
3.195462203E1,-1.656730533E0,1.000738239E1,-3.210569859E0
3.195699968E1,-1.601396561E0,9.990633011E0,-3.088535786E0
3.195937734E1,-1.589432478E0,9.949954987E0,-3.028715372E0
3.196175578E1,-1.546361685E0,9.916455269E0,-2.904288530E0
3.196413421E1,-1.486541033E0,9.892526627E0,-2.820240498E0
3.196651187E1,-1.453041553E0,9.844670296E0,-2.748456001E0
3.196888958E1,-1.436291814E0,9.801599503E0,-2.686242580E0
3.197126802E1,-1.421934843E0,9.719944954E0,-2.600100994E0
3.197364645E1,-1.395613790E0,9.686445236E0,-2.542673111E0
3.197602411E1,-1.424327731E0,9.674481392E0,-2.516352177E0
3.197840177E1,-1.402792215E0,9.609874725E0,-2.513959408E0
3.198078020E1,-1.393221021E0,9.581160545E0,-2.511566401E0
3.198315864E1,-1.292722464E0,9.573982239E0,-2.487638235E0
3.198553630E1,-1.132403374E0,9.542876244E0,-2.494816780E0
3.198791395E1,-9.669994712E-1,9.533304214E0,-2.482852697E0
3.199029239E1,-7.923234105E-1,9.490233421E0,-2.528316259E0
3.199267083E1,-6.702894568E-1,9.437591553E0,-2.571387053E0
3.199504848E1,-4.785645306E-1,9.349057198E0,-2.547458887E0
3.199742614E1,-2.751746178E-1,9.272486687E0,-2.588136673E0
3.199980458E1,-1.220339537E-1,9.171689034E0,-2.602493763E0
3.200218307E1,-1.435693540E-2,9.037691116E0,-2.638386011E0
3.200456073E1,3.589234129E-2,8.863015175E0,-2.631207705E0
3.200693838E1,8.404789865E-2,8.673981667E0,-2.600100994E0
3.200931682E1,1.223330572E-1,8.494221687E0,-2.454138756E0
3.201169526E1,1.319043487E-1,8.338687897E0,-2.245664120E0
3.201407291E1,1.654038578E-1,8.173583031E0,-1.992024899E0
3.201645057E1,2.084746659E-1,8.041678429E0,-1.742872238E0
3.201882901E1,1.390828192E-1,7.886145115E0,-1.549053550E0
3.202120744E1,5.503492057E-2,7.733004570E0,-1.379163146E0
3.202358510E1,1.247258782E-1,7.589435101E0,-1.031904817E0
3.202596281E1,3.017947674E-1,7.551149845E0,-4.405784607E-1
3.202834124E1,5.123631358E-1,7.476673603E0,-6.490531564E-2
3.203071968E1,6.418746710E-1,7.390532017E0,6.221338734E-2
3.203309734E1,6.921239495E-1,7.287640572E0,8.374879509E-2
3.203547500E1,8.069794178E-1,7.144071102E0,3.589234129E-2
3.203785343E1,6.323033571E-1,7.057929516E0,-5.503492057E-2
3.204023187E1,4.788636267E-1,6.914061069E0,-8.883354068E-1
3.204260953E1,8.309076428E-1,7.038786888E0,-3.879363835E-1
3.204498718E1,1.058225870E0,7.144071102E0,-9.601201117E-2
3.204736562E1,1.125224829E0,7.215855598E0,1.914258115E-2
3.204974406E1,1.240379453E0,7.328318596E0,-0.000000000E0
3.205212171E1,1.482054472E0,7.548757076E0,1.627119333E-1
3.205449942E1,1.702194214E0,7.802396297E0,3.230310678E-1
3.205687786E1,1.783849239E0,8.060821533E0,2.871387303E-1
3.205925630E1,1.810170293E0,8.278866768E0,1.627119333E-1
3.206163395E1,1.795813441E0,8.693124771E0,-9.571290575E-3
3.206401161E1,1.846062660E0,9.099904060E0,8.853443712E-2
3.206639005E1,1.822134495E0,9.509376526E0,-8.644071966E-2
3.206876848E1,1.800599098E0,1.013180923E1,-4.764707983E-1
3.207114614E1,1.836491346E0,1.087149048E1,-3.951148391E-1
3.207352380E1,1.891526341E0,1.164736366E1,-3.089732230E-1
3.207590224E1,1.862812400E0,1.217169094E1,-6.610172391E-1
3.207828067E1,1.755135417E0,1.322273827E1,-1.122832060E0
3.208065833E1,1.716551185E0,1.377817154E1,-8.668000102E-1
3.208303598E1,1.431805253E0,1.417538071E1,-1.055832982E0
3.208541442E1,1.139581800E0,1.468535042E1,-1.393520117E0
3.208779286E1,8.524430394E-1,1.519292831E1,-1.158724308E0
3.209017052E1,4.549354017E-1,1.513310814E1,-1.024726272E0
3.209254822E1,-2.967100143E-1,1.546122360E1,-9.146564603E-1
3.209492666E1,-8.114659786E-1,1.546122360E1,-8.356932998E-1
3.209730510E1,-1.455434322E0,1.534128284E1,-6.394818425E-1
3.209968276E1,-2.116152525E0,1.532931900E1,-5.841478109E-1
3.210206041E1,-2.690729141E0,1.522882080E1,-4.190430641E-1
3.210443885E1,-3.277269602E0,1.525992775E1,-3.687937856E-1
3.210681729E1,-3.708276987E0,1.529581928E1,-5.482555032E-1
3.210919494E1,-4.050749779E0,1.517139244E1,-5.362913609E-1
3.211157265E1,-4.421637058E0,1.515703583E1,-6.299105883E-1
3.211395109E1,-4.749752998E0,1.506850147E1,-7.351947427E-1
3.211632948E1,-4.962714195E0,1.493450356E1,-5.410770178E-1
3.211870713E1,-5.274080276E0,1.486032581E1,-6.586244106E-1
3.212108484E1,-5.367400169E0,1.458006668E1,-4.046861231E-1
3.212346328E1,-5.470291615E0,1.444367599E1,-4.405784607E-1
3.212584171E1,-5.434399128E0,1.415384483E1,-4.668995142E-1
3.212821937E1,-5.283651352E0,1.380210018E1,-2.611167729E-1
3.213059703E1,-5.137689114E0,1.351226902E1,-3.281157911E-1
3.213297546E1,-5.032404900E0,1.307408428E1,-1.773679852E-1
3.213535390E1,-4.965106964E0,1.277498055E1,-1.319043487E-1
3.213773156E1,-4.804787636E0,1.232004547E1,1.914258115E-2
3.214010921E1,-4.596612453E0,1.187946701E1,2.608176768E-1
3.214248765E1,-4.424029827E0,1.143888855E1,3.062812984E-1
3.214486609E1,-4.357030869E0,1.104168034E1,1.459621787E-1
3.214724375E1,-4.033999920E0,1.066810036E1,2.177468538E-1
3.214962145E1,-3.859024763E0,1.022273636E1,3.876372576E-1
3.215199989E1,-3.815953970E0,9.823135376E0,4.546363056E-1
3.215437833E1,-3.753740549E0,9.430413246E0,3.278166950E-1
3.215675599E1,-3.701098442E0,9.121439934E0,1.962114573E-1
3.215913364E1,-3.732205153E0,8.985049248E0,-4.740779996E-1
3.216151208E1,-3.483351469E0,8.846264839E0,-5.841478109E-1
3.216389052E1,-3.224627733E0,8.669196129E0,-6.224330068E-1
3.216626817E1,-2.901596546E0,8.463114738E0,-6.490531564E-1
3.216864583E1,-2.633301258E0,8.281260490E0,-6.104688644E-1
3.217102427E1,-2.456232548E0,8.159226418E0,-6.251249313E-1
3.217340276E1,-2.200200319E0,8.079963684E0,-9.433703423E-1
3.217578041E1,-1.680658817E0,7.776075363E0,-1.252343535E0
3.217815807E1,-1.438684583E0,7.950751305E0,-1.336092353E0
3.218053651E1,-1.316650629E0,8.036892891E0,-1.288235903E0
3.218291494E1,-1.175474167E0,8.056035995E0,-1.584945917E0
3.218529260E1,-1.082154036E0,8.171190262E0,-9.649057388E-1
3.218767026E1,-1.139581800E0,8.784051895E0,-1.814955950E0
3.219004869E1,-1.278365493E0,9.080761909E0,-2.676671267E0
3.219242713E1,-1.340578914E0,9.083154678E0,-3.131606579E0
3.219480479E1,-1.302293777E0,9.109476089E0,-3.315854073E0
3.219718244E1,-1.223330617E0,9.396913528E0,-3.342175007E0
3.219956088E1,-1.283151150E0,9.624231339E0,-3.624827147E0
3.220193932E1,-1.345364571E0,9.569196701E0,-3.608077526E0
3.220431698E1,-1.163509965E0,9.370592117E0,-2.387139797E0
3.220669468E1,-1.120439172E0,9.949954987E0,-2.638386011E0
3.220907312E1,-1.278365493E0,9.976275444E0,-2.980858803E0
3.221145156E1,-1.541576028E0,9.823135376E0,-3.474079370E0
3.221382921E1,-1.541576028E0,9.743872643E0,-3.486043453E0
3.221620687E1,-1.630409479E0,1.006480980E1,-2.935395241E0
3.221858531E1,-1.809871197E0,1.049581718E1,-3.502793312E0
3.222096374E1,-1.919941068E0,1.062981510E1,-3.055036306E0
3.222334140E1,-1.955833435E0,1.092921734E1,-2.501995087E0
3.222571911E1,-2.175973177E0,1.054606628E1,-2.561815739E0
3.222809755E1,-2.382055044E0,1.011266708E1,-2.274377823E0
3.223047599E1,-2.463410854E0,9.914062500E0,-2.020738840E0
3.223285364E1,-2.262413740E0,9.832706451E0,-1.431805253E0
3.223523130E1,-1.534397483E0,1.000977516E1,-1.254736423E0
3.223760974E1,-1.579861164E0,9.442377090E0,-6.945167780E-1
3.223998817E1,-1.752443433E0,9.190832138E0,-1.187737346E0
3.224236583E1,-1.881655931E0,8.989834785E0,-1.228415370E0
3.224474348E1,-1.457827210E0,8.611469269E0,-1.429412484E0
3.224712192E1,-8.641080856E-1,8.827122688E0,-1.594517231E0
3.224950036E1,-1.197009563E0,8.695517540E0,-1.925025821E0
3.225187802E1,-1.500898004E0,8.460721970E0,-1.831705689E0
3.225425572E1,-1.654337764E0,8.374580383E0,-1.355234981E0
3.225663416E1,-1.706979871E0,8.601898193E0,-1.546660781E0
3.225901260E1,-1.685444474E0,8.769695282E0,-1.443769336E0
3.226139026E1,-1.242473125E0,9.585947037E0,-1.608874083E0
3.226376791E1,-1.484148264E0,9.234201431E0,-1.831705689E0
3.226614635E1,-1.857727647E0,8.649754524E0,-2.255235434E0
3.226852479E1,-1.900798440E0,8.240582466E0,-2.123630047E0
3.227090244E1,-1.723729610E0,8.180761337E0,-1.874776483E0
3.227328010E1,-1.053141117E0,8.851051331E0,-1.206879973E0
3.227565854E1,-7.707880139E-1,8.901300430E0,-1.331306696E0
3.227803698E1,-1.118046403E0,8.008178711E0,-1.637588024E0
3.228041463E1,-1.311864972E0,7.507780075E0,-1.980060697E0
3.228279234E1,-1.695015788E0,7.036394119E0,-1.920240164E0
3.228517078E1,-2.255235434E0,6.875775814E0,-2.121237278E0
3.228754921E1,-2.025225163E0,6.928418159E0,-1.903490424E0
3.228992687E1,-8.593224287E-1,7.122535706E0,-6.418746710E-1
3.229230453E1,-6.391827464E-1,6.564708710E0,4.307080805E-1
3.229468296E1,-5.386841893E-1,6.976573467E0,1.507478207E-1
3.229706140E1,9.601201117E-2,7.529315472E0,-1.065404296E0
3.229943906E1,-1.292124242E-1,7.081857681E0,-1.070189953E0
3.230181671E1,-8.904291391E-1,6.658029079E0,-1.663909078E0
3.230419515E1,-1.230509043E0,6.813562393E0,-1.283450246E0
3.230657359E1,-1.287936807E0,7.189534664E0,-1.273878932E0
3.230895124E1,-1.244866014E0,7.352246761E0,-1.453340650E0
3.231132895E1,-7.851449251E-1,7.081857681E0,-1.149153113E0
3.231370739E1,-5.650052428E-1,7.335496902E0,-1.134796143E0
3.231608583E1,-7.348956466E-1,7.721040249E0,-1.357627749E0
3.231846348E1,-8.617152572E-1,7.931608677E0,-1.427019596E0
3.232084114E1,-8.066803217E-1,7.950751305E0,-1.350449324E0
3.232321958E1,-5.865406394E-1,7.876574039E0,-1.438983679E0
3.232559802E1,-4.857429862E-1,7.828717709E0,-1.604088426E0
3.232797567E1,-4.139583111E-1,7.802396297E0,-1.805384636E0
3.233035333E1,-4.019941986E-1,7.780860901E0,-1.867598057E0
3.233273177E1,-4.331009090E-1,7.658827305E0,-1.805384636E0
3.233511020E1,-5.219344497E-1,7.553543091E0,-1.771885157E0
3.233748786E1,-5.841478109E-1,7.510172844E0,-1.810170293E0
3.233986557E1,-5.793621540E-1,7.555935860E0,-1.884347796E0
3.234224401E1,-5.075774789E-1,7.661220074E0,-1.992024899E0
3.234462244E1,-3.828516304E-1,7.725826263E0,-2.044667006E0
3.234700010E1,-3.206382394E-1,7.764111042E0,-2.116451740E0
3.234937776E1,-3.541377485E-1,7.790432453E0,-2.226521492E0
3.235175619E1,-3.780659735E-1,7.819146156E0,-2.324926376E0
3.235413463E1,-4.522434771E-1,7.864609718E0,-2.401496649E0
3.235651229E1,-5.315057039E-1,7.907680511E0,-2.497209549E0
3.235888994E1,-5.961119533E-1,7.929215908E0,-2.554637194E0
3.236126838E1,-6.750751138E-1,8.005785942E0,-2.602493763E0
3.236364682E1,-7.803592682E-1,8.003393173E0,-2.638386011E0
3.236602448E1,-8.665009141E-1,8.084749222E0,-2.631207705E0
3.236840218E1,-9.933205247E-1,8.104190826E0,-2.612065077E0
3.237078062E1,-1.139581800E0,8.104190826E0,-2.609672308E0
3.237315906E1,-1.197009563E0,8.192725182E0,-2.561815739E0
3.237553671E1,-1.273579836E0,8.309973717E0,-2.545065880E0
3.237791437E1,-1.386042476E0,8.348258972E0,-2.523530483E0
3.238029281E1,-1.517647743E0,8.355437279E0,-2.523530483E0
3.238267125E1,-1.625324726E0,8.376973152E0,-2.530709028E0
3.238504890E1,-1.714158297E0,8.412865639E0,-2.511566401E0
3.238742661E1,-1.778764486E0,8.465507507E0,-2.492423773E0
3.238980505E1,-1.891227245E0,8.484649658E0,-2.499602318E0
3.239218349E1,-1.974975944E0,8.496614456E0,-2.525923491E0
3.239456114E1,-2.049153566E0,8.525327682E0,-2.504388094E0
3.239693880E1,-2.132902384E0,8.546863556E0,-2.506780863E0
3.239931724E1,-2.209771633E0,8.575576782E0,-2.518744946E0
3.240169567E1,-2.317448616E0,8.530113220E0,-2.497209549E0
3.240407333E1,-2.405983210E0,8.539685249E0,-2.504388094E0
3.240645098E1,-2.535195589E0,8.551649094E0,-2.499602318E0
3.240882942E1,-2.609373093E0,8.554041862E0,-2.454138756E0
3.241120786E1,-2.671586514E0,8.501399994E0,-2.427817583E0
3.241358552E1,-2.796312332E0,8.326724052E0,-2.509173632E0
3.241596322E1,-2.736192703E0,8.467900276E0,-2.379961252E0
3.241834166E1,-2.750848770E0,8.503792763E0,-2.236092806E0
3.242072010E1,-2.911167860E0,8.465507507E0,-2.228914261E0
3.242309776E1,-3.102593660E0,8.350651741E0,-2.250449657E0
3.242547541E1,-3.193521023E0,8.290831566E0,-2.262413740E0
3.242785385E1,-3.195913792E0,8.228617668E0,-2.267199516E0
3.243023229E1,-3.198306561E0,8.154440880E0,-2.293520451E0
3.243260994E1,-3.234198809E0,8.089534760E0,-2.341675997E0
3.243498760E1,-3.260519981E0,7.986643791E0,-2.411067963E0
3.243736604E1,-3.270091295E0,7.919644833E0,-2.461317301E0
3.243974448E1,-3.255734205E0,7.888537884E0,-2.549851656E0
3.244212213E1,-3.255734205E0,7.855038643E0,-2.592922449E0
3.244449984E1,-3.260519981E0,7.802396297E0,-2.669492722E0
3.244687828E1,-3.248555899E0,7.735397339E0,-2.738884687E0
3.244925671E1,-3.236591816E0,7.642077446E0,-2.803490877E0
3.245163437E1,-3.193521023E0,7.601399422E0,-2.786741018E0
3.245401203E1,-3.152842999E0,7.608577728E0,-2.796312332E0
3.245639046E1,-3.116950512E0,7.618149281E0,-2.820240498E0
3.245876890E1,-3.081058264E0,7.661220074E0,-2.832204819E0
3.246114656E1,-3.057130098E0,7.682755470E0,-2.913859844E0
3.246352421E1,-3.002095222E0,7.721040249E0,-2.983251572E0
3.246590265E1,-2.937488794E0,7.768897057E0,-3.064607620E0
3.246828109E1,-2.894418001E0,7.826324463E0,-3.153141975E0
3.247065874E1,-2.839383125E0,7.919644833E0,-3.244069338E0
3.247303645E1,-2.827419043E0,8.053643227E0,-3.380460262E0
3.247541489E1,-2.825026274E0,8.207082748E0,-3.524328709E0
3.247779333E1,-2.789133787E0,8.326724052E0,-3.660719633E0
3.248017098E1,-2.769991398E0,8.501399994E0,-3.797110319E0
3.248254864E1,-2.767598391E0,8.657232285E0,-3.940679789E0
3.248492708E1,-2.731407166E0,8.812766075E0,-4.134797573E0
3.248730552E1,-2.784348249E0,8.965906143E0,-4.077369690E0
3.248968317E1,-2.789133787E0,9.154939651E0,-4.197010994E0
3.249206083E1,-2.767598391E0,9.344271660E0,-4.292723656E0
3.249443927E1,-2.803490877E0,9.511769295E0,-4.374079704E0
3.249681770E1,-2.808276415E0,9.734301567E0,-4.417150497E0
3.249919536E1,-2.793919563E0,9.942776680E0,-4.407579422E0
3.250157307E1,-2.810669184E0,1.012702370E1,-4.405186653E0
3.250395151E1,-2.817847729E0,1.032084274E1,-4.378865242E0
3.250632994E1,-2.844168901E0,1.050060272E1,-4.357329845E0
3.250870760E1,-2.894418001E0,1.066331482E1,-4.340580463E0
3.251108526E1,-2.947060108E0,1.077099228E1,-4.292723656E0
3.251346369E1,-2.985345364E0,1.083320522E1,-4.235296249E0
3.251584213E1,-3.064308405E0,1.086191940E1,-4.185046673E0
3.251821979E1,-3.114557743E0,1.085234833E1,-4.108476639E0
3.252059744E1,-3.193521023E0,1.076859951E1,-4.041477680E0
3.252297588E1,-3.255734205E0,1.069202900E1,-4.003192425E0
3.252535432E1,-3.301198006E0,1.062742233E1,-3.928715706E0
3.252773198E1,-3.394817114E0,1.054367352E1,-3.928715706E0
3.253010968E1,-3.512065411E0,1.042164040E1,-3.888037682E0
3.253248812E1,-3.636492252E0,1.026102161E1,-3.828217030E0
3.253486656E1,-3.732205153E0,1.011505985E1,-3.727718592E0
3.253724421E1,-3.827918053E0,9.978668213E0,-3.682255030E0
3.253962187E1,-3.900001764E0,9.832706451E0,-3.615255833E0
3.254200031E1,-3.967000723E0,9.684052467E0,-3.565006733E0
3.254437874E1,-4.026821613E0,9.540482521E0,-3.517150164E0
3.254675640E1,-4.148855209E0,9.389735222E0,-3.488436222E0
3.254913406E1,-4.256532192E0,9.277272224E0,-3.452543974E0
3.255151250E1,-4.234996796E0,9.090332985E0,-3.406781197E0
3.255389098E1,-4.297210217E0,9.023334503E0,-3.392424345E0
3.255626864E1,-4.390530586E0,8.965906143E0,-3.428316593E0
3.255864630E1,-4.508078098E0,8.867800713E0,-3.474079370E0
3.256102474E1,-4.539184570E0,8.764909744E0,-3.445365429E0
3.256340317E1,-4.548755646E0,8.690732002E0,-3.445365429E0
3.256578083E1,-4.584648132E0,8.652147293E0,-3.474079370E0
3.256815849E1,-4.601397991E0,8.640183449E0,-3.466900826E0
3.257053692E1,-4.599005222E0,8.594719887E0,-3.505186081E0
3.257291536E1,-4.642076015E0,8.582756042E0,-3.464508057E0
3.257529302E1,-4.673182487E0,8.556434631E0,-3.418745279E0
3.257767073E1,-4.728217602E0,8.566005707E0,-3.466900826E0
3.258004916E1,-4.783252239E0,8.594719887E0,-3.435794115E0
3.258242760E1,-4.795216560E0,8.599505424E0,-3.413959742E0
3.258480526E1,-4.752145767E0,8.642576218E0,-3.315854073E0
3.258718291E1,-4.666004181E0,8.721838951E0,-3.277568817E0
3.258956135E1,-4.517649174E0,8.834300995E0,-3.224926710E0
3.259193979E1,-4.345067024E0,8.977870941E0,-3.184248686E0
3.259431744E1,-4.144069672E0,9.169296265E0,-3.184248686E0
3.259669510E1,-3.945465326E0,9.392127991E0,-3.143570662E0
3.259907354E1,-3.725026608E0,9.672088623E0,-3.172284603E0
3.260145198E1,-3.485744476E0,9.988240242E0,-3.177070379E0
3.260382963E1,-3.238984585E0,1.028016472E1,-3.179463148E0
3.260620734E1,-2.925524712E0,1.065852928E1,-3.179463148E0
3.260858578E1,-2.559123755E0,1.114935684E1,-3.136392355E0
3.261096421E1,-2.195414782E0,1.171196938E1,-3.090928555E0
3.261334187E1,-1.831406593E0,1.229372501E1,-3.033500910E0
3.261571953E1,-1.491326690E0,1.293051434E1,-2.983251572E0
3.261809796E1,-1.127617717E0,1.364866066E1,-3.000001431E0
3.262047640E1,-8.162516356E-1,1.432403469E1,-2.973680258E0
3.262285406E1,-5.243272781E-1,1.494168186E1,-2.875574589E0
3.262523171E1,-2.751746178E-1,1.548515129E1,-2.688635349E0
3.262761015E1,-6.939185411E-2,1.586800289E1,-2.382354021E0
3.262998864E1,1.582254022E-1,1.615065575E1,-2.181057930E0
3.263236630E1,6.056832075E-1,1.647607994E1,-1.572981834E0
3.263474395E1,9.984052777E-1,1.675873184E1,-7.854440212E-1
3.263712239E1,1.141974568E0,1.686880112E1,-4.546362907E-2
3.263950083E1,6.203392744E-1,1.674676704E1,2.392822690E-2
3.264187848E1,-1.674975827E-2,1.633250999E1,-2.467598319E-1
3.264425614E1,-4.785645381E-2,1.606929970E1,1.579262912E-1
3.264663458E1,4.286143482E-1,1.604297829E1,8.497511148E-1
3.264901302E1,6.873382926E-1,1.575793362E1,1.175474167E0
3.265139067E1,9.242277741E-1,1.547558022E1,1.232901812E0
3.265376838E1,1.216451168E0,1.524317741E1,1.213759303E0
3.265614682E1,1.494018674E0,1.506850147E1,1.118046403E0
3.265852526E1,1.637588024E0,1.472602844E1,9.765707254E-1
3.266090291E1,1.683051586E0,1.427617836E1,7.468597889E-1
3.266328057E1,1.510768414E0,1.371356583E1,4.666004181E-1
3.266565901E1,1.352842093E0,1.313629723E1,2.368894368E-1
3.266803744E1,1.165902853E0,1.259791183E1,-7.178467698E-3
3.267041510E1,1.089332461E0,1.213819122E1,-2.276172489E-1
3.267279276E1,1.039083242E0,1.173589802E1,-4.549354017E-1
3.267517119E1,1.055832982E0,1.145833015E1,-7.998009920E-1
3.267754963E1,1.043868899E0,1.122832012E1,-1.165902853E0
3.267992729E1,1.067797065E0,1.098664474E1,-1.551446438E0
3.268230500E1,1.091725349E0,1.074706364E1,-1.982453585E0
3.268468343E1,9.840483069E-1,1.041206837E1,-2.356033087E0
3.268706187E1,8.883354068E-1,1.008395290E1,-2.645564556E0
3.268943953E1,8.045865893E-1,9.825528145E0,-2.750848770E0
3.269181718E1,7.471588850E-1,9.633803368E0,-2.772384167E0
3.269419562E1,7.184450030E-1,9.497411728E0,-2.650350094E0
3.269657406E1,7.184450030E-1,9.349057198E0,-2.430210590E0
3.269895171E1,7.184450030E-1,9.097511292E0,-2.149951220E0
3.270132937E1,7.854440212E-1,8.906085968E0,-1.860419631E0
3.270370781E1,8.668000102E-1,8.683553696E0,-1.479661703E0
3.270608624E1,1.010369420E0,8.417651176E0,-1.223629713E0
3.270846390E1,1.302592874E0,8.317152023E0,-9.529415965E-1
3.271084161E1,1.438983679E0,8.077570915E0,-7.399803996E-1
3.271322005E1,1.477268934E0,7.826324463E0,-4.956133962E-1
3.271559848E1,1.558624864E0,7.658827305E0,-3.472583890E-1
3.271797614E1,1.520339727E0,7.395317554E0,-7.926224917E-2
3.272035380E1,1.503589988E0,7.146463871E0,2.775674164E-1
3.272273224E1,1.177866936E0,6.567101955E0,4.019941986E-1
3.272511067E1,1.297807217E0,6.796812534E0,-3.110669367E-2
3.272748833E1,1.417448282E0,7.024429798E0,-6.969095767E-2
3.272986598E1,1.450947881E0,7.242177010E0,-1.845464408E-1
3.273224442E1,1.462911963E0,7.675576687E0,-8.333004713E-1
3.273462286E1,1.395912886E0,8.010572433E0,-1.165902853E0
3.273700052E1,1.328913927E0,8.400900841E0,-1.563410521E0
3.273937822E1,1.187737346E0,8.781659126E0,-1.905883193E0
3.274175666E1,1.063011408E0,9.178867340E0,-2.332104683E0
3.274413510E1,1.046261668E0,9.559625626E0,-2.808276415E0
3.274651276E1,9.314061999E-1,9.887741089E0,-3.279961586E0
3.274889041E1,7.639086246E-1,1.019162941E1,-3.488436222E0
3.275126885E1,5.626124144E-1,1.050060272E1,-3.782753468E0
3.275364729E1,4.453641176E-1,1.073749256E1,-3.878466368E0
3.275602494E1,7.686942816E-2,1.100818062E1,-4.553840637E0
3.275840265E1,5.772684515E-2,1.134796143E1,-4.998905659E0
3.276078109E1,-5.264209956E-2,1.167368412E1,-5.327021599E0
3.276315953E1,-1.651047617E-1,1.209033489E1,-5.932704449E0
3.276553718E1,-1.411765367E-1,1.244686508E1,-6.181558132E0
3.276791484E1,-4.115654826E-1,1.272951698E1,-6.777669907E0
3.277029328E1,-4.474578202E-1,1.316291714E1,-7.728219032E0
3.277267171E1,-3.780659735E-1,1.327777290E1,-7.213462830E0
3.277504937E1,-4.211367965E-1,1.307169056E1,-6.816254616E0
3.277742703E1,-4.474578202E-1,1.277019501E1,-6.626922131E0
3.277980546E1,-3.278166950E-1,1.245643616E1,-5.841777325E0
3.278218390E1,-8.162516356E-1,1.212383366E1,-6.116951942E0
3.278456156E1,-1.060319543E0,1.183400345E1,-6.066702843E0
3.278693927E1,-1.287936807E0,1.153011513E1,-6.071488380E0
3.278931770E1,-1.137188911E0,1.121635628E1,-5.707779408E0
3.279169614E1,-1.065105200E0,1.089571762E1,-5.202594757E0
3.279407380E1,-1.118046403E0,1.050778198E1,-4.821836948E0
3.279645145E1,-1.086939692E0,1.013659477E1,-4.445864677E0
3.279882989E1,-9.933205247E-1,9.866206169E0,-4.055834293E0
3.280120833E1,-6.128616929E-1,9.698409081E0,-3.433401346E0
3.280358599E1,-6.607181430E-1,9.473484039E0,-3.177070379E0
3.280596364E1,-8.210372925E-1,9.188439369E0,-3.181855917E0
3.280834208E1,-9.933205247E-1,9.011369705E0,-3.179463148E0
3.281072052E1,-1.170688510E0,8.843872070E0,-3.229712248E0
3.281309817E1,-1.161117196E0,8.671588898E0,-3.071786165E0
3.281547588E1,-9.981061220E-1,8.606683731E0,-2.801098108E0
3.281785432E1,-7.707880139E-1,8.561220169E0,-2.614457846E0
3.282023276E1,-5.889334679E-1,8.446364403E0,-2.384746790E0
3.282261041E1,-4.402793646E-1,8.343473434E0,-2.169093609E0
3.282498807E1,-3.517449200E-1,8.207082748E0,-2.008774519E0
3.282736651E1,-3.182454109E-1,8.125726700E0,-1.810170293E0
3.282974494E1,-2.823530734E-1,8.029714584E0,-1.647159338E0
3.283212260E1,-3.421736360E-1,7.895716667E0,-1.460519075E0
3.283450026E1,-3.852444589E-1,7.828717709E0,-1.407876968E0
3.283687869E1,-4.426721931E-1,7.857431412E0,-1.383948803E0
3.283925713E1,-5.578267574E-1,7.890930653E0,-1.338485122E0
3.284163479E1,-5.554339290E-1,7.881359577E0,-1.273878932E0
3.284401250E1,-4.953143001E-1,7.771289825E0,-1.357627749E0
3.284639093E1,-5.458626747E-1,7.709076405E0,-1.206879973E0
3.284876937E1,-6.559324861E-1,7.716254711E0,-1.168295622E0
3.285114703E1,-6.080760360E-1,7.833503246E0,-1.089332461E0
3.285352468E1,-6.966105103E-1,8.003393173E0,-1.661516190E0
3.285590312E1,-9.885348678E-1,7.895716667E0,-2.154736757E0
3.285828156E1,-1.381256819E0,7.721040249E0,-3.927220106E-1
3.286065921E1,-1.606182218E0,7.575078487E0,-4.597210586E-1
3.286303692E1,-1.702194214E0,7.675576687E0,-7.950153351E-1
3.286541536E1,-1.778764486E0,7.900502205E0,-8.141579032E-1
3.286779380E1,-1.917548299E0,8.417651176E0,-3.496512175E-1
3.287017145E1,-1.795514345E0,8.683553696E0,-1.247258782E-1
3.287254911E1,-1.625324726E0,8.582756042E0,-1.175474152E-1
3.287492755E1,-2.027618170E0,8.283653259E0,-1.202094316E0
3.287730598E1,-2.116152525E0,8.108976364E0,-1.750349760E0
3.287968364E1,-1.953440547E0,8.015357971E0,-1.965703845E0
3.288206130E1,-1.570289850E0,7.948358536E0,-1.575374603E0
3.288443974E1,-1.055533886E0,8.175975800E0,-6.586244106E-1
3.288681817E1,-1.043569803E0,8.829515457E0,-3.978965044E0
3.288919583E1,-1.366899967E0,7.922037601E0,-3.935894251E0
3.289157354E1,-2.394019127E0,7.914859295E0,-2.116451740E0
3.289395198E1,-2.913560629E0,7.613363266E0,-2.012962103E-1
3.289633041E1,-3.035594702E0,7.709076405E0,-4.785645287E-3
3.289870807E1,-2.848954439E0,8.216653824E0,-6.251249313E-1
3.290108572E1,-2.501696110E0,8.594719887E0,-1.324128270E0
3.290346416E1,-1.805085540E0,8.973084450E0,-1.925025821E0
3.290584260E1,-9.358927608E-1,9.552447319E0,-4.214358926E-1
3.290822026E1,-1.453041553E0,9.461520195E0,-2.561815739E0
3.291059791E1,-1.438684583E0,9.787242889E0,-6.457031727E0
3.291297635E1,-1.630409479E0,8.216653824E0,-4.850550652E0
3.291535479E1,-1.812264085E0,7.397710323E0,-3.028715372E0
3.291773244E1,-1.893620014E0,7.630113125E0,-1.630409479E0
3.292011015E1,-1.591825247E0,8.166404724E0,-1.783849239E0
3.292248859E1,-1.357328653E0,8.702695847E0,-2.248056889E0
3.292486703E1,-1.264008522E0,8.906085968E0,-2.897109985E0
3.292724468E1,-9.191430211E-1,9.217452049E0,-2.937788010E0
3.292962234E1,-1.103689432E0,9.205188751E0,-2.786741018E0
3.293200078E1,-1.608574986E0,1.013420200E1,-1.822134495E0
3.293437921E1,-2.089831591E0,9.652945518E0,-2.619243383E0
3.293675687E1,-2.228914261E0,9.291629791E0,-4.546362877E0
3.293913453E1,-1.905584097E0,9.025727272E0,-4.754837513E0
3.294151296E1,-1.505683661E0,8.788837433E0,-4.543970108E0
3.294389140E1,-1.187438250E0,8.618648529E0,-4.213760853E0
3.294626906E1,-1.060319543E0,8.503792763E0,-3.971786499E0
3.294864677E1,-9.119645357E-1,8.460721970E0,-3.730111361E0
3.295102520E1,-7.492526174E-1,8.341080666E0,-3.639184237E0
3.295340364E1,-8.377870321E-1,8.398508072E0,-3.572185040E0
3.295578130E1,-8.521439433E-1,9.085547447E0,-2.856132984E0
3.295815895E1,-2.727817893E-1,9.631410599E0,-5.973382473E0
3.296053739E1,-1.041176915E0,9.126225471E0,-5.621338367E0
3.296291583E1,-2.046760559E0,7.438388348E0,-3.189034462E0
3.296529349E1,-2.666800737E0,6.916453838E0,-1.345663667E0
3.296767114E1,-2.966202736E0,7.924430370E0,-7.064808607E-1
3.297004958E1,-2.583052158E0,8.968298912E0,-1.675873160E0
3.297242807E1,-2.058724880E0,9.497411728E0,-2.573779821E0
3.297480572E1,-1.836192250E0,9.662516594E0,-3.100499868E0
3.297718338E1,-1.805085540E0,9.619445801E0,-3.265604734E0
3.297956182E1,-2.417947292E0,9.851848602E0,-3.229712248E0
3.298194026E1,-2.887239695E0,9.997811317E0,-3.026322365E0
3.298431791E1,-2.353341103E0,9.703194618E0,-2.887538671E0
3.298669557E1,-1.915155411E0,9.428020477E0,-2.846561670E0
3.298907401E1,-1.776371717E0,9.183652878E0,-2.923431158E0
3.299145244E1,-1.747657895E0,9.004191399E0,-2.774776936E0
3.299383010E1,-2.197807550E0,9.643374443E0,-2.243271112E0
3.299620781E1,-2.956631422E0,9.650552750E0,-8.476574421E-1
3.299858625E1,-2.693121910E0,9.643374443E0,-2.276770830E0
3.300096468E1,-2.228914261E0,9.277272224E0,-2.628814697E0
3.300334234E1,-1.826620936E0,9.008976936E0,-2.753241539E0
3.300572000E1,-1.632802367E0,8.898907661E0,-2.736491680E0
3.300809843E1,-1.596610904E0,8.779266357E0,-2.509173632E0
3.301047687E1,-1.591825247E0,8.721838951E0,-2.365604401E0
3.301285453E1,-1.783550143E0,8.805587769E0,-2.288734913E0
3.301523218E1,-1.896012783E0,8.961120605E0,-1.994417667E0
3.301761062E1,-2.322234392E0,9.114261627E0,-2.118844509E0
3.301998906E1,-2.815454960E0,9.643374443E0,-9.337990284E-1
3.302236671E1,-3.217449188E0,1.042642593E1,-4.012763500E0
3.302474442E1,-2.544766903E0,1.003848934E1,-5.164309502E0
3.302712286E1,-2.219342947E0,9.719944954E0,-2.772384167E0
3.302950130E1,-2.197807550E0,8.807980537E0,-2.583351135E0
3.303187895E1,-2.187937260E0,7.809575081E0,7.707880139E-1
3.303425661E1,-2.573480844E0,7.682755470E0,-6.729813665E-2
3.303663505E1,-2.346162558E0,8.417651176E0,-1.651944876E0
3.303901349E1,-1.881655931E0,8.791230202E0,-2.549851656E0
3.304139114E1,-2.152044773E0,9.487840652E0,-2.133201361E0
3.304376880E1,-2.154437780E0,9.219844818E0,-2.216950178E0
3.304614724E1,-1.620539188E0,8.958727837E0,-3.406781197E0
3.304852567E1,-1.261615753E0,8.570791245E0,-3.675076485E0
3.305090333E1,-1.041176915E0,8.264510155E0,-3.610470295E0
3.305328104E1,-1.130010486E0,8.477471352E0,-3.177070379E0
3.305565948E1,-2.056331873E0,8.657232285E0,-2.090130568E0
3.305803791E1,-1.879263043E0,8.671588898E0,-3.143570662E0
3.306041557E1,-1.543968797E0,8.384151459E0,-3.565006733E0
3.306279322E1,-1.134796143E0,8.161619186E0,-3.610470295E0
3.306517166E1,-1.065105200E0,7.773682594E0,-3.612863064E0
3.306755010E1,-1.398006678E0,8.544470787E0,-3.100499868E0
3.306992776E1,-1.718943954E0,8.870193481E0,-1.927418590E0
3.307230546E1,-1.316650629E0,8.872586250E0,-3.289532900E0
3.307468390E1,-9.502496719E-1,8.432007790E0,-3.794717550E0
3.307706234E1,-4.737788737E-1,8.166404724E0,-3.811467409E0
3.307944000E1,-4.019941986E-1,8.118548393E0,-3.710968733E0
3.308181765E1,-7.540382147E-1,8.221439362E0,-3.356531858E0
3.308419609E1,-1.019641519E0,8.403293610E0,-3.361317635E0
3.308657453E1,-1.144367456E0,8.549256325E0,-3.320639610E0
3.308895218E1,-1.074975610E0,8.657232285E0,-3.256033421E0
3.309132984E1,-1.000499010E0,8.781659126E0,-3.279961586E0
3.309370828E1,-1.144367456E0,9.270093918E0,-1.874776483E0
3.309608671E1,-1.254437327E0,9.178867340E0,-2.702992201E0
3.309846437E1,-1.299900889E0,9.087940216E0,-3.720540047E0
3.310084208E1,-9.550353289E-1,8.863015175E0,-3.744468451E0
3.310322052E1,-4.019941986E-1,8.657232285E0,-3.787539244E0
3.310559895E1,-2.321037948E-1,8.613862038E0,-3.655933857E0
3.310797661E1,-3.900300860E-1,8.693124771E0,-3.466900826E0
3.311035427E1,-5.769693851E-1,8.810373306E0,-3.390031576E0
3.311273270E1,-6.678966284E-1,8.882157326E0,-3.334996462E0
3.311511114E1,-7.229315639E-1,8.896514893E0,-3.287140131E0
3.311748880E1,-7.348956466E-1,8.925228119E0,-3.330210924E0
3.311986645E1,-7.827520967E-1,8.934800148E0,-3.320639610E0
3.312224489E1,-7.923234105E-1,8.884550095E0,-3.346960783E0
3.312462333E1,-8.234301209E-1,8.886942863E0,-3.291925669E0
3.312700098E1,-8.617152572E-1,8.846264839E0,-3.256033421E0
3.312937869E1,-9.023932219E-1,8.824729919E0,-3.217748165E0
3.313175713E1,-9.574281573E-1,8.800801277E0,-3.141177893E0
3.313413557E1,-1.017248750E0,8.750552177E0,-3.081357241E0
3.313651322E1,-1.079761267E0,8.731410027E0,-2.954537868E0
3.313889088E1,-1.096511006E0,8.688339233E0,-2.875574589E0
3.314126932E1,-1.110867858E0,8.690732002E0,-2.781955481E0
3.314364776E1,-1.151545882E0,8.678768158E0,-2.664707184E0
3.314602541E1,-1.220937729E0,8.637790680E0,-2.609672308E0
3.314840307E1,-1.165902853E0,8.647361755E0,-2.437388897E0
3.315078151E1,-1.146760225E0,8.640183449E0,-2.334497690E0
3.315315994E1,-1.153938770E0,8.601898193E0,-2.312962294E0
3.315553760E1,-1.197009563E0,8.613862038E0,-2.271985054E0
3.315791531E1,-1.177866936E0,8.635397911E0,-2.188236237E0
3.316029375E1,-1.055533886E0,8.662017822E0,-2.130808592E0
3.316267218E1,-9.167501926E-1,8.669196129E0,-2.066202402E0
3.316504984E1,-8.306085467E-1,8.695517540E0,-2.068595171E0
3.316742750E1,-7.253243923E-1,8.769695282E0,-2.047059774E0
3.316980593E1,-6.655037999E-1,8.843872070E0,-2.051845312E0
3.317218437E1,-5.410770178E-1,8.925228119E0,-2.056631088E0
3.317456203E1,-4.235295951E-1,9.059226990E0,-2.090130568E0
3.317693974E1,1.366899908E-1,1.017248726E1,-2.279163599E0
3.317931817E1,9.505487680E-1,1.039053345E1,-7.000501633E0
3.318169661E1,5.264209956E-2,8.810373306E0,-2.523530483E0
3.318407427E1,-1.197009563E0,7.692326546E0,3.756731451E-1
3.318645192E1,-1.795514345E0,7.809575081E0,8.210372925E-1
3.318883036E1,-5.338985324E-1,9.406484604E0,-1.884347796E0
3.319120880E1,8.261220455E-1,1.033041382E1,-3.270390272E0
3.319358645E1,1.125224829E0,1.026341438E1,-3.351746321E0
3.319596411E1,7.998009920E-1,9.981060982E0,-3.349353552E0
3.319834255E1,4.238287210E-1,9.739087105E0,-3.531507015E0
3.320072099E1,2.826521695E-1,9.600303650E0,-3.615255833E0
3.320309864E1,2.850449979E-1,9.578767776E0,-3.734897137E0
3.320547635E1,4.046861231E-1,9.566803932E0,-3.718147278E0
3.320785479E1,4.884349108E-1,9.593125343E0,-3.818645954E0
3.321023322E1,5.578267574E-1,9.595518112E0,-3.868895054E0
3.321261088E1,5.985047817E-1,9.597910881E0,-3.947858334E0
3.321498854E1,5.865406394E-1,9.590732574E0,-3.938287020E0
3.321736698E1,6.008976102E-1,9.557232857E0,-3.883252144E0
3.321974541E1,6.179464459E-1,9.516554832E0,-3.830610037E0
3.322212307E1,5.937191248E-1,9.485447884E0,-3.696611881E0
3.322450078E1,5.865406394E-1,9.387342453E0,-3.600898981E0
3.322687921E1,6.275177598E-1,9.341878891E0,-3.447758436E0
3.322925765E1,6.323033571E-1,9.308379173E0,-3.344567776E0
3.323163531E1,6.370890141E-1,9.322735786E0,-3.167499065E0
3.323401296E1,6.394818425E-1,9.315557480E0,-3.122035265E0
3.323639140E1,6.729813814E-1,9.339486122E0,-3.043072224E0
3.323876984E1,6.777670383E-1,9.372985840E0,-3.023929596E0
3.324114750E1,6.753742099E-1,9.506983757E0,-3.052643538E0
3.324352515E1,6.418746710E-1,9.652945518E0,-3.119642496E0
3.324590359E1,6.610172391E-1,9.830313683E0,-3.212962627E0
3.324828203E1,6.490531564E-1,1.004806042E1,-3.282354355E0
3.325065968E1,6.370890141E-1,1.029212856E1,-3.387638569E0
3.325303739E1,6.299105883E-1,1.050299549E1,-3.486043453E0
3.325541583E1,6.251249313E-1,1.071595669E1,-3.588934898E0
3.325779427E1,6.418746710E-1,1.090528965E1,-3.699004650E0
3.326017192E1,6.658028960E-1,1.104885864E1,-3.809074640E0
3.326254958E1,6.969096065E-1,1.117807102E1,-3.904787540E0
3.326492802E1,7.423732281E-1,1.124746323E1,-4.019941807E0
3.326730645E1,6.466603279E-1,1.126181984E1,-4.316651821E0
3.326968411E1,6.586244106E-1,1.123071289E1,-4.479363918E0
3.327206177E1,7.208378315E-1,1.116371441E1,-4.400400639E0
3.327444020E1,7.351947427E-1,1.106560802E1,-4.218546391E0
3.327681864E1,7.495517135E-1,1.090768242E1,-4.266402721E0
3.327919630E1,6.705885530E-1,1.077338505E1,-4.311866283E0
3.328157401E1,6.299105883E-1,1.062742233E1,-4.101297855E0
3.328395244E1,5.578267574E-1,1.042642593E1,-3.964607954E0
3.328633088E1,4.716851711E-1,1.026819992E1,-3.782753468E0
3.328870854E1,3.927220106E-1,1.009113121E1,-3.593720436E0
3.329108619E1,3.831507266E-1,9.904491425E0,-3.349353552E0
3.329346463E1,3.496512175E-1,9.700801849E0,-3.117249727E0
3.329584307E1,3.089732230E-1,9.485447884E0,-2.777169704E0
3.329822072E1,3.257229924E-1,9.224630356E0,-2.454138756E0
3.330059838E1,3.161516786E-1,9.037691116E0,-2.212164640E0
3.330297682E1,3.664009571E-1,8.829515457E0,-1.846062660E0
3.330535526E1,4.070789516E-1,8.580363274E0,-1.613659739E0
3.330773291E1,4.477569461E-1,8.369794846E0,-1.398305774E0
3.331011062E1,4.357928336E-1,8.175975800E0,-1.245165110E0
3.331248906E1,4.070789516E-1,7.962715626E0,-1.273878932E0
3.331486750E1,4.429712892E-1,7.811967850E0,-1.137188911E0
3.331724515E1,5.578267574E-1,7.668398380E0,-9.218349457E-1
3.331962281E1,6.152545214E-1,7.555935860E0,-7.184450030E-1
3.332200124E1,6.370890141E-1,7.414460182E0,-5.003990531E-1
3.332437968E1,6.801598072E-1,7.309175968E0,-3.376871049E-1
3.332675734E1,6.538388133E-1,7.175177574E0,-2.611167729E-1
3.332913500E1,6.032904387E-1,7.072286606E0,-1.486541033E-1
3.333151343E1,5.338985324E-1,7.050751209E0,-1.199402362E-1
3.333389192E1,5.051847100E-1,7.048357964E0,-3.828516230E-2
3.333626958E1,4.764707983E-1,7.105785847E0,1.435693540E-2
3.333864724E1,4.645066857E-1,7.261319637E0,9.571290761E-2
3.334102567E1,4.046861231E-1,7.462316513E0,6.939185411E-2
3.334340411E1,2.395813614E-1,7.737790108E0,1.435693651E-1
3.334578177E1,1.079761237E-1,7.984251022E0,2.464607358E-1
3.334815942E1,1.773679852E-1,8.290831566E0,1.004985496E-1
3.335053786E1,-4.785645287E-3,8.970691681E0,1.363908947E-1
3.335291630E1,-1.100698411E-1,9.363413811E0,2.392822653E-1
3.335529395E1,-1.052841991E-1,9.703194618E0,1.244267747E-1
3.335767166E1,-2.775674164E-1,1.060828018E1,-1.007976532E-1
3.336005010E1,-4.522434771E-1,1.101057339E1,-8.165507019E-2
3.336242854E1,-6.942176819E-1,1.133599758E1,-8.165507019E-2
3.336480619E1,-9.143573642E-1,1.151815128E1,-4.597210586E-1
3.336718385E1,-1.352542996E0,1.200867939E1,-3.616153300E-1
3.336956229E1,-1.771586061E0,1.202812099E1,-1.677966863E-1
3.337194072E1,-2.087438583E0,1.202572823E1,-4.022932947E-1
3.337431838E1,-2.695514679E0,1.225543976E1,-2.587239444E-1
3.337669604E1,-3.241377354E0,1.222672558E1,-2.587239444E-1
3.337907448E1,-3.765704632E0,1.220040417E1,-4.812564552E-1
3.338145291E1,-4.144069672E0,1.257847023E1,-3.855435550E-1
3.338383057E1,-4.373780727E0,1.291376495E1,-5.626124144E-1
3.338620828E1,-4.649254322E0,1.315573883E1,-8.835497499E-1
3.338858671E1,-4.919643402E0,1.346680546E1,-1.134796143E0
3.339096515E1,-5.135296345E0,1.372074413E1,-1.230808139E0
3.339334281E1,-5.300401211E0,1.391217041E1,-1.405484200E0
3.339572046E1,-5.441577911E0,1.402223969E1,-1.513161182E0
3.339809890E1,-5.501398563E0,1.415384483E1,-1.589731574E0
3.340047734E1,-5.556732178E0,1.416341591E1,-1.642373681E0
3.340285500E1,-5.676373482E0,1.418016624E1,-1.675873160E0
3.340523270E1,-5.748157978E0,1.424716473E1,-1.984846354E0
3.340761114E1,-5.819942951E0,1.423520088E1,-2.104487419E0
3.340998958E1,-5.793622017E0,1.418255901E1,-2.137987137E0
3.341236724E1,-5.618945599E0,1.405095387E1,-2.135594130E0
3.341474489E1,-5.118546963E0,1.379492188E1,-2.003988981E0
3.341712333E1,-4.596612453E0,1.350030518E1,-2.365604401E0
3.341950177E1,-4.158426762E0,1.312194061E1,-2.487638235E0
3.342187942E1,-3.890430450E0,1.262901878E1,-2.308176517E0
3.342425708E1,-3.796811342E0,1.223390388E1,-2.248056889E0
3.342663552E1,-3.727419376E0,1.183878899E1,-2.379961252E0
3.342901395E1,-3.720241070E0,1.147986603E1,-2.356033087E0
3.343139161E1,-3.777668715E0,1.096989536E1,-2.523530483E0
3.343376932E1,-3.947858334E0,1.049820995E1,-2.315355062E0
3.343614776E1,-3.998107433E0,1.007677460E1,-2.652743101E0
3.343852619E1,-3.885644913E0,9.686445236E0,-2.683849812E0
3.344090385E1,-3.655634880E0,9.451948166E0,-2.621636391E0
3.344328151E1,-3.320639610E0,9.262915611E0,-2.573779821E0
3.344565994E1,-2.920739174E0,8.858229637E0,-2.485245466E0
3.344803838E1,-2.245664120E0,7.981858253E0,-1.589731574E0
3.345041604E1,-1.893620014E0,7.914859295E0,-1.699801445E0
3.345279369E1,-1.781157374E0,8.010572433E0,-2.255235434E0
3.345517213E1,-1.852941990E0,8.161619186E0,-2.523530483E0
3.345755062E1,-1.972583175E0,8.446364403E0,-2.786741018E0
3.345992828E1,-2.010868311E0,8.705088615E0,-2.971287489E0
3.346230593E1,-1.910369754E0,8.824729919E0,-2.691028118E0
3.346468437E1,-2.049153566E0,8.836693764E0,-2.803490877E0
3.346706281E1,-2.140080690E0,8.939585686E0,-3.236890793E0
3.346944046E1,-2.104188442E0,9.028120041E0,-3.330210924E0
3.347181812E1,-2.104188442E0,9.178867340E0,-3.509971619E0
3.347419656E1,-2.111366987E0,9.344271660E0,-3.744468451E0
3.347657500E1,-1.896012783E0,9.157332420E0,-2.724527597E0
3.347895265E1,-1.750050664E0,9.401699066E0,-2.403889418E0
3.348133036E1,-1.730908036E0,9.320343018E0,-2.650350094E0
3.348370880E1,-1.974975944E0,9.576375008E0,-2.389532566E0
3.348608724E1,-2.104188442E0,9.914062500E0,-3.174677372E0
3.348846489E1,-2.195414782E0,1.031844902E1,-3.358924866E0
3.349084255E1,-2.382055044E0,1.061545849E1,-3.191427231E0
3.349322098E1,-2.973381281E0,1.008395290E1,-3.466900826E0
3.349559942E1,-3.327818155E0,9.581160545E0,-3.284747362E0
3.349797708E1,-3.174378395E0,9.827920914E0,-2.990430117E0
3.350035474E1,-3.176771164E0,9.418449402E0,-3.325425386E0
3.350273317E1,-3.121736288E0,9.011369705E0,-2.286342144E0
3.350511161E1,-3.112164974E0,9.135796547E0,-2.992822886E0
3.350748927E1,-3.195913792E0,8.898907661E0,-3.342175007E0
3.350986698E1,-3.265305519E0,8.949156761E0,-3.682255030E0
3.351224541E1,-3.457030535E0,8.654839516E0,-4.012763500E0
3.351462385E1,-3.382853031E0,8.510971069E0,-3.799503326E0
3.351700151E1,-3.323032379E0,8.621041298E0,-3.548256874E0
3.351937916E1,-3.227020502E0,8.865407944E0,-3.763610840E0
3.352175760E1,-3.016452074E0,9.135796547E0,-3.911965847E0
3.352413604E1,-3.332603693E0,8.563612938E0,-4.319045067E0
3.352651369E1,-3.315854073E0,8.269295692E0,-3.993621111E0
3.352889140E1,-3.219841957E0,8.439186096E0,-4.187439442E0
3.353126984E1,-3.373281717E0,8.381758690E0,-4.771587372E0
3.353364828E1,-3.485744476E0,8.393722534E0,-4.884049892E0
3.353602593E1,-2.578266382E0,8.834300995E0,-4.053441525E0
3.353840359E1,-1.659123421E0,9.114261627E0,-3.093321562E0
3.354078203E1,-1.644766450E0,8.817551613E0,-3.028715372E0
3.354316046E1,-1.958226204E0,8.269295692E0,-3.670290947E0
3.354553812E1,-2.178365946E0,7.955537319E0,-3.880859137E0
3.354791578E1,-2.128116608E0,7.934001446E0,-3.553042412E0
3.355029421E1,-1.896012783E0,8.123333931E0,-3.854538202E0
3.355267265E1,-1.750050664E0,8.142476082E0,-4.106083870E0
3.355505031E1,-1.417149186E0,8.544470787E0,-4.170690060E0
3.355742802E1,-1.314257860E0,8.202297211E0,-3.933501244E0
3.355980645E1,-1.512862086E0,7.495816231E0,-3.557828188E0
3.356218489E1,-1.453041553E0,7.201498985E0,-2.873181820E0
3.356456255E1,-9.789635539E-1,7.086643219E0,-3.174677372E0
3.356694020E1,-7.827520967E-1,6.935596466E0,-3.045464993E0
3.356931864E1,-7.612167001E-1,6.588637352E0,-2.204986095E0
3.357169708E1,-6.966105103E-1,7.333104134E0,-2.439781904E0
3.357407474E1,-8.186444640E-1,7.898109436E0,-2.686242580E0
3.357645244E1,-1.067797065E0,8.231010437E0,-2.940180779E0
3.357883088E1,-1.094118118E0,8.384151459E0,-3.210569859E0
3.358120927E1,-7.301099896E-1,8.350651741E0,-2.937788010E0
3.358358692E1,-6.200401783E-1,8.185546875E0,-2.909074068E0
3.358596463E1,-8.688937426E-1,7.979465485E0,-3.241676569E0
3.358834307E1,-5.051847100E-1,8.020143509E0,-2.961716175E0
3.359072151E1,-3.469592929E-1,8.072785378E0,-2.561815739E0
3.359309916E1,-4.929214716E-1,8.089534760E0,-2.561815739E0
3.359547682E1,-7.444669604E-1,8.106583595E0,-2.638386011E0
3.359785526E1,-9.741778970E-1,8.192725182E0,-2.659921408E0
3.360023369E1,-1.096511006E0,8.290831566E0,-2.674278498E0
3.360261135E1,-1.120439172E0,8.422436714E0,-2.729313374E0
3.360498906E1,-1.232901812E0,8.520542145E0,-2.897109985E0
3.360736750E1,-1.357328653E0,8.597112656E0,-3.064607620E0
3.360974593E1,-1.472184181E0,8.697910309E0,-3.208176851E0
3.361212359E1,-1.503290772E0,8.819944382E0,-3.363710403E0
3.361450124E1,-1.524826288E0,8.927620888E0,-3.509971619E0
3.361687968E1,-1.532004714E0,9.011369705E0,-3.636791229E0
3.361925812E1,-1.551147223E0,9.064012527E0,-3.737289906E0
3.362163578E1,-1.512862086E0,9.154939651E0,-3.806681633E0
3.362401348E1,-1.508076429E0,9.205188751E0,-3.864109516E0
3.362639192E1,-1.498505235E0,9.284450531E0,-3.907180309E0
3.362877031E1,-1.505683661E0,9.370592117E0,-4.012763500E0
3.363114796E1,-1.570289850E0,9.447162628E0,-4.122833252E0
3.363352567E1,-1.639980793E0,9.483055115E0,-4.235296249E0
3.363590411E1,-1.690230131E0,9.514162064E0,-4.309473515E0
3.363828255E1,-1.759621978E0,9.578767776E0,-4.409972191E0
3.364066020E1,-1.812264085E0,9.629017830E0,-4.496113777E0
3.364303786E1,-1.867298961E0,9.684052467E0,-4.541577339E0
3.364541630E1,-1.924726725E0,9.705587387E0,-4.565804482E0
3.364779474E1,-1.984547257E0,9.736694336E0,-4.529613495E0
3.365017239E1,-2.051546335E0,9.746265411E0,-4.496113777E0
3.365255010E1,-2.137687922E0,9.765408516E0,-4.429114819E0
3.365492854E1,-2.233700037E0,9.746265411E0,-4.311866283E0
3.365730698E1,-2.346162558E0,9.719944954E0,-4.173082829E0
3.365968463E1,-2.441875458E0,9.643374443E0,-4.027120590E0
3.366206229E1,-2.551945448E0,9.588339806E0,-3.890430450E0
3.366444072E1,-2.640479803E0,9.511769295E0,-3.744468451E0
3.366681916E1,-2.678765059E0,9.435198784E0,-3.612863064E0
3.366919682E1,-2.745764017E0,9.320343018E0,-3.469293833E0
3.367157453E1,-2.786741018E0,9.207581520E0,-3.387638569E0
3.367395296E1,-2.827419043E0,9.064012527E0,-3.275176048E0
3.367633140E1,-2.844168901E0,8.949156761E0,-3.244069338E0
3.367870906E1,-2.801098108E0,8.843872070E0,-3.220141172E0
3.368108671E1,-2.762812853E0,8.767302513E0,-3.236890793E0
3.368346515E1,-2.760420084E0,8.669196129E0,-3.260818958E0
3.368584359E1,-2.726621389E0,8.556434631E0,-3.282354355E0
3.368822124E1,-2.671586514E0,8.496614456E0,-3.296711445E0
3.369059890E1,-2.614158630E0,8.441578865E0,-3.277568817E0
3.369297734E1,-2.554338217E0,8.386544228E0,-3.260818958E0
3.369535578E1,-2.573480844E0,8.278866768E0,-3.282354355E0
3.369773343E1,-2.544766903E0,8.214261055E0,-3.279961586E0
3.370011114E1,-2.451446772E0,8.175975800E0,-3.296711445E0
3.370248958E1,-2.391626120E0,8.123333931E0,-3.315854073E0
3.370486802E1,-2.324627161E0,8.087141991E0,-3.346960783E0
3.370724567E1,-2.197807550E0,8.041678429E0,-3.203391314E0
3.370962333E1,-2.075474501E0,8.070392609E0,-3.057429075E0
3.371200177E1,-1.934298038E0,8.101798058E0,-2.997608662E0
3.371438020E1,-1.884048700E0,8.104190826E0,-2.973680258E0
3.371675786E1,-1.893620014E0,8.089534760E0,-2.952144861E0
3.371913552E1,-1.848156333E0,8.082356453E0,-2.880360365E0
3.372151395E1,-1.795514345E0,8.154440880E0,-2.686242580E0
3.372389244E1,-1.661516190E0,8.140083313E0,-2.501995087E0
3.372627010E1,-1.567897081E0,8.183154106E0,-2.458924294E0
3.372864776E1,-1.488933921E0,8.226224899E0,-2.523530483E0
3.373102619E1,-1.445863128E0,8.305188179E0,-2.557030201E0
3.373340463E1,-1.362114310E0,8.362615585E0,-2.499602318E0
3.373578229E1,-1.309472203E0,8.434400558E0,-2.456531525E0
3.373815994E1,-1.271187067E0,8.489435196E0,-2.387139797E0
3.374053838E1,-1.283151150E0,8.506185532E0,-2.382354021E0
3.374291682E1,-1.206580877E0,8.515756607E0,-2.418246269E0
3.374529448E1,-1.101296663E0,8.530113220E0,-2.415853500E0
3.374767218E1,-9.598209858E-1,8.558827400E0,-2.365604401E0
3.375005062E1,-8.330013752E-1,8.573184013E0,-2.332104683E0
3.375242906E1,-8.449655175E-1,8.563612938E0,-2.334497690E0
3.375480671E1,-8.521439433E-1,8.554041862E0,-2.308176517E0
3.375718437E1,-7.612167001E-1,8.580363274E0,-2.219342947E0
3.375956281E1,-6.583253145E-1,8.633005142E0,-2.149951220E0
3.376194124E1,-5.171487927E-1,8.702695847E0,-2.049452543E0
3.376431890E1,-3.469592929E-1,8.764909744E0,-1.951346874E0
3.376669661E1,-2.249253243E-1,8.836693764E0,-1.910668850E0
3.376907505E1,-8.374879509E-2,8.930013657E0,-1.819741607E0
3.377145348E1,-5.742774159E-2,8.994620323E0,-1.755135417E0
3.377383114E1,-3.349951655E-2,9.054440498E0,-1.690230131E0
3.377620880E1,6.251249462E-2,9.131011009E0,-1.572981834E0
3.377858724E1,7.447660714E-2,9.190832138E0,-1.498804331E0
3.378096567E1,2.392822690E-2,9.241379738E0,-1.400698543E0
3.378334333E1,-1.914258115E-2,9.303593636E0,-1.273878932E0
3.378572104E1,2.153540403E-2,9.370592117E0,-1.106082320E0
3.378809948E1,1.366899908E-1,9.490233421E0,-1.000798106E0
3.379047791E1,1.941177398E-1,9.516554832E0,-9.553344250E-1
3.379285557E1,1.821536273E-1,9.545269012E0,-9.577272534E-1
3.379523323E1,1.534397453E-1,9.497411728E0,-9.936196208E-1
3.379761166E1,8.165507019E-2,9.471091270E0,-9.936196208E-1
3.379999010E1,4.307080805E-2,9.451948166E0,-1.024726272E0
3.380236776E1,-3.110669367E-2,9.490233421E0,-9.912267923E-1
3.380474541E1,-8.374879509E-2,9.487840652E0,-9.409775138E-1
3.380712385E1,-1.914258152E-1,9.502198219E0,-8.524430394E-1
3.380950229E1,-2.775674164E-1,9.552447319E0,-7.758727670E-1
3.381187994E1,-3.828516304E-1,9.588339806E0,-7.328019142E-1
3.381425765E1,-4.594219327E-1,9.676874161E0,-6.801598072E-1
3.381663609E1,-5.362913609E-1,9.784850121E0,-6.128616929E-1
3.381901453E1,-6.631109715E-1,9.875777245E0,-5.362913609E-1
3.382139218E1,-7.468597889E-1,1.002891827E1,-4.214358926E-1
3.382376984E1,-8.162516356E-1,1.021555805E1,-3.400799036E-1
3.382614828E1,-8.976075649E-1,1.032323551E1,-2.347957194E-1
3.382852671E1,-9.478568435E-1,1.050538826E1,-1.247258782E-1
3.383090437E1,-9.646066427E-1,1.065852928E1,-2.153540403E-2
3.383328208E1,-9.311071038E-1,1.079252720E1,1.387837082E-1
3.383566052E1,-8.353942037E-1,1.090289593E1,3.397808075E-1
3.383803895E1,-6.320042610E-1,1.098185921E1,7.468597889E-1
3.384041661E1,-8.853443712E-2,1.122114182E1,1.587039590E0
3.384279427E1,5.554339290E-1,1.134796143E1,2.796312332E0
3.384517270E1,-1.483550072E-1,1.129771233E1,1.974975944E0
3.384755114E1,-7.612167001E-1,1.104885864E1,1.395613790E0
3.384992880E1,-1.541576028E0,1.092682457E1,3.804588020E-1
3.385230645E1,-1.951047778E0,1.096750259E1,-1.941177398E-1
3.385468489E1,-2.003689766E0,1.113260746E1,-2.539383173E-1
3.385706338E1,-1.793121457E0,1.135992527E1,-1.558325738E-1
3.385944104E1,-1.421934843E0,1.169521999E1,9.571290761E-2
3.386181869E1,-9.263214469E-1,1.203769207E1,3.541377485E-1
3.386419713E1,-5.386841893E-1,1.220518970E1,6.104688644E-1
3.386657557E1,-3.158525825E-1,1.234158134E1,7.588238716E-1
3.386895323E1,-9.571290575E-3,1.251625729E1,1.031605721E0
3.387133088E1,1.654038578E-1,1.272951698E1,8.473583460E-1
3.387370932E1,3.592225015E-1,1.282762337E1,5.985047817E-1
3.387608776E1,4.070789516E-1,1.274866009E1,4.139583111E-1
3.387846541E1,4.381856322E-1,1.288505077E1,-1.773679852E-1
3.388084312E1,6.753742099E-1,1.324905872E1,-4.046861231E-1
3.388322156E1,5.841478109E-1,1.319402409E1,-7.040880919E-1
3.388560000E1,7.878368497E-1,1.354098320E1,-1.110867858E0
3.388797765E1,8.691928387E-1,1.338784313E1,-1.587338686E0
3.389035531E1,6.370890141E-1,1.349551964E1,-2.202593327E0
3.389273374E1,6.562315822E-1,1.367976665E1,-2.688635349E0
3.389511218E1,5.913262963E-1,1.330409431E1,-3.145963669E0
3.389748984E1,5.291129351E-1,1.300947762E1,-3.425923824E0
3.389986755E1,3.855435550E-1,1.295683575E1,-4.302295208E0
3.390224598E1,4.788636267E-1,1.248754311E1,-5.077868938E0
3.390462442E1,-3.852444589E-1,1.167607689E1,-4.393222332E0
3.390700208E1,-9.119645357E-1,1.102253723E1,-4.960620403E0
3.390937974E1,-1.072582722E0,1.052692413E1,-5.374877930E0
3.391175817E1,-1.271187067E0,1.021316528E1,-5.662016392E0
3.391413661E1,-1.486541033E0,9.966704369E0,-6.004489422E0
3.391651427E1,-1.644766450E0,9.870991707E0,-6.425925255E0
3.391889192E1,-1.826620936E0,9.681659698E0,-6.667600155E0
3.392127036E1,-1.984547257E0,9.380164146E0,-6.760920525E0
3.392364885E1,-2.061117649E0,9.107083321E0,-6.765706062E0
3.392602651E1,-2.056331873E0,8.848658562E0,-6.662814617E0
3.392840416E1,-1.982154489E0,8.649754524E0,-6.514459610E0
3.393078260E1,-1.876870275E0,8.446364403E0,-6.394818306E0
3.393316104E1,-1.805085540E0,8.271688461E0,-6.301498413E0
3.393553869E1,-1.740479350E0,8.118548393E0,-6.167201042E0
3.393791635E1,-1.628016710E0,7.941180229E0,-5.975775242E0
3.394029479E1,-1.551147223E0,7.737790108E0,-5.724529266E0
3.394267322E1,-1.462612867E0,7.565506935E0,-5.465805054E0
3.394505088E1,-1.326221943E0,7.438388348E0,-5.233701229E0
3.394742859E1,-1.204187989E0,7.323532581E0,-5.058726311E0
3.394980703E1,-1.050748229E0,7.223034382E0,-4.829015255E0
3.395218546E1,-8.521439433E-1,7.187141895E0,-4.647160530E0
3.395456312E1,-6.463612318E-1,7.136892796E0,-4.445864677E0
3.395694078E1,-4.067798555E-1,7.101000309E0,-4.264009953E0
3.395931921E1,-1.914258152E-1,7.084250450E0,-4.077369690E0
3.396169765E1,7.178467698E-3,7.086643219E0,-3.928715706E0
3.396407531E1,1.965105534E-1,7.093822002E0,-3.809074640E0
3.396645302E1,3.161516786E-1,7.098607540E0,-3.641577005E0
3.396883145E1,4.453641176E-1,7.129714012E0,-3.466900826E0
3.397120989E1,5.769693851E-1,7.196712971E0,-3.308675528E0
3.397358755E1,7.256234884E-1,7.270890713E0,-3.167499065E0
3.397596520E1,8.141579032E-1,7.359425068E0,-3.150749207E0
3.397834364E1,8.859425783E-1,7.469494820E0,-3.124428272E0
3.398072208E1,9.529415965E-1,7.582256794E0,-3.038286448E0
3.398309974E1,1.024726272E0,7.680362701E0,-3.000001431E0
3.398547739E1,1.065404296E0,7.795217991E0,-2.978466034E0
3.398785583E1,1.077368379E0,7.869395256E0,-2.978466034E0
3.399023432E1,1.070189953E0,7.945965767E0,-3.031108141E0
3.399261198E1,1.074975610E0,8.067999840E0,-3.141177893E0
3.399498963E1,1.029511929E0,8.149654388E0,-3.275176048E0
3.399736807E1,9.864411354E-1,8.274081230E0,-3.368496180E0
3.399974651E1,9.816554785E-1,8.348258972E0,-3.378067255E0
3.400212416E1,9.960124493E-1,8.451150894E0,-3.289532900E0
3.400450182E1,9.433703423E-1,8.513363838E0,-3.287140131E0
3.400688026E1,7.998009920E-1,8.546863556E0,-3.373281717E0
3.400925869E1,7.064808607E-1,8.671588898E0,-3.378067255E0
3.401163635E1,5.889334679E-1,8.695517540E0,-3.370888948E0
3.401401406E1,4.046861231E-1,8.891729355E0,-3.270390272E0
3.401639250E1,2.371885478E-1,9.147761345E0,-3.200998545E0
3.401877093E1,1.079761237E-1,9.346664429E0,-3.193820000E0
3.402114859E1,2.539383173E-1,9.365806580E0,-3.100499868E0
3.402352624E1,3.735794425E-1,9.317950249E0,-3.098107100E0
3.402590468E1,4.381856322E-1,9.308379173E0,-3.110071182E0
3.402828312E1,3.807578981E-1,9.332307816E0,-3.043072224E0
3.403066078E1,2.491526604E-1,9.305986404E0,-2.973680258E0
3.403303848E1,7.926224917E-2,9.346664429E0,-3.014358282E0
3.403541692E1,-5.264209956E-2,9.545269012E0,-2.918645382E0
3.403779536E1,-1.483550072E-1,9.672088623E0,-2.990430117E0
3.404017302E1,1.196411345E-2,9.933204651E0,-2.743670225E0
3.404255067E1,-3.349951655E-2,1.010788059E1,-2.549851656E0
3.404492911E1,-1.196411345E-2,1.041206837E1,-2.200200319E0
3.404730755E1,-1.094118118E0,1.089571762E1,-2.829811811E0
3.404968520E1,-9.526425004E-1,1.112782192E1,-2.497209549E0
3.405206291E1,-1.041176915E0,1.080449200E1,-2.791526794E0
3.405444135E1,-9.382855892E-1,1.062981510E1,-2.813062191E0
3.405681979E1,-1.115653515E0,1.032323551E1,-3.160320520E0
3.405919744E1,-1.029212832E0,1.013420200E1,-2.968894720E0
3.406157510E1,-9.526425004E-1,1.020120144E1,-2.377568483E0
3.406395354E1,-1.151545882E0,1.016770172E1,-2.810669184E0
3.406633198E1,-1.266401410E0,1.011027431E1,-3.043072224E0
3.406870963E1,-1.558325768E0,1.005523872E1,-3.320639610E0
3.407108729E1,-1.714158297E0,9.997811317E0,-3.265604734E0
3.407346573E1,-1.041176915E0,1.033041382E1,-2.135594130E0
3.407584421E1,-1.177866936E0,1.012702370E1,-1.254736423E0
3.407822187E1,-1.476969719E0,1.043360424E1,-1.896311998E0
3.408059953E1,-1.738086581E0,1.039292622E1,-2.650350094E0
3.408297796E1,-1.783550143E0,1.023709393E1,-2.612065077E0
3.408535640E1,-1.852941990E0,1.005763149E1,-2.612065077E0
3.408773406E1,-1.986940145E0,1.003370380E1,-2.604886532E0
3.409011171E1,-1.898405671E0,1.006241703E1,-2.712563515E0
3.409249015E1,-1.714158297E0,1.004806042E1,-2.370389938E0
3.409486859E1,-1.647159338E0,9.973882675E0,-2.181057930E0
3.409724624E1,-1.817049742E0,9.825528145E0,-2.504388094E0
3.409962395E1,-1.998904228E0,9.736694336E0,-2.899502754E0
3.410200239E1,-1.958226204E0,9.576375008E0,-2.858525753E0
3.410438083E1,-2.291127682E0,9.392127991E0,-3.387638569E0
3.410675848E1,-2.171187401E0,9.317950249E0,-3.425923824E0
3.410913614E1,-1.824228168E0,9.195617676E0,-3.246462107E0
3.411151458E1,-1.591825247E0,9.243772507E0,-3.086143017E0
3.411389302E1,-1.412363529E0,9.337093353E0,-2.947359324E0
3.411627067E1,-1.328614831E0,9.420842171E0,-2.906681299E0
3.411864838E1,-1.244866014E0,9.442377090E0,-2.954537868E0
3.412102682E1,-1.158724308E0,9.428020477E0,-3.059821844E0
3.412340526E1,-1.053141117E0,9.411270142E0,-3.138785124E0
3.412578291E1,-9.502496719E-1,9.420842171E0,-3.174677372E0
3.412816057E1,-8.353942037E-1,9.418449402E0,-3.224926710E0
3.413053901E1,-7.827520967E-1,9.387342453E0,-3.248854876E0
3.413291744E1,-6.631109715E-1,9.411270142E0,-3.299104214E0
3.413529510E1,-5.817549825E-1,9.420842171E0,-3.363710403E0
3.413767281E1,-4.953143001E-1,9.449555397E0,-3.440579891E0
3.414005124E1,-4.139583111E-1,9.449555397E0,-3.500400543E0
3.414242968E1,-3.302095234E-1,9.461520195E0,-3.560220957E0
3.414480734E1,-2.153540403E-1,9.504590988E0,-3.610470295E0
3.414718500E1,3.089732230E-1,9.983454704E0,-6.669992924E0
3.414956343E1,1.055833027E-1,9.317950249E0,-3.471686602E0
3.415194187E1,-2.392822653E-1,8.860622406E0,-1.649552107E0
3.415431953E1,-1.698904037E-1,9.068798065E0,-2.688635349E0
3.415669718E1,8.644071966E-2,9.315557480E0,-3.327818155E0
3.415907562E1,3.855435550E-1,9.437591553E0,-3.663112402E0
3.416145406E1,6.008976102E-1,9.411270142E0,-3.734897137E0
3.416383171E1,6.705885530E-1,9.332307816E0,-3.794717550E0
3.416620942E1,7.328019142E-1,9.267701149E0,-3.718147278E0
3.416858786E1,8.021938205E-1,9.212666512E0,-3.682255030E0
3.417096630E1,7.830511928E-1,9.107083321E0,-3.557828188E0
3.417334395E1,8.404789567E-1,9.066405296E0,-3.486043453E0
3.417572161E1,8.428717852E-1,9.071190834E0,-3.425923824E0
3.417810005E1,1.034297585E0,9.032905579E0,-3.404388428E0
3.418047848E1,1.163509965E0,9.068798065E0,-3.397209883E0
3.418285614E1,9.290133715E-1,9.250951767E0,-3.332603693E0
3.418523385E1,7.471588850E-1,9.416056633E0,-3.267997503E0
3.418761229E1,1.139581800E0,9.351449966E0,-3.279961586E0
3.418999072E1,1.577767372E0,9.294022560E0,-3.021536827E0
3.419236838E1,1.620838284E0,9.164510727E0,-3.394817114E0
3.419474604E1,1.831705689E0,9.004191399E0,-3.627219915E0
3.419712448E1,2.008774519E0,8.944371223E0,-3.531507015E0
3.419950291E1,2.183450699E0,9.734301567E0,-2.078166485E0
3.420188057E1,2.068595171E0,9.459127426E0,-1.812563181E0
3.420425828E1,1.759921074E0,9.133403778E0,-4.058227062E0
3.420663671E1,1.908276081E0,8.853444099E0,-4.417150497E0
3.420901515E1,2.288734913E0,8.724231720E0,-4.086941242E0
3.421139281E1,2.540280342E0,8.700303078E0,-3.861716747E0
3.421377046E1,2.597707987E0,8.719446182E0,-3.828217030E0
3.421614890E1,2.937788010E0,9.162117958E0,-2.722134829E0
3.421852734E1,2.640778780E0,8.551649094E0,-2.480459690E0
3.422090500E1,1.958525300E0,8.863015175E0,-7.062715054E0
3.422328270E1,1.218844056E0,8.190332413E0,-3.816252947E0
3.422566114E1,1.273878932E0,8.601898193E0,-1.300199986E0
3.422803958E1,1.862812400E0,9.612267494E0,-2.216950178E0
3.423041724E1,2.463710070E0,1.038096237E1,-3.210569859E0
3.423279489E1,2.726920605E0,1.046710396E1,-3.720540047E0
3.423517333E1,2.635993242E0,1.033041382E1,-3.684647799E0
3.423755177E1,2.344068766E0,1.012463093E1,-3.624827147E0
3.423992942E1,2.094916344E0,1.000738239E1,-3.483650684E0
3.424230708E1,1.932204247E0,9.935597420E0,-3.334996462E0
3.424468552E1,1.786242127E0,9.890133858E0,-3.270390272E0
3.424706401E1,1.644766450E0,9.859027863E0,-3.162713289E0
3.424944166E1,1.549053550E0,9.863813400E0,-3.095714331E0
3.425181932E1,1.496411443E0,9.909276962E0,-3.026322365E0
3.425419776E1,1.446162224E0,9.923633575E0,-3.014358282E0
3.425657619E1,1.393520117E0,9.923633575E0,-2.940180779E0
3.425895385E1,1.321735382E0,9.885348320E0,-2.899502754E0
3.426133151E1,1.228415370E0,9.861420631E0,-2.825026274E0
3.426370994E1,1.134796143E0,9.818349838E0,-2.777169704E0
3.426608838E1,1.108475089E0,9.789635658E0,-2.753241539E0
3.426846604E1,1.046261668E0,9.784850121E0,-2.691028118E0
3.427084374E1,9.864411354E-1,9.727123260E0,-2.688635349E0
3.427322218E1,9.457631707E-1,9.686445236E0,-2.626421928E0
3.427560062E1,9.218349457E-1,9.703194618E0,-2.614457846E0
3.427797828E1,9.050851464E-1,9.655338287E0,-2.583351135E0
3.428035593E1,9.170492887E-1,9.676874161E0,-2.600100994E0
3.428273437E1,9.505487680E-1,9.672088623E0,-2.614457846E0
3.428511281E1,9.792626500E-1,9.674481392E0,-2.655135870E0
3.428749046E1,9.912267923E-1,9.669695854E0,-2.650350094E0
3.428986817E1,9.720842242E-1,9.684052467E0,-2.659921408E0
3.429224661E1,1.015154958E0,9.693623543E0,-2.640778780E0
3.429462505E1,9.553344250E-1,9.696016312E0,-2.669492722E0
3.429700270E1,1.074975610E0,9.729516029E0,-2.580958366E0
3.429938036E1,1.149153113E0,9.727123260E0,-2.195414782E0
3.430175880E1,1.812563181E0,1.006480980E1,-1.388734460E0
3.430413724E1,1.074975610E0,9.751050949E0,-2.063809633E0
3.430651489E1,1.773679852E-1,9.478269577E0,-4.055834293E0
3.430889260E1,2.156531364E-1,9.430413246E0,-3.797110319E0
3.431127104E1,1.674975827E-2,1.010070229E1,-3.346960783E0
3.431364948E1,3.687937856E-1,1.053170967E1,-3.117249727E0
3.431602713E1,9.792626500E-1,1.020359421E1,-3.074178934E0
3.431840479E1,1.312164068E0,9.722337723E0,-3.143570662E0
3.432078322E1,1.355234981E0,9.404091835E0,-3.093321562E0
3.432316166E1,1.328913927E0,9.248558998E0,-3.016751051E0
3.432553932E1,1.312164068E0,9.171689034E0,-2.944966555E0
3.432791703E1,1.336092353E0,9.164510727E0,-2.909074068E0
3.433029546E1,1.558624864E0,9.361021042E0,-2.686242580E0
3.433267390E1,2.073380709E0,1.015334511E1,-1.510768414E0
3.433505156E1,1.656730533E0,1.034746265E1,-1.467697620E0
3.433742921E1,1.508375525E0,9.940383911E0,-3.284747362E0
3.433980765E1,1.367199063E0,9.377771378E0,-3.777967930E0
3.434218609E1,1.513161182E0,8.872586250E0,-3.691826344E0
3.434456374E1,1.932204247E0,9.075976372E0,-3.550649643E0
3.434694140E1,2.161915302E0,9.035298347E0,-3.445365429E0
3.434931984E1,2.197807550E0,9.107083321E0,-3.212962627E0
3.435169833E1,2.087737799E0,9.246166229E0,-3.157927752E0
3.435407598E1,2.061416626E0,9.356235504E0,-3.172284603E0
3.435645364E1,2.061416626E0,9.461520195E0,-3.246462107E0
3.435883208E1,2.078166485E0,9.492626190E0,-3.222533941E0
3.436121052E1,2.140379906E0,9.590732574E0,-3.217748165E0
3.436358817E1,2.140379906E0,9.621838570E0,-3.212962627E0
3.436596583E1,2.159522533E0,9.614660263E0,-3.244069338E0
3.436834427E1,2.104487419E0,9.595518112E0,-3.239283562E0
3.437072276E1,2.032702923E0,9.595518112E0,-3.270390272E0
3.437310041E1,1.960918188E0,9.602696419E0,-3.301496983E0
3.437547807E1,1.877169371E0,9.638588905E0,-3.248854876E0
3.437785651E1,1.901097536E0,9.643374443E0,-3.210569859E0
3.438023494E1,1.874776483E0,9.662516594E0,-3.174677372E0
3.438261260E1,1.774278045E0,9.693623543E0,-3.282354355E0
3.438499026E1,1.695015788E0,9.715159416E0,-3.339782238E0
3.438736869E1,1.589731574E0,9.746265411E0,-3.327818155E0
3.438974713E1,1.517946839E0,9.755837440E0,-3.363710403E0
3.439212479E1,1.453340650E0,9.767801285E0,-3.378067255E0
3.439450250E1,1.357627749E0,9.746265411E0,-3.418745279E0
3.439688093E1,1.283450246E0,9.731908798E0,-3.433401346E0
3.439925937E1,1.187737346E0,9.710372925E0,-3.464508057E0
3.440163703E1,1.127617717E0,9.662516594E0,-3.454936743E0
3.440401468E1,1.077368379E0,9.636196136E0,-3.481257915E0
3.440639312E1,1.043868899E0,9.638588905E0,-3.471686602E0
3.440877156E1,9.936196208E-1,9.605089188E0,-3.435794115E0
3.441114921E1,9.433703423E-1,9.576375008E0,-3.428316593E0
3.441352692E1,9.098708034E-1,9.583553314E0,-3.418745279E0
3.441590536E1,8.835497499E-1,9.585947037E0,-3.483650684E0
3.441828380E1,7.710871100E-1,9.645767212E0,-3.495614767E0
3.442066145E1,7.998009920E-1,9.636196136E0,-3.512364626E0
3.442303911E1,7.519445419E-1,9.710372925E0,-3.438187122E0
3.442541755E1,1.242772222E0,1.034267712E1,-2.492423773E0
3.442779598E1,1.551446438E0,1.080209827E1,-1.197308660E0
3.443017364E1,1.596910000E0,1.042881870E1,-2.722134829E0
3.443255135E1,3.640081584E-1,9.463912964E0,-5.104189873E0
3.443492979E1,-5.503492057E-2,8.855836868E0,-5.851348877E0
3.443730822E1,3.137588799E-1,8.594719887E0,-4.941477776E0
3.443968588E1,7.232306600E-1,8.652147293E0,-4.103690624E0
3.444206354E1,8.261220455E-1,8.937192917E0,-3.844966888E0
3.444444198E1,8.333004713E-1,9.164510727E0,-3.933501244E0
3.444682041E1,8.548358679E-1,9.332307816E0,-4.019941807E0
3.444919807E1,8.739784956E-1,9.406484604E0,-4.118047714E0
3.445157578E1,8.787640929E-1,9.358628273E0,-4.122833252E0
3.445395421E1,9.409775138E-1,9.447162628E0,-4.084548473E0
3.445633265E1,9.529415965E-1,9.346664429E0,-4.106083870E0
3.445871031E1,9.433703423E-1,9.351449966E0,-4.113262177E0
3.446108796E1,9.337990284E-1,9.315557480E0,-4.041477680E0
3.446346640E1,9.816554785E-1,9.341878891E0,-3.947858334E0
3.446584484E1,1.029511929E0,9.320343018E0,-3.904787540E0
3.446822250E1,1.027119160E0,9.291629791E0,-3.900001764E0
3.447060020E1,1.046261668E0,9.286844254E0,-3.892823458E0
3.447297864E1,1.074975610E0,9.315557480E0,-3.864109516E0
3.447535708E1,1.137188911E0,9.327521324E0,-3.852145433E0
3.447773474E1,1.223629713E0,9.310771942E0,-3.770789385E0
3.448011239E1,1.288235903E0,9.351449966E0,-3.775574923E0
3.448249083E1,1.343270779E0,9.416056633E0,-3.737289906E0
3.448486927E1,1.369591832E0,9.418449402E0,-3.749253988E0
3.448724692E1,1.374377489E0,9.420842171E0,-3.710968733E0
3.448962458E1,1.391127229E0,9.430413246E0,-3.648755312E0
3.449200302E1,1.398305774E0,9.523733139E0,-3.679862022E0
3.449438151E1,1.362413406E0,9.652945518E0,-3.634398460E0
3.449675916E1,1.374377489E0,9.715159416E0,-3.579363585E0
3.449913682E1,1.338485122E0,9.844670296E0,-3.531507015E0
3.450151526E1,1.312164068E0,9.976275444E0,-3.500400543E0
3.450389369E1,1.324128270E0,1.013659477E1,-3.521935940E0
3.450627135E1,1.300199986E0,1.028255749E1,-3.550649643E0
3.450864901E1,1.273878932E0,1.042642593E1,-3.545864105E0
3.451102744E1,1.233201027E0,1.057956600E1,-3.531507015E0
3.451340593E1,1.130010486E0,1.071834946E1,-3.550649643E0
3.451578359E1,1.072582722E0,1.085474110E1,-3.565006733E0
3.451816124E1,9.505487680E-1,1.100578785E1,-3.586542130E0
3.452053968E1,8.428717852E-1,1.120917797E1,-3.593720436E0
3.452291812E1,7.639086246E-1,1.134556866E1,-3.509971619E0
3.452529578E1,6.777670383E-1,1.147986603E1,-3.380460262E0
3.452767343E1,5.602195859E-1,1.157318592E1,-3.244069338E0
3.453005187E1,4.046861231E-1,1.162343502E1,-3.153141975E0
3.453243031E1,3.041875660E-1,1.161147118E1,-3.081357241E0
3.453480796E1,1.247258782E-1,1.166172028E1,-2.983251572E0
3.453718567E1,-8.614161611E-2,1.164018440E1,-2.868396044E0
3.453956411E1,-2.392822653E-1,1.147029400E1,-2.698206663E0
3.454194255E1,-3.924229145E-1,1.132881927E1,-2.552244425E0
3.454432020E1,-3.972085714E-1,1.135035419E1,-2.542673111E0
3.454669786E1,-4.474578202E-1,1.108714390E1,-2.497209549E0
3.454907630E1,-3.996013701E-1,1.105842972E1,-2.391925335E0
3.455145474E1,-4.474578202E-1,1.092203903E1,-2.391925335E0
3.455383239E1,-3.780659735E-1,1.084277630E1,-2.231307030E0
3.455621010E1,-3.828516304E-1,1.073031425E1,-2.111665964E0
3.455858854E1,-2.608176768E-1,1.068006516E1,-2.025524378E0
3.456096698E1,-1.555334777E-1,1.061785126E1,-1.920240164E0
3.456334463E1,-2.823530734E-1,1.048146057E1,-1.755135417E0
3.456572229E1,-1.914258152E-1,1.040010452E1,-1.592124343E0
3.456810072E1,-1.268195957E-1,1.039771175E1,-1.443769336E0
3.457047916E1,-1.076770201E-1,1.034746265E1,-1.257129192E0
3.457285682E1,5.264209956E-2,1.030169964E1,-1.101296663E0
3.457523453E1,8.883354068E-2,1.024905777E1,-9.649057388E-1
3.457761296E1,1.435693540E-2,1.024187946E1,-8.404789567E-1
3.457999140E1,-4.067798331E-2,1.014616585E1,-6.200401783E-1
3.458236906E1,-1.579262912E-1,1.011266708E1,-4.405784607E-1
3.458474671E1,-2.105683982E-1,1.009591675E1,-2.563311160E-1
3.458712515E1,-1.746760458E-1,9.988240242E0,-1.486541033E-1
3.458950359E1,-3.014956415E-1,9.859027863E0,-5.503492057E-2
3.459188124E1,-3.421736360E-1,9.729516029E0,1.220339537E-1
3.459425895E1,-4.354937077E-1,9.657731056E0,1.938186288E-1
3.459663739E1,-6.870391965E-1,9.540482521E0,3.373879790E-1
3.459901583E1,-6.343970895E-1,9.456734657E0,4.594219327E-1
3.460139348E1,-7.325028181E-1,9.325128555E0,5.147559643E-1
3.460377114E1,-8.042874932E-1,9.258130074E0,4.713860750E-1
3.460614958E1,-9.765707254E-1,9.253344536E0,5.362913609E-1
3.460852802E1,-1.342971683E0,9.243772507E0,5.602195859E-1
3.461090567E1,-1.486541033E0,9.258130074E0,4.905286431E-1
3.461328338E1,-1.644766450E0,9.282057762E0,3.828516304E-1
3.461566182E1,-1.824228168E0,9.258130074E0,3.397808075E-1
3.461804026E1,-1.893620014E0,9.425627708E0,2.679961324E-1
3.462041791E1,-2.228914261E0,9.540482521E0,1.986042857E-1
3.462279557E1,-2.458625317E0,9.674481392E0,1.962114573E-1
3.462517401E1,-2.463410854E0,9.777671814E0,1.603191197E-1
3.462755244E1,-2.813062191E0,9.844670296E0,-4.067798331E-2
3.462993010E1,-3.026023388E0,9.993025780E0,-2.632104978E-2
3.463230781E1,-3.349353552E0,1.008873844E1,-1.510469317E-1
3.463468625E1,-3.650849104E0,1.014616585E1,-1.869392693E-1
3.463706468E1,-3.897608995E0,1.022273636E1,-1.510469317E-1
3.463944234E1,-4.199104786E0,1.012223816E1,-2.060818523E-1
3.464182000E1,-4.301996231E0,1.012223816E1,-8.644071966E-2
3.464419843E1,-4.627718925E0,1.011505985E1,-8.883354068E-2
3.464657687E1,-4.625326157E0,1.011984539E1,-3.828516230E-2
3.464895453E1,-4.819144726E0,1.022752190E1,1.674975827E-2
3.465133218E1,-4.965106964E0,1.017727280E1,-4.067798331E-2
3.465371062E1,-5.006083965E0,1.013659477E1,4.546362907E-2
3.465608911E1,-4.986642361E0,1.012941647E1,8.853443712E-2
3.465846677E1,-5.278865814E0,1.012702370E1,-3.589234129E-2
3.466084442E1,-5.688337803E0,1.004088211E1,8.374879509E-2
3.466322286E1,-5.803193092E0,9.847063065E0,-7.178467698E-3
3.466560130E1,-5.767300606E0,1.001456070E1,-1.510469317E-1
3.466797895E1,-5.199902534E0,1.038335514E1,5.219344497E-1
3.467035661E1,-5.702694416E0,1.014855862E1,7.037889361E-1
3.467273505E1,-5.985047817E0,1.011984539E1,6.894320250E-1
3.467511354E1,-5.927619934E0,9.767801285E0,4.019941986E-1
3.467749119E1,-5.769693375E0,9.897313118E0,1.316052526E-1
3.467986885E1,-5.590231895E0,1.006002426E1,9.571290575E-3
3.468224729E1,-5.611767292E0,9.945169449E0,1.196411327E-1
3.468462573E1,-5.707480431E0,9.861420631E0,2.344966233E-1
3.468700338E1,-5.611767292E0,9.775279045E0,2.703889608E-1
3.468938104E1,-5.451148987E0,9.765408516E0,2.799602449E-1
3.469175948E1,-5.140082359E0,9.655338287E0,2.009970993E-1
3.469413796E1,-4.661218643E0,9.322735786E0,-4.785645287E-3
3.469651562E1,-4.412065983E0,9.447162628E0,5.742774159E-2
3.469889328E1,-4.172783375E0,9.200403214E0,-2.153540403E-2
3.470127171E1,-3.725026608E0,8.633005142E0,-2.012962103E-1
3.470365015E1,-3.454637766E0,8.257331848E0,-3.233301640E-1
3.470602781E1,-3.600599766E0,8.231010437E0,-3.065803945E-1
3.470840546E1,-3.650849104E0,8.171190262E0,-3.592225015E-1
3.471078390E1,-3.600599766E0,8.132905006E0,-4.525425732E-1
3.471316239E1,-3.457030535E0,8.111370087E0,-6.032904387E-1
3.471554005E1,-3.076272726E0,7.984251022E0,-7.663014531E-1
3.471791770E1,-2.535195589E0,7.747361660E0,-9.816554785E-1
3.472029614E1,-2.532802820E0,7.902894974E0,-1.110867858E0
3.472267458E1,-2.530410051E0,7.936394691E0,-1.221236825E0
3.472505224E1,-2.482553482E0,7.965108395E0,-1.398305774E0
3.472742994E1,-2.298306227E0,8.003393173E0,-1.570588946E0
3.472980838E1,-2.006082773E0,8.036892891E0,-1.711765528E0
3.473218682E1,-1.790728688E0,8.082356453E0,-1.723729610E0
3.473456448E1,-1.517647743E0,7.957930088E0,-1.872383714E0
3.473694213E1,-1.364507079E0,7.898109436E0,-2.097309113E0
3.473932057E1,-1.340578914E0,7.914859295E0,-2.293520451E0
3.474169901E1,-1.278365493E0,7.998608112E0,-2.346461773E0
3.474407666E1,-1.211366415E0,8.094619751E0,-2.188236237E0
3.474645432E1,-1.072582722E0,8.250153542E0,-2.106880426E0
3.474883276E1,-8.904291391E-1,8.441578865E0,-2.011167526E0
3.475121119E1,-7.779664397E-1,8.616254807E0,-1.889133453E0
3.475358885E1,-5.171487927E-1,8.175975800E0,-1.958525300E0
3.475596656E1,-3.708875179E-1,8.589934349E0,-1.913061738E0
3.475834500E1,-4.139583111E-1,8.889336586E0,-1.795813441E0
3.476072343E1,-4.426721931E-1,9.126225471E0,-2.020738840E0
3.476310109E1,-5.482555032E-1,9.272486687E0,-2.193022013E0
3.476547874E1,-5.841478109E-1,9.437591553E0,-2.348854542E0
3.476785718E1,-4.857429862E-1,9.109476089E0,-2.597707987E0
3.477023562E1,-3.924229145E-1,9.363413811E0,-2.769991398E0
3.477261328E1,-5.219344497E-1,9.643374443E0,-2.525923491E0
3.477499098E1,-8.114659786E-1,9.700801849E0,-2.688635349E0
3.477736942E1,-1.316650629E0,9.418449402E0,-2.408675194E0
3.477974786E1,-1.594218135E0,9.131011009E0,-2.181057930E0
3.478212552E1,-1.560718536E0,9.227023125E0,-2.204986095E0
3.478450317E1,-1.750050664E0,8.798408508E0,-2.271985054E0
3.478688161E1,-1.948654890E0,7.989036560E0,-2.439781904E0
3.478926010E1,-1.874477386E0,8.135297775E0,-2.281556368E0
3.479163776E1,-1.666301847E0,8.290831566E0,-1.956132531E0
3.479401541E1,-1.864906192E0,7.902894974E0,-2.291127682E0
3.479639385E1,-1.955833435E0,7.407281399E0,-2.324926376E0
3.479877229E1,-1.275972724E0,6.854240417E0,-2.173879385E0
3.480114994E1,-8.521439433E-1,6.835097790E0,-2.559422970E0
3.480352760E1,-9.693922997E-1,7.431210041E0,-2.592922449E0
3.480590604E1,-1.481755376E0,7.261319637E0,-2.566601276E0
3.480828448E1,-1.649552107E0,7.400103092E0,-2.413460732E0
3.481066213E1,-1.371685624E0,8.324331284E0,-1.822134495E0
3.481303984E1,-1.515254974E0,8.566005707E0,-2.475674152E0
3.481541828E1,-1.781157374E0,8.216653824E0,-2.341675997E0
3.481779671E1,-1.421934843E0,9.011369705E0,-1.537089467E0
3.482017437E1,-1.498505235E0,9.174081802E0,-2.219342947E0
3.482255203E1,-1.726122379E0,8.724231720E0,-2.377568483E0
3.482493046E1,-1.479362607E0,9.382556915E0,-2.090130568E0
3.482730890E1,-1.431506157E0,9.904491425E0,-2.748456001E0
3.482968656E1,-2.022832394E0,9.418449402E0,-3.713361740E0
3.483206427E1,-2.013261080E0,9.401699066E0,-3.584149122E0
3.483444270E1,-1.632802367E0,9.454340935E0,-2.635993242E0
3.483682114E1,-1.014855862E0,1.073270702E1,-2.063809633E0
3.483919880E1,-1.228116274E0,1.012702370E1,-3.007179976E0
3.484157645E1,-1.635195136E0,9.765408516E0,-3.181855917E0
3.484395489E1,-1.833799481E0,9.978668213E0,-3.483650684E0
3.484633333E1,-2.760420084E0,1.028255749E1,-4.290330887E0
3.484871099E1,-2.520838737E0,1.135753250E1,-4.177868366E0
3.485108869E1,-2.037189484E0,1.151097202E1,-3.935894251E0
3.485346713E1,-1.383649707E0,1.139821053E1,-3.167499065E0
3.485584557E1,-1.036391258E0,1.119721317E1,-2.590529680E0
3.485822322E1,-4.953143001E-1,1.156361485E1,-2.039881229E0
3.486060088E1,-5.000999570E-1,1.105364418E1,-3.078964472E0
3.486297932E1,-6.248258352E-1,1.060588741E1,-3.057429075E0
3.486535776E1,-4.689932466E-1,1.083320522E1,-2.449352980E0
3.486773541E1,-1.579262912E-1,1.101775169E1,-2.142772675E0
3.487011312E1,4.501497746E-1,1.142213917E1,-1.822134495E0
3.487249156E1,5.219344497E-1,1.042164040E1,-2.147558212E0
3.487487000E1,7.686942816E-1,9.770194054E0,-1.750349760E0
3.487724765E1,9.409775138E-1,1.070399284E1,-1.283450246E0
3.487962531E1,9.170492887E-1,1.060588741E1,-2.240878344E0
3.488200374E1,4.453641176E-1,1.034746265E1,-1.594517231E0
3.488438218E1,4.070789516E-1,1.013898754E1,-1.649552107E0
3.488675984E1,6.275177598E-1,1.097707367E1,-1.520339727E0
3.488913755E1,2.850449979E-1,1.063220787E1,-1.822134495E0
3.489151599E1,-6.699903309E-2,1.061306572E1,-1.321735382E0
3.489389442E1,-2.536391914E-1,9.971489906E0,-1.977667928E0
3.489627208E1,-2.392822653E-1,9.667302132E0,-1.424626827E0
3.489864974E1,-2.297109663E-1,9.588339806E0,-1.309771299E0
3.490102817E1,-4.378865361E-1,9.511769295E0,-1.496411443E0
3.490340666E1,-7.588238716E-1,9.209974289E0,-1.960918188E0
3.490578432E1,-5.024927482E-2,8.374580383E0,-1.987239242E0
3.490816198E1,-1.651047617E-1,8.764909744E0,-1.735693693E0
3.491054041E1,-3.613162339E-1,8.757730484E0,-1.798206210E0
3.491291885E1,-5.024927258E-1,8.662017822E0,-1.721336842E0
3.491529651E1,-8.210372925E-1,9.116654396E0,-2.190629244E0
3.491767416E1,-1.007677436E0,9.444769859E0,-2.437388897E0
3.492005260E1,-9.478568435E-1,9.748658180E0,-2.365604401E0
3.492243104E1,-6.296114326E-1,9.873384476E0,-2.078166485E0
3.492480869E1,-4.426721931E-1,9.468698502E0,-3.239283562E0
3.492718640E1,-2.967100143E-1,9.207581520E0,-2.860918522E0
3.492956484E1,-4.115654826E-1,8.944371223E0,-2.384746790E0
3.493194328E1,-5.985047817E-1,8.764909744E0,-2.090130568E0
3.493432093E1,-7.109674215E-1,8.681160927E0,-2.061416626E0
3.493669859E1,-6.726822853E-1,8.637790680E0,-2.224128723E0
3.493907703E1,-6.224330068E-1,8.695517540E0,-2.298306227E0
3.494145552E1,-5.434698462E-1,8.755337715E0,-2.370389938E0
3.494383317E1,-5.338985324E-1,8.786444664E0,-2.449352980E0
3.494621083E1,-4.977070987E-1,8.824729919E0,-2.506780863E0
3.494858927E1,-4.498506486E-1,8.872586250E0,-2.609672308E0
3.495096770E1,-4.163511395E-1,8.886942863E0,-2.647957325E0
3.495334536E1,-3.086741269E-1,8.944371223E0,-2.698206663E0
3.495572302E1,-3.373879790E-1,8.982656479E0,-2.755634308E0
3.495810145E1,-3.445664644E-1,9.011369705E0,-2.786741018E0
3.496047989E1,-3.708875179E-1,9.083154678E0,-2.767598391E0
3.496285755E1,-3.876372576E-1,9.121439934E0,-2.722134829E0
3.496523526E1,-4.187439680E-1,9.123832703E0,-2.726920605E0
3.496761369E1,-4.187439680E-1,9.176474571E0,-2.688635349E0
3.496999213E1,-4.426721931E-1,9.188439369E0,-2.626421928E0
3.497236979E1,-4.905286431E-1,9.178867340E0,-2.592922449E0
3.497474744E1,-5.219344497E-1,9.209974289E0,-2.547458887E0
3.497712588E1,-5.985047817E-1,9.176474571E0,-2.475674152E0
3.497950437E1,-6.726822853E-1,9.145368576E0,-2.444567442E0
3.498188203E1,-6.774678826E-1,9.111868858E0,-2.382354021E0
3.498425968E1,-7.396813035E-1,9.078369141E0,-2.339283228E0
3.498663812E1,-7.731808424E-1,9.064012527E0,-2.267199516E0
3.498901656E1,-7.995018363E-1,9.059226990E0,-2.267199516E0
3.499139421E1,-8.042874932E-1,9.023334503E0,-2.204986095E0
3.499377187E1,-8.114659786E-1,8.987442017E0,-2.173879385E0
3.499615031E1,-8.377870321E-1,8.889336586E0,-2.104487419E0
3.499852880E1,-8.928219676E-1,8.798408508E0,-2.027917147E0
3.500090645E1,-9.981061220E-1,8.700303078E0,-2.008774519E0
3.500328411E1,-1.077368379E0,8.618648529E0,-2.003988981E0
3.500566255E1,-1.161117196E0,8.604290962E0,-1.980060697E0
3.500804098E1,-1.185045362E0,8.525327682E0,-1.980060697E0
3.501041864E1,-1.055533886E0,8.570791245E0,-2.063809633E0
3.501279630E1,-1.077368379E0,8.503792763E0,-1.647159338E0
3.501517474E1,-6.678966284E-1,9.099904060E0,-2.032702923E0
3.501755322E1,-8.282157183E-1,8.779266357E0,-2.401496649E0
3.501993088E1,-1.752443433E0,7.649255753E0,-2.597707987E0
3.502230854E1,-1.998904228E0,7.560721397E0,-1.589731574E0
3.502468698E1,-1.939083695E0,7.831110477E0,-1.214058399E0
3.502706541E1,-1.795514345E0,8.044071198E0,-1.211665511E0
3.502944307E1,-1.661516190E0,8.116155624E0,-1.446162224E0
3.503182072E1,-1.654337764E0,8.087141991E0,-1.704586983E0
3.503419916E1,-1.716551185E0,8.032107353E0,-1.786242127E0
3.503657765E1,-1.790728688E0,8.017750740E0,-1.774278045E0
3.503895531E1,-1.819442511E0,7.969893932E0,-1.757528186E0
3.504133296E1,-1.840977907E0,7.996214867E0,-1.791027784E0
3.504371140E1,-1.800299883E0,8.032107353E0,-1.788634896E0
3.504608984E1,-1.726122379E0,7.986643791E0,-1.752742529E0
3.504846750E1,-1.029212832E0,7.282855034E0,-1.704586983E0
3.505084520E1,-1.465005636E0,7.670791149E0,-1.858026743E0
3.505322364E1,-2.195414782E0,8.142476082E0,-1.896311998E0
3.505560208E1,-2.195414782E0,8.324331284E0,-1.884347796E0
3.505797974E1,-1.948654890E0,8.537292480E0,-1.644766450E0
3.506035739E1,-1.615753531E0,8.295617104E0,-1.503589988E0
3.506273583E1,-1.551147223E0,8.104190826E0,-1.424626827E0
3.506511427E1,-1.673480392E0,7.979465485E0,-1.427019596E0
3.506749192E1,-1.752443433E0,7.979465485E0,-1.472483277E0
3.506986963E1,-1.738086581E0,8.039285660E0,-1.517946839E0
3.507224807E1,-1.706979871E0,8.048856735E0,-1.556231976E0
3.507462651E1,-1.644766450E0,8.092226982E0,-1.556231976E0
3.507700416E1,-1.620539188E0,8.070392609E0,-1.623231053E0
3.507938182E1,-1.625324726E0,8.087141991E0,-1.702194214E0
3.508176026E1,-1.579861164E0,8.140083313E0,-1.783849239E0
3.508413869E1,-1.551147223E0,8.130512238E0,-1.829312921E0
3.508651635E1,-1.510469317E0,8.123333931E0,-1.872383714E0
3.508889406E1,-1.500898004E0,8.171190262E0,-1.903490424E0
3.509127250E1,-1.450648785E0,8.211868286E0,-1.927418590E0
3.509365093E1,-1.438684583E0,8.240582466E0,-1.939382792E0
3.509602859E1,-1.426720500E0,8.278866768E0,-1.960918188E0
3.509840624E1,-1.433898926E0,8.324331284E0,-1.965703845E0
3.510078468E1,-1.429113269E0,8.436793327E0,-1.996810555E0
3.510316312E1,-1.414756417E0,8.496614456E0,-2.051845312E0
3.510554078E1,-1.431506157E0,8.546863556E0,-2.094916344E0
3.510791848E1,-1.417149186E0,8.604290962E0,-2.169093609E0
3.511029692E1,-1.438684583E0,8.683553696E0,-2.240878344E0
3.511267536E1,-1.417149186E0,8.740981102E0,-2.336890459E0
3.511505302E1,-1.431506157E0,8.824729919E0,-2.444567442E0
3.511743067E1,-1.448255897E0,8.915657043E0,-2.542673111E0
3.511980911E1,-1.476969719E0,8.992227554E0,-2.631207705E0
3.512218755E1,-1.515254974E0,9.059226990E0,-2.760420084E0
3.512456520E1,-1.500898004E0,9.123832703E0,-2.865704298E0
3.512694291E1,-1.558325768E0,9.219844818E0,-2.964108944E0
3.512932135E1,-1.596610904E0,9.265308380E0,-3.047857761E0
3.513169979E1,-1.644766450E0,9.334700584E0,-3.145963669E0
3.513407744E1,-1.711765528E0,9.380164146E0,-3.241676569E0
3.513645510E1,-1.793121457E0,9.428020477E0,-3.334996462E0
3.513883354E1,-1.862513304E0,9.502198219E0,-3.404388428E0
3.514121198E1,-1.963011861E0,9.557232857E0,-3.488436222E0
3.514358963E1,-2.077867270E0,9.605089188E0,-3.620041609E0
3.514596734E1,-2.185544491E0,9.681659698E0,-3.524328709E0
3.514834578E1,-2.319841623E0,9.755837440E0,-3.636791229E0
3.515072421E1,-2.444268227E0,9.777671814E0,-3.727718592E0
3.515310187E1,-2.606980324E0,9.815957069E0,-3.837788343E0
3.515547953E1,-2.808276415E0,9.906884193E0,-3.885644913E0
3.515785796E1,-2.985345364E0,9.921240807E0,-3.909573078E0
3.516023640E1,-3.169592619E0,9.959526062E0,-3.923929930E0
3.516261406E1,-3.356531858E0,9.947562218E0,-3.938287020E0
3.516499177E1,-3.509672642E0,9.971489906E0,-3.935894251E0
3.516737020E1,-3.631706476E0,1.000977516E1,-3.928715706E0
3.516974864E1,-3.753740549E0,1.003370380E1,-3.945465326E0
3.517212630E1,-3.866203070E0,1.006241703E1,-3.926322937E0
3.517450395E1,-3.978965044E0,1.003609657E1,-3.883252144E0
3.517688239E1,-4.053142548E0,1.000977516E1,-3.828217030E0
3.517926083E1,-4.060320854E0,9.940383911E0,-3.811467409E0
3.518163848E1,-4.081856251E0,9.904491425E0,-3.763610840E0
3.518401619E1,-4.144069672E0,9.906884193E0,-3.744468451E0
3.518639463E1,-4.144069672E0,9.868598938E0,-3.713361740E0
3.518877307E1,-4.117748737E0,9.792028427E0,-3.694219112E0
3.519115072E1,-4.062713623E0,9.727123260E0,-3.672683716E0
3.519352838E1,-4.002892971E0,9.679266930E0,-3.675076485E0
3.519590682E1,-3.916751623E0,9.640981674E0,-3.643969774E0
3.519828526E1,-3.870988846E0,9.588339806E0,-3.588934898E0
3.520066291E1,-3.820739508E0,9.511769295E0,-3.476472139E0
3.520304062E1,-3.751347780E0,9.471091270E0,-3.356531858E0
3.520541906E1,-3.681955814E0,9.404091835E0,-3.193820000E0
3.520779750E1,-3.619742393E0,9.346664429E0,-3.028715372E0
3.521017515E1,-3.552743435E0,9.291629791E0,-2.882753134E0
3.521255281E1,-3.437887907E0,9.250951767E0,-2.731706142E0
3.521493124E1,-3.363710403E0,9.183652878E0,-2.655135870E0
3.521730968E1,-3.286840916E0,9.171689034E0,-2.616850615E0
3.521968734E1,-3.162414312E0,9.152546883E0,-2.557030201E0
3.522206505E1,-3.076272726E0,9.107083321E0,-2.490031004E0
3.522444348E1,-2.997309446E0,9.087940216E0,-2.423032045E0
3.522682192E1,-2.920739174E0,9.049654961E0,-2.351247311E0
3.522919958E1,-2.865704298E0,9.028120041E0,-2.300698996E0
3.523157724E1,-2.839383125E0,9.080761909E0,-2.236092806E0
3.523395567E1,-2.813062191E0,9.154939651E0,-2.224128723E0
3.523633411E1,-2.789133787E0,9.303593636E0,-2.173879385E0
3.523871177E1,-2.748156786E0,9.566803932E0,-2.137987137E0
3.524108948E1,-2.638087034E0,9.906884193E0,-2.104487419E0
3.524346791E1,-2.518445730E0,1.034267712E1,-2.140379906E0
3.524584635E1,-2.396411896E0,1.093639565E1,-2.173879385E0
3.524822401E1,-2.271985054E0,1.153490067E1,-2.295913219E0
3.525060166E1,-2.132902384E0,1.218604755E1,-2.437388897E0
3.525298010E1,-1.977368832E0,1.289701462E1,-2.588136673E0
3.525535859E1,-1.814656854E0,1.360558987E1,-2.781955481E0
3.525773625E1,-1.647159338E0,1.429053497E1,-2.952144861E0
3.526011390E1,-1.532004714E0,1.486271858E1,-3.102892876E0
3.526249234E1,-1.472184181E0,1.535085487E1,-3.239283562E0
3.526487078E1,-1.409970760E0,1.561436462E1,-3.303889751E0
3.526724843E1,-1.376471281E0,1.570050621E1,-3.344567776E0
3.526962609E1,-1.326221943E0,1.563589954E1,-3.291925669E0
3.527200453E1,-1.273579836E0,1.547797298E1,-3.172284603E0
3.527438302E1,-1.141974568E0,1.514028645E1,-2.978466034E0
3.527676067E1,-9.837492108E-1,1.469970798E1,-2.729313374E0
3.527913833E1,-7.588238716E-1,1.418255901E1,-2.456531525E0
3.528151677E1,-4.833501875E-1,1.363669586E1,-2.106880426E0
3.528389520E1,-2.703889608E-1,1.309801197E1,-1.824527264E0
3.528627286E1,-9.571290761E-2,1.254497051E1,-1.570588946E0
3.528865052E1,-2.153540403E-2,1.209272766E1,-1.345663667E0
3.529102895E1,-5.264209956E-2,1.165932751E1,-1.247557878E0
3.529340744E1,-2.249253243E-1,1.116610718E1,-1.163509965E0
3.529578510E1,-4.618147612E-1,1.054128075E1,-1.108475089E0
3.529816276E1,-6.870391965E-1,1.004327488E1,-1.101296663E0
3.530054119E1,-8.736793399E-1,9.626625061E0,-1.130010486E0
3.530291963E1,-1.045962572E0,9.289237022E0,-1.197308660E0
3.530529729E1,-1.232901812E0,8.886942863E0,-1.326521039E0
3.530767494E1,-1.352542996E0,8.587541580E0,-1.498804331E0
3.531005338E1,-1.433898926E0,8.376973152E0,-1.668694735E0
3.531243187E1,-1.445863128E0,8.221439362E0,-1.757528186E0
3.531480953E1,-1.376471281E0,8.060821533E0,-1.764706731E0
3.531718718E1,-1.345364571E0,7.895716667E0,-1.704586983E0
3.531956562E1,-1.287936807E0,7.754539967E0,-1.639980793E0
3.532194406E1,-1.223330617E0,7.680362701E0,-1.582553029E0
3.532432171E1,-1.120439172E0,7.675576687E0,-1.520339727E0
3.532669942E1,-1.029212832E0,7.673183918E0,-1.470090389E0
3.532907786E1,-9.071788788E-1,7.716254711E0,-1.338485122E0
3.533145630E1,-8.162516356E-1,7.713861942E0,-1.252343535E0
3.533383395E1,-8.449655175E-1,7.670791149E0,-1.125224829E0
3.533621161E1,-8.401798606E-1,7.656434059E0,-1.046261668E0
3.533859005E1,-8.282157183E-1,7.675576687E0,-9.385846853E-1
3.534096849E1,-8.258228898E-1,7.661220074E0,-7.567301393E-1
3.534334614E1,-7.660023570E-1,7.759325504E0,-7.758727670E-1
3.534572385E1,-6.774678826E-1,7.900502205E0,-8.189435601E-1
3.534810229E1,-5.602195859E-1,8.104190826E0,-7.232306600E-1
3.535048073E1,-3.948157430E-1,8.341080666E0,-6.993024349E-1
3.535285838E1,-2.584248483E-1,8.594719887E0,-7.519445419E-1
3.535523604E1,-1.292124242E-1,8.841479301E0,-8.213363886E-1
3.535761448E1,-1.292124242E-1,8.908478737E0,-9.840483069E-1
3.535999291E1,-2.632104978E-2,9.227023125E0,-1.194915771E0
3.536237057E1,1.989033818E-1,9.626625061E0,-1.264307618E0
3.536474828E1,3.400799036E-1,9.892526627E0,-1.233201027E0
3.536712671E1,6.179464459E-1,1.057238770E1,-1.623231053E0
3.536950515E1,8.620143533E-1,1.104407310E1,-1.752742529E0
3.537188281E1,1.053440213E0,1.149422264E1,-1.848455548E0
3.537426046E1,1.300199986E0,1.206640625E1,-2.154736757E0
3.537663890E1,1.872383714E0,1.270319653E1,-2.446960211E0
3.537901734E1,2.032702923E0,1.320838070E1,-2.384746790E0
3.538139500E1,1.422233939E0,1.351466274E1,-3.632005692E0
3.538377270E1,1.704586983E0,1.404616833E1,-4.141975880E0
3.538615114E1,1.616052628E0,1.447238922E1,-4.625625134E0
3.538852958E1,1.352842093E0,1.463749409E1,-5.185844898E0
3.539090724E1,1.187737346E0,1.475952816E1,-5.477769375E0
3.539328489E1,1.003190875E0,1.478345680E1,-5.671587944E0
3.539566333E1,8.141579032E-1,1.466142273E1,-5.865705490E0
3.539804182E1,4.381856322E-1,1.434796238E1,-5.865705490E0
3.540041948E1,-3.828516230E-2,1.350748348E1,-6.042774677E0
3.540279713E1,-3.445664644E-1,1.300229931E1,-6.550352097E0
3.540517557E1,-4.857429862E-1,1.242293739E1,-6.595815659E0
3.540755401E1,-6.080760360E-1,1.192253780E1,-6.591030121E0
3.540993166E1,-6.559324861E-1,1.151575851E1,-6.097809315E0
3.541230932E1,-7.013961077E-1,1.115653515E1,-5.923133373E0
3.541468776E1,-7.037889361E-1,1.082841969E1,-5.726922035E0
3.541706624E1,-6.918248534E-1,1.054606628E1,-5.417948723E0
3.541944390E1,-6.870391965E-1,1.030887794E1,-5.166702271E0
3.542182156E1,-7.085745931E-1,1.008873844E1,-5.001298428E0
3.542420000E1,-6.894320250E-1,9.844670296E0,-4.723731041E0
3.542657843E1,-6.559324861E-1,9.576375008E0,-4.429114819E0
3.542895609E1,-6.128616929E-1,9.389735222E0,-4.256831646E0
3.543133374E1,-5.243272781E-1,9.265308380E0,-4.113262177E0
3.543371218E1,-4.713860750E-1,9.111868858E0,-3.971786499E0
3.543609067E1,-4.642075896E-1,8.975478172E0,-3.749253988E0
3.543846833E1,-4.905286431E-1,8.886942863E0,-3.519542933E0
3.544084598E1,-5.721837282E-1,8.764909744E0,-3.289532900E0
3.544322442E1,-6.224330068E-1,8.781659126E0,-3.162713289E0
3.544560286E1,-3.086741269E-1,9.166903496E0,-3.416352510E0
3.544798052E1,-2.081755698E-1,8.994620323E0,-3.136392355E0
3.545035822E1,-4.283152521E-1,8.647361755E0,-3.160320520E0
3.545273666E1,-4.977070987E-1,8.587541580E0,-3.466900826E0
3.545511510E1,-2.416750938E-1,8.987442017E0,-3.861716747E0
3.545749276E1,-6.699903309E-2,9.147761345E0,-3.636791229E0
3.545987041E1,-2.392822644E-3,8.992227554E0,-3.584149122E0
3.546224885E1,-1.244267747E-1,8.784051895E0,-3.105285645E0
3.546462729E1,-3.565305769E-1,8.652147293E0,-3.131606579E0
3.546700494E1,-4.881358147E-1,8.903693199E0,-3.191427231E0
3.546938265E1,-5.482555032E-1,9.664909363E0,-3.632005692E0
3.547176109E1,1.821536273E-1,9.475876808E0,-3.610470295E0
3.547413953E1,3.161516786E-1,9.107083321E0,-2.291127682E0
3.547651718E1,-9.571290575E-3,8.939585686E0,-2.396710873E0
3.547889484E1,-1.387837082E-1,9.102297783E0,-2.552244425E0
3.548127328E1,-1.698904037E-1,9.325128555E0,-2.655135870E0
3.548365171E1,-5.961119533E-1,9.466305733E0,-2.583351135E0
3.548602937E1,-5.865406394E-1,9.272486687E0,-2.238485575E0
3.548840708E1,-1.124626622E-1,9.528518677E0,-2.528316259E0
3.549078552E1,6.969095767E-2,9.590732574E0,-2.243271112E0
3.549316395E1,-5.982056633E-2,9.384949684E0,-2.085345030E0
3.549554161E1,-3.302095234E-1,9.291629791E0,-2.248056889E0
3.549791927E1,-5.578267574E-1,9.308379173E0,-2.403889418E0
3.550029770E1,-7.253243923E-1,9.425627708E0,-2.478066921E0
3.550267614E1,-1.342971683E0,9.753444672E0,-2.461317301E0
3.550505380E1,-1.132403374E0,1.026102161E1,-5.362913609E0
3.550743151E1,-1.340578914E0,1.020598698E1,-3.646362543E0
3.550980994E1,-1.441077471E0,9.447162628E0,-1.350449324E0
3.551218838E1,-1.599003673E0,8.951549530E0,-1.343270779E0
3.551456604E1,-1.493719578E0,8.853444099E0,-1.881955028E0
3.551694369E1,-1.359721422E0,8.973084450E0,-2.399103880E0
3.551932213E1,-1.867298961E0,9.617053032E0,-2.535494804E0
3.552170057E1,-2.377269268E0,9.966704369E0,-2.494816780E0
3.552407823E1,-2.367697954E0,9.657731056E0,-2.470888376E0
3.552645593E1,-2.020439625E0,9.550054550E0,-3.007179976E0
3.552883437E1,-1.805085540E0,9.325128555E0,-2.959323406E0
3.553121281E1,-1.637588024E0,9.138189316E0,-3.078964472E0
3.553359046E1,-1.663909078E0,8.894122124E0,-2.882753134E0
3.553596812E1,-1.848156333E0,8.688339233E0,-2.820240498E0
3.553834656E1,-2.401197433E0,8.769695282E0,-2.564208508E0
3.554072500E1,-2.125723839E0,8.601898193E0,-2.530709028E0
3.554310265E1,-1.764407635E0,9.075976372E0,-4.419543266E0
3.554548036E1,-2.032403708E0,9.528518677E0,-5.089832783E0
3.554785880E1,-2.583052158E0,8.958727837E0,-3.081357241E0
3.555023724E1,-2.231307030E0,8.173583031E0,-5.769693851E-1
3.555261489E1,-1.888834357E0,7.773682594E0,-1.082154036E0
3.555499260E1,-1.840977907E0,8.156833649E0,-1.577767372E0
3.555737104E1,-1.821835399E0,8.467900276E0,-1.774278045E0
3.555974948E1,-1.773978829E0,8.558827400E0,-2.149951220E0
3.556212713E1,-2.238485575E0,8.822337151E0,-2.257628202E0
3.556450479E1,-2.118545294E0,8.554041862E0,-2.197807550E0
3.556688323E1,-1.572682738E0,8.463114738E0,-2.758027315E0
3.556926166E1,-1.421934843E0,8.403293610E0,-3.009572744E0
3.557163932E1,-1.307079315E0,8.202297211E0,-3.229712248E0
3.557401703E1,-1.304686546E0,8.166404724E0,-3.339782238E0
3.557639546E1,-1.304686546E0,8.192725182E0,-3.440579891E0
3.557877390E1,-1.884048700E0,8.534899712E0,-3.294318676E0
3.558115156E1,-1.697408557E0,8.250153542E0,-3.344567776E0
3.558352921E1,-1.398006678E0,8.178368568E0,-3.773182154E0
3.558590765E1,-1.230509043E0,7.914859295E0,-3.342175007E0
3.558828609E1,-6.678966284E-1,8.238189697E0,-6.842575550E0
3.559066374E1,-1.826620936E0,8.479864120E0,-5.868098259E0
3.559304145E1,-1.453041553E0,7.754539967E0,-2.707777977E0
3.559541989E1,-1.896012783E0,7.488637447E0,5.024927482E-2
3.559779833E1,-2.353341103E0,7.642077446E0,-1.630110443E-1
3.560017598E1,-2.403590441E0,7.991429329E0,-1.103689432E0
3.560255364E1,-2.197807550E0,8.345866203E0,-2.085345030E0
3.560493208E1,-1.819442511E0,8.760123253E0,-2.370389938E0
3.560731052E1,-2.207378864E0,9.162117958E0,-2.183450699E0
3.560968817E1,-1.912762642E0,8.870193481E0,-3.131606579E0
3.561206588E1,-1.654337764E0,8.613862038E0,-3.699004650E0
3.561444432E1,-1.524826288E0,8.408080101E0,-3.706183195E0
3.561682276E1,-1.445863128E0,8.128119469E0,-3.603291750E0
3.561920041E1,-1.958226204E0,8.695517540E0,-2.956930637E0
3.562157807E1,-1.857727647E0,8.688339233E0,-1.841277003E0
3.562395651E1,-1.963011861E0,8.664410591E0,-2.444567442E0
3.562633494E1,-1.960619092E0,8.513363838E0,-2.509173632E0
3.562871260E1,-1.948654890E0,8.393722534E0,-2.458924294E0
3.563109031E1,-1.934298038E0,8.367402077E0,-2.463710070E0
3.563346874E1,-2.334198475E0,9.734301567E0,-2.863311291E0
3.563584718E1,-2.065903187E0,9.432806015E0,-7.759325504E0
3.563822484E1,-1.874477386E0,8.941978455E0,-3.593720436E0
3.564060250E1,-2.147259235E0,8.039285660E0,-6.849454641E-1
3.564298093E1,-2.595016241E0,7.991429329E0,1.469791293E0
3.564535942E1,-2.863311291E0,8.384151459E0,7.253243923E-1
3.564773708E1,-2.642872572E0,8.865407944E0,-7.591229677E-1
3.565011474E1,-2.240878344E0,9.157332420E0,-1.812563181E0
3.565249317E1,-1.972583175E0,9.387342453E0,-2.264806747E0
3.565487161E1,-1.735693693E0,9.435198784E0,-2.423032045E0
3.565724927E1,-1.869691849E0,1.009830952E1,-1.735693693E0
3.565962698E1,-1.934298038E0,9.930811882E0,-6.200401783E-1
3.566200541E1,-1.795514345E0,9.612267494E0,-2.557030201E0
3.566438385E1,-1.558325768E0,9.135796547E0,-3.217748165E0
3.566676151E1,-1.563111424E0,8.951549530E0,-2.964108944E0
3.566913916E1,-1.762014747E0,9.294022560E0,-2.492423773E0
3.567151760E1,-2.264806747E0,9.344271660E0,-1.151545882E0
3.567389604E1,-2.178365946E0,9.006584167E0,-2.643171787E0
3.567627401E1,-1.850549221E0,8.714659691E0,-2.887538671E0
3.567865187E1,-1.663909078E0,8.544470787E0,-2.813062191E0
3.568102974E1,-1.615753531E0,8.479864120E0,-2.923431158E0
3.568340760E1,-1.390828133E0,8.396115303E0,-2.719742060E0
3.568578546E1,-1.273579836E0,8.889336586E0,-1.718943954E0
3.568816333E1,-1.395613790E0,9.040083885E0,-3.976572037E0
3.569054119E1,-1.400399446E0,8.843872070E0,-7.843074322E0
3.569291906E1,-2.856132984E0,9.102297783E0,-3.699004650E0
3.569529692E1,-2.499303341E0,7.926823139E0,-5.865406394E-1
3.569767479E1,-2.487339020E0,7.179963589E0,9.143573642E-1
3.570005265E1,-2.144866467E0,7.733004570E0,-1.012762189E0
3.570243166E1,-1.690230131E0,8.386544228E0,-2.695813894E0
3.570481036E1,-1.153938770E0,8.618648529E0,-3.210569859E0
3.570718802E1,-1.927119493E0,9.272486687E0,-2.473281384E0
3.570956645E1,-1.433898926E0,8.793622971E0,-2.738884687E0
3.571194489E1,-7.061817646E-1,8.341080666E0,-3.567399502E0
3.571432255E1,-4.259224236E-1,7.967501163E0,-3.880859137E0
3.571670026E1,-8.736793399E-1,8.539685249E0,-2.844168901E0
3.571907869E1,-4.594219327E-1,8.104190826E0,-2.710170746E0
3.572145713E1,-6.822535396E-1,7.663612843E0,-4.604089737E0
3.572383479E1,-6.487540603E-1,7.646862984E0,-4.362115860E0
3.572621244E1,-7.085745931E-1,7.764111042E0,-3.196212769E0
3.572859088E1,-7.923234105E-1,7.330711365E0,-4.465006828E0
3.573096932E1,-7.899305820E-1,7.005287170E0,-5.092225552E0
3.573334698E1,-4.881358147E-1,6.830312252E0,-5.008476734E0
3.573572468E1,-2.632104978E-2,6.736992359E0,-4.972584724E0
3.573810312E1,-1.531406492E-1,6.813562393E0,-4.783551693E0
3.574048156E1,-5.458626747E-1,6.856633186E0,-4.690231323E0
3.574285921E1,-8.090731502E-1,6.887740135E0,-4.510470867E0
3.574523687E1,-9.526425004E-1,6.923632145E0,-4.414757729E0
3.574761531E1,-9.957132936E-1,6.923632145E0,-4.256831646E0
3.574999380E1,-1.038784146E0,6.911668301E0,-4.000799656E0
3.575237145E1,-1.256830096E0,6.839883327E0,-4.113262177E0
3.575474911E1,-1.331007600E0,6.818347931E0,-4.012763500E0
3.575712755E1,-1.347757339E0,6.849454880E0,-3.809074640E0
3.575950599E1,-1.342971683E0,6.899703979E0,-3.636791229E0
3.576188364E1,-1.405185103E0,6.990930557E0,-3.576970816E0
3.576426135E1,-1.402792215E0,7.122535706E0,-3.382853031E0
3.576663979E1,-1.390828133E0,7.263712406E0,-3.177070379E0
3.576901822E1,-1.319043517E0,7.443173885E0,-2.983251572E0
3.577139588E1,-1.268794179E0,7.649255753E0,-2.784348249E0
3.577377354E1,-1.201795220E0,7.847859859E0,-2.681456804E0
3.577615198E1,-1.156331539E0,8.048856735E0,-2.494816780E0
3.577853041E1,-1.122832060E0,8.309973717E0,-2.348854542E0
3.578090807E1,-1.057926655E0,8.561220169E0,-2.216950178E0
3.578328578E1,-9.981061220E-1,8.781659126E0,-2.087737799E0
3.578566421E1,-9.334999323E-1,9.020941734E0,-1.965703845E0
3.578804265E1,-8.066803217E-1,9.282057762E0,-1.867598057E0
3.579042031E1,-7.564310431E-1,9.554840088E0,-1.793420553E0
3.579279796E1,-7.037889361E-1,9.815957069E0,-1.704586983E0
3.579517640E1,-5.985047817E-1,1.004566765E1,-1.654337764E0
3.579755484E1,-4.929214716E-1,1.030887794E1,-1.637588024E0
3.579993250E1,-4.139583111E-1,1.058195877E1,-1.685444474E0
3.580231020E1,-3.445664644E-1,1.079491997E1,-1.745265007E0
3.580468864E1,-3.182454109E-1,1.104407310E1,-1.834098577E0
3.580706708E1,-2.727817893E-1,1.124746323E1,-1.960918188E0
3.580944474E1,-2.584248483E-1,1.138863945E1,-2.061416626E0
3.581182239E1,-2.129612118E-1,1.153250790E1,-2.185843468E0
3.581420083E1,-1.986042857E-1,1.166172028E1,-2.310569286E0
3.581657932E1,-1.842473447E-1,1.175982571E1,-2.463710070E0
3.581895698E1,-1.698904037E-1,1.185075283E1,-2.600100994E0
3.582133463E1,-1.172483116E-1,1.189382362E1,-2.746062994E0
3.582371307E1,-6.699903309E-2,1.192014503E1,-2.882753134E0
3.582609151E1,9.571290575E-3,1.195603752E1,-3.067000389E0
3.582846916E1,5.503492057E-2,1.197757244E1,-3.210569859E0
3.583084687E1,7.926224917E-2,1.199671555E1,-3.368496180E0
3.583322531E1,5.503492057E-2,1.199910831E1,-3.500400543E0
3.583560374E1,6.969095767E-2,1.194168091E1,-3.586542130E0
3.583798140E1,6.011966988E-2,1.188664532E1,-3.667897940E0
3.584035906E1,1.914258115E-2,1.177657604E1,-3.730111361E0
3.584273750E1,-4.785645381E-2,1.169282722E1,-3.739682674E0
3.584511593E1,-1.339980662E-1,1.153729343E1,-3.734897137E0
3.584749359E1,-2.273181528E-1,1.142453194E1,-3.730111361E0
3.584987130E1,-3.134597540E-1,1.131924725E1,-3.687040567E0
3.585224974E1,-3.828516304E-1,1.119721317E1,-3.579363585E0
3.585462817E1,-4.402793646E-1,1.110389328E1,-3.495614767E0
3.585700583E1,-4.761717021E-1,1.105603695E1,-3.342175007E0
3.585938348E1,-5.171487927E-1,1.100818062E1,-3.198605776E0
3.586176192E1,-5.841478109E-1,1.098664474E1,-3.074178934E0
3.586414036E1,-6.200401783E-1,1.103928757E1,-2.988037348E0
3.586651802E1,-6.487540603E-1,1.111107159E1,-2.880360365E0
3.586889572E1,-6.774678826E-1,1.118046379E1,-2.832204819E0
3.587127416E1,-7.229315639E-1,1.125224876E1,-2.808276415E0
3.587365260E1,-7.325028181E-1,1.131685448E1,-2.803490877E0
3.587603026E1,-6.990033388E-1,1.133121204E1,-2.781955481E0
3.587840791E1,-6.583253145E-1,1.131924725E1,-2.789133787E0
3.588078635E1,-5.697908998E-1,1.131446171E1,-2.832204819E0
3.588316484E1,-4.666004181E-1,1.128814125E1,-2.877967358E0
3.588554250E1,-3.589234054E-1,1.121874905E1,-2.911466837E0
3.588792015E1,-1.674975902E-1,1.115414238E1,-2.980858803E0
3.589029859E1,-4.785645381E-2,1.110389328E1,-3.004786968E0
3.589267703E1,1.606182158E-1,1.103450203E1,-3.014358282E0
3.589505468E1,3.329014480E-1,1.092203903E1,-3.050250769E0
3.589743239E1,4.836492836E-1,1.076381397E1,-3.093321562E0
3.589981083E1,4.956133962E-1,1.058674431E1,-3.138785124E0
3.590218927E1,5.362913609E-1,1.038335514E1,-3.186641455E0
3.590456692E1,5.386841893E-1,1.017488003E1,-3.179463148E0
3.590694458E1,4.980062246E-1,9.961918831E0,-3.153141975E0
3.590932302E1,4.573282301E-1,9.746265411E0,-3.090928555E0
3.591170145E1,4.118646085E-1,9.528518677E0,-2.954537868E0
3.591407911E1,3.759722710E-1,9.322735786E0,-2.810669184E0
3.591645682E1,2.898306549E-1,9.123832703E0,-2.614457846E0
3.591883526E1,2.132603228E-1,8.980263710E0,-2.470888376E0
3.592121369E1,1.271187067E-1,8.817551613E0,-2.200200319E0
3.592359135E1,7.686942816E-2,8.690732002E0,-1.779063582E0
3.592596901E1,3.828516230E-2,8.573184013E0,-1.532303810E0
3.592834744E1,-4.785645287E-3,8.458329201E0,-1.309771299E0
3.593072588E1,1.196411345E-2,8.329116821E0,-1.101296663E0
3.593310354E1,1.196411345E-2,8.226224899E0,-8.668000102E-1
3.593548125E1,3.110669367E-2,8.082356453E0,-6.610172391E-1
3.593785968E1,7.686942816E-2,7.998608112E0,-4.621138871E-1
3.594023812E1,1.965105534E-1,7.905287743E0,-3.568296731E-1
3.594261578E1,2.826521695E-1,7.843074322E0,-2.659024298E-1
3.594499349E1,3.329014480E-1,7.795217991E0,-2.252244353E-1
3.594737192E1,3.376871049E-1,7.742575645E0,-1.917249113E-1
3.594975036E1,4.453641176E-1,7.692326546E0,-1.079761237E-1
3.595212802E1,4.381856322E-1,7.699504852E0,-7.926224917E-2
3.595450567E1,5.219344497E-1,7.658827305E0,-8.883354068E-2
3.595688411E1,4.142574072E-1,7.747361660E0,-7.926224917E-2
3.595926255E1,3.017947674E-1,7.795217991E0,-0.000000000E0
3.596164020E1,3.903291821E-1,7.744968891E0,7.896314561E-2
3.596401791E1,1.486541033E-1,8.027321815E0,-8.644071966E-2
3.596639635E1,0.000000000E0,8.214261055E0,4.785645287E-3
3.596877479E1,-2.201396823E-1,8.496614456E0,1.244267747E-1
3.597115244E1,-1.890329868E-1,8.544470787E0,-2.871387079E-2
3.597353010E1,-4.019941986E-1,9.246166229E0,-1.797607988E-1
3.597590854E1,-3.732803464E-1,9.530911446E0,-3.589234129E-2
3.597828698E1,-4.283152521E-1,1.000020409E1,-2.132603228E-1
3.598066463E1,-6.726822853E-1,1.069681454E1,-3.927220106E-1
3.598304234E1,-9.167501926E-1,1.113260746E1,-3.137588799E-1
3.598542078E1,-9.646066427E-1,1.133121204E1,-4.525425732E-1
3.598779921E1,-1.314257860E0,1.206162071E1,-8.452646136E-1
3.599017687E1,-1.498505235E0,1.239900875E1,-7.998009920E-1
3.599255453E1,-1.905584097E0,1.257368469E1,-8.404789567E-1
3.599493296E1,-2.377269268E0,1.287069416E1,-7.519445419E-1
3.599731145E1,-2.628515720E0,1.286590862E1,-6.634100676E-1
3.599968911E1,-2.927917719E0,1.300229931E1,-7.280163169E-1
3.600206677E1,-3.330210924E0,1.305494118E1,-6.370890141E-1
3.600444520E1,-3.720241070E0,1.318445301E1,-8.045865893E-1
3.600682364E1,-4.031607151E0,1.319163132E1,-8.309076428E-1
3.600920130E1,-3.588635683E0,1.292333603E1,-9.816554785E-1
3.601157901E1,-3.653241873E0,1.314138222E1,-1.515554070E0
3.601395744E1,-3.957429647E0,1.304537010E1,-1.350449324E0
3.601633588E1,-4.146462440E0,1.294726467E1,-1.367199063E0
3.601871354E1,-4.165605068E0,1.292094326E1,-1.355234981E0
3.602109119E1,-3.375674486E0,1.258594799E1,-1.290628672E0
3.602346963E1,-3.569493294E0,1.271037483E1,-1.532303810E0
3.602584807E1,-3.787240028E0,1.246122169E1,-1.436590910E0
3.602822573E1,-3.806382656E0,1.239900875E1,-1.450947881E0
3.603060343E1,-4.002892971E0,1.225783253E1,-1.134796143E0
3.603298187E1,-4.234996796E0,1.216690540E1,-1.226022482E0
3.603536031E1,-4.400101662E0,1.219322586E1,-1.352842093E0
3.603773796E1,-4.419244289E0,1.206162071E1,-1.273878932E0
3.604011562E1,-4.244568348E0,1.200867939E1,-1.230808139E0
3.604249406E1,-4.093820572E0,1.173589802E1,-6.032904387E-1
3.604487250E1,-4.029214382E0,1.175982571E1,-8.069794178E-1
3.604725015E1,-4.045963764E0,1.167846966E1,-1.031904817E0
3.604962786E1,-3.988536358E0,1.152532959E1,-1.046261668E0
3.605200630E1,-3.923929930E0,1.147268772E1,-1.046261668E0
3.605438474E1,-3.775275946E0,1.134078312E1,-1.036690354E0
3.605676239E1,-3.579064369E0,1.104168034E1,-8.404789567E-1
3.605914010E1,-3.289233923E0,1.084038353E1,-1.074975610E0
3.606151854E1,-2.954238653E0,1.063699436E1,-1.498804331E0
3.606389698E1,-2.815454960E0,1.034985542E1,-1.620838284E0
3.606627463E1,-2.736192703E0,1.007198906E1,-1.589731574E0
3.606865229E1,-2.743371248E0,9.811170578E0,-1.608874083E0
3.607103072E1,-2.743371248E0,9.578767776E0,-1.752742529E0
3.607340916E1,-2.786741018E0,9.423234940E0,-1.786242127E0
3.607578682E1,-2.772384167E0,9.068798065E0,-1.362413406E0
3.607816453E1,-1.929512382E0,7.869395256E0,-1.309771299E0
3.608054296E1,-1.541576028E0,7.890930653E0,-1.716551185E0
3.608292140E1,-1.642373681E0,8.029714584E0,-2.413460732E0
3.608529906E1,-1.750050664E0,8.159226418E0,-2.442174673E0
3.608767677E1,-1.905584097E0,8.372187614E0,-2.413460732E0
3.609005520E1,-2.200200319E0,8.776873589E0,-2.738884687E0
3.609243364E1,-2.537588358E0,9.317950249E0,-3.294318676E0
3.609481130E1,-2.733799934E0,9.552447319E0,-2.887538671E0
3.609718895E1,-2.899203777E0,9.471091270E0,-2.152343988E0
3.609956739E1,-2.882453918E0,9.602696419E0,-2.128415823E0
3.610194583E1,-2.702693224E0,9.882955551E0,-1.867598057E0
3.610432348E1,-2.709871531E0,9.437591553E0,-1.031904817E0
3.610670119E1,-2.599801779E0,9.612267494E0,-5.865406394E-1
3.610907963E1,-2.652443886E0,9.765408516E0,-1.070189953E0
3.611145807E1,-2.949453115E0,9.629017830E0,-1.671087503E0
3.611383572E1,-3.155235767E0,9.540482521E0,-1.838884234E0
3.611621338E1,-3.262912750E0,9.564411163E0,-1.563410521E0
3.611859182E1,-3.222234726E0,9.990633011E0,-1.779063582E0
3.612097026E1,-3.736990690E0,9.346664429E0,-2.231307030E0
3.612334791E1,-3.631706476E0,8.721838951E0,-1.455733418E0
3.612572562E1,-3.093022346E0,8.281260490E0,-7.280163169E-1
3.612810406E1,-2.903989315E0,8.219046593E0,-1.381555915E0
3.613048250E1,-3.076272726E0,8.470293045E0,-2.025524378E0
3.613286015E1,-3.267698526E0,8.554041862E0,-2.430210590E0
3.613523781E1,-3.380460262E0,8.601898193E0,-2.327319145E0
3.613761625E1,-3.447459221E0,8.508578300E0,-1.651944876E0
3.613999474E1,-3.227020502E0,8.915657043E0,-1.680658817E0
3.614237239E1,-3.171985626E0,9.284450531E0,-2.114058733E0
3.614475005E1,-3.411566973E0,9.008976936E0,-2.061416626E0
3.614712848E1,-3.717848301E0,8.676374435E0,-2.054238319E0
3.614950692E1,-3.696312666E0,8.573184013E0,-1.905883193E0
3.615188458E1,-3.042773008E0,9.087940216E0,-1.577767372E0
3.615426229E1,-2.980559587E0,7.890930653E0,-1.704586983E0
3.615664072E1,-2.791526794E0,7.709076405E0,-1.228415370E0
3.615901916E1,-2.808276415E0,7.419245720E0,-1.805384636E0
3.616139682E1,-2.882453918E0,7.246962547E0,-2.082952023E0
3.616377448E1,-2.779562712E0,7.539186001E0,-2.123630047E0
3.616615291E1,-2.551945448E0,7.407281399E0,-2.190629244E0
3.616853140E1,-2.185544491E0,6.820741177E0,-2.303091764E0
3.617090906E1,-2.032403708E0,6.801598549E0,-1.508375525E0
3.617328671E1,-1.960619092E0,7.091429234E0,-1.223629713E0
3.617566515E1,-1.891227245E0,7.428816795E0,-1.678265929E0
3.617804359E1,-1.917548299E0,7.651648521E0,-2.609672308E0
3.618042125E1,-1.548754454E0,8.034500122E0,-2.255235434E0
3.618279895E1,-1.699801445E0,8.044071198E0,-2.283949137E0
3.618517739E1,-1.723729610E0,8.020143509E0,-1.960918188E0
3.618755583E1,-1.522433400E0,8.094619751E0,-1.855633974E0
3.618993349E1,-1.450648785E0,7.610970497E0,-2.164308071E0
3.619231114E1,-1.551147223E0,7.005287170E0,-2.317747831E0
3.619468958E1,-1.711765528E0,6.756134510E0,-2.099701881E0
3.619706802E1,-1.572682738E0,6.875775814E0,-1.963310957E0
3.619944567E1,-1.450648785E0,6.923632145E0,-1.767099500E0
3.620182338E1,-1.319043517E0,6.974180698E0,-1.596910000E0
3.620420182E1,-1.170688510E0,6.983751774E0,-1.369591832E0
3.620658026E1,-1.110867858E0,6.986145020E0,-1.247557878E0
3.620895791E1,-9.933205247E-1,7.036394119E0,-1.192523003E0
3.621133562E1,-8.832506537E-1,7.065107822E0,-1.149153113E0
3.621371406E1,-8.210372925E-1,7.098607540E0,-1.118046403E0
3.621609250E1,-6.655037999E-1,7.182356358E0,-8.620143533E-1
3.621847015E1,-5.482555032E-1,7.153642178E0,-1.448554993E0
3.622084781E1,-4.474578202E-1,7.182356358E0,-1.288235903E0
3.622322624E1,-4.761717021E-1,7.141678333E0,-1.113260746E0
3.622560468E1,-6.296114326E-1,7.036394119E0,-9.936196208E-1
3.622798234E1,-8.090731502E-1,6.935596466E0,-1.017547846E0
3.623036005E1,-9.550353289E-1,6.904489517E0,-1.110867858E0
3.623273848E1,-1.031605721E0,6.918846607E0,-1.271486163E0
3.623511692E1,-9.933205247E-1,6.969096184E0,-1.362413406E0
3.623749458E1,-9.550353289E-1,6.995716095E0,-1.436590910E0
3.623987224E1,-8.976075649E-1,7.012465954E0,-1.498804331E0
3.624225067E1,-8.976075649E-1,7.002894402E0,-1.563410521E0
3.624462916E1,-9.215358496E-1,6.978966236E0,-1.661516190E0
3.624700682E1,-9.574281573E-1,6.976573467E0,-1.764706731E0
3.624938448E1,-9.693922997E-1,7.036394119E0,-1.838884234E0
3.625176291E1,-9.669994712E-1,7.060322285E0,-1.898704767E0
3.625414135E1,-1.002891779E0,7.077072144E0,-1.980060697E0
3.625651901E1,-1.055533886E0,7.120142937E0,-2.032702923E0
3.625889671E1,-1.110867858E0,7.184749126E0,-2.097309113E0
3.626127515E1,-1.192223907E0,7.213462830E0,-2.137987137E0
3.626365359E1,-1.256830096E0,7.246962547E0,-2.149951220E0
3.626603124E1,-1.345364571E0,7.318747044E0,-2.224128723E0
3.626840890E1,-1.407577872E0,7.364210606E0,-2.250449657E0
3.627078734E1,-1.481755376E0,7.414460182E0,-2.269592285E0
3.627316578E1,-1.553540111E0,7.514958382E0,-2.291127682E0
3.627554343E1,-1.625324726E0,7.615756035E0,-2.339283228E0
3.627792114E1,-1.714158297E0,7.713861942E0,-2.384746790E0
3.628029958E1,-1.785943031E0,7.816753387E0,-2.411067963E0
3.628267802E1,-1.884048700E0,7.902894974E0,-2.468495607E0
3.628505567E1,-1.979761600E0,7.986643791E0,-2.542673111E0
3.628743333E1,-2.068295956E0,8.060821533E0,-2.585743904E0
3.628981177E1,-2.164009094E0,8.166404724E0,-2.638386011E0
3.629219026E1,-2.255235434E0,8.293224335E0,-2.700599432E0
3.629456791E1,-2.389233351E0,8.422436714E0,-2.781955481E0
3.629694557E1,-2.482553482E0,8.601898193E0,-2.846561670E0
3.629932401E1,-2.554338217E0,8.726624489E0,-2.885145903E0
3.630170244E1,-2.673979282E0,8.827122688E0,-2.928216696E0
3.630408010E1,-2.769991398E0,8.987442017E0,-2.995215654E0
3.630645781E1,-2.877668381E0,9.109476089E0,-3.033500910E0
3.630883624E1,-2.980559587E0,9.234201431E0,-3.076571703E0
3.631121468E1,-3.078665495E0,9.382556915E0,-3.133999348E0
3.631359234E1,-3.203092098E0,9.478269577E0,-3.179463148E0
3.631597000E1,-3.313461065E0,9.535696983E0,-3.212962627E0
3.631834843E1,-3.392424345E0,9.621838570E0,-3.244069338E0
3.632072687E1,-3.468994617E0,9.686445236E0,-3.282354355E0
3.632310453E1,-3.521636724E0,9.727123260E0,-3.248854876E0
3.632548224E1,-3.595814228E0,9.748658180E0,-3.241676569E0
3.632786067E1,-3.655634880E0,9.741479874E0,-3.208176851E0
3.633023911E1,-3.696312666E0,9.715159416E0,-3.124428272E0
3.633261677E1,-3.725026608E0,9.700801849E0,-3.047857761E0
3.633499448E1,-3.713062525E0,9.664909363E0,-2.990430117E0
3.633737291E1,-3.701098442E0,9.562018394E0,-2.873181820E0
3.633975135E1,-3.705883980E0,9.456734657E0,-2.803490877E0
3.634212901E1,-3.660420418E0,9.337093353E0,-2.755634308E0
3.634450666E1,-3.607778311E0,9.262915611E0,-2.724527597E0
3.634688510E1,-3.569493294E0,9.164510727E0,-2.722134829E0
3.634926359E1,-3.533600807E0,9.018548965E0,-2.827419043E0
3.635164124E1,-3.557528973E0,8.863015175E0,-2.918645382E0
3.635401890E1,-3.559921980E0,8.736195564E0,-2.973680258E0
3.635639734E1,-3.538386583E0,8.637790680E0,-3.014358282E0
3.635877578E1,-3.457030535E0,8.546863556E0,-3.002394199E0
3.636115343E1,-3.363710403E0,8.446364403E0,-3.031108141E0
3.636353114E1,-3.289233923E0,8.388936996E0,-3.055036306E0
3.636590958E1,-3.238984585E0,8.357830048E0,-3.045464993E0
3.636828802E1,-3.179163933E0,8.348258972E0,-3.095714331E0
3.637066567E1,-3.152842999E0,8.341080666E0,-3.107678413E0
3.637304333E1,-3.155235767E0,8.338687897E0,-3.174677372E0
3.637542177E1,-3.188735247E0,8.386544228E0,-3.212962627E0
3.637780020E1,-3.238984585E0,8.482256889E0,-3.279961586E0
3.638017786E1,-3.291626692E0,8.580363274E0,-3.318246841E0
3.638255557E1,-3.397209883E0,8.589934349E0,-3.413959742E0
3.638493401E1,-3.406781197E0,8.673981667E0,-3.605684519E0
3.638731244E1,-3.277269602E0,9.001798630E0,-3.469293833E0
3.638969010E1,-3.385245800E0,9.229415894E0,-3.471686602E0
3.639206781E1,-3.672384501E0,9.265308380E0,-3.572185040E0
3.639444625E1,-3.943072557E0,9.363413811E0,-3.478864908E0
3.639682468E1,-4.072285175E0,9.399306297E0,-3.397209883E0
3.639920234E1,-4.175176620E0,9.449555397E0,-3.289532900E0
3.640158000E1,-4.261318207E0,9.511769295E0,-3.227319479E0
3.640395843E1,-4.354638100E0,9.516554832E0,-3.217748165E0
3.640633687E1,-4.448257446E0,9.492626190E0,-3.256033421E0
3.640871453E1,-4.476971149E0,9.514162064E0,-3.284747362E0
3.641109224E1,-4.467400074E0,9.535696983E0,-3.323032379E0
3.641347067E1,-4.445864677E0,9.564411163E0,-3.339782238E0
3.641584911E1,-4.414458752E0,9.585947037E0,-3.380460262E0
3.641822677E1,-4.421637058E0,9.602696419E0,-3.418745279E0
3.642060442E1,-4.404887199E0,9.602696419E0,-3.459722519E0
3.642298286E1,-4.385744572E0,9.590732574E0,-3.509971619E0
3.642536135E1,-4.366602421E0,9.571589470E0,-3.612863064E0
3.642773901E1,-4.357030869E0,9.547661781E0,-3.672683716E0
3.643011666E1,-4.313960075E0,9.538089752E0,-3.679862022E0
3.643249510E1,-4.223032951E0,9.518947601E0,-3.658326626E0
3.643487354E1,-4.194318771E0,9.492626190E0,-3.629612923E0
3.643725119E1,-4.172783375E0,9.485447884E0,-3.543471336E0
3.643962890E1,-4.043570995E0,9.569196701E0,-3.452543974E0
3.644200734E1,-3.971786499E0,9.664909363E0,-3.543471336E0
3.644438578E1,-3.964607954E0,9.775279045E0,-3.545864105E0
3.644676343E1,-4.074677944E0,9.825528145E0,-3.428316593E0
3.644914109E1,-4.165605068E0,9.973882675E0,-3.308675528E0
3.645151953E1,-4.191926003E0,1.024187946E1,-3.224926710E0
3.645389802E1,-4.165605068E0,1.060828018E1,-3.160320520E0
3.645627567E1,-4.096213341E0,1.102971554E1,-3.081357241E0
3.645865333E1,-4.002892971E0,1.150379372E1,-3.000001431E0
3.646103177E1,-3.873680830E0,1.198714447E1,-2.983251572E0
3.646341020E1,-3.710669756E0,1.245882893E1,-3.004786968E0
3.646578786E1,-3.519243956E0,1.297119236E1,-3.119642496E0
3.646816557E1,-3.298804998E0,1.346919823E1,-3.272783279E0
3.647054401E1,-3.076272726E0,1.404856110E1,-3.411566973E0
3.647292244E1,-2.868097067E0,1.461595917E1,-3.593720436E0
3.647530010E1,-2.721835852E0,1.515942860E1,-3.835395575E0
3.647767776E1,-2.652443886E0,1.553540134E1,-4.029513359E0
3.648005619E1,-2.614158630E0,1.571247005E1,-4.180261135E0
3.648243468E1,-2.618944407E0,1.569093418E1,-4.254438877E0
3.648481234E1,-2.614158630E0,1.545165253E1,-4.261617184E0
3.648719000E1,-2.609373093E0,1.504218006E1,-4.180261135E0
3.648956843E1,-2.561516523E0,1.451306725E1,-4.060619831E0
3.649194687E1,-2.425125837E0,1.393370533E1,-3.813860178E0
3.649432453E1,-2.216950178E0,1.336391449E1,-3.517150164E0
3.649670224E1,-1.936690807E0,1.292812157E1,-3.196212769E0
3.649908067E1,-1.683051586E0,1.260030460E1,-2.873181820E0
3.650145911E1,-1.484148264E0,1.239183044E1,-2.650350094E0
3.650383677E1,-1.359721422E0,1.226740360E1,-2.533101797E0
3.650621442E1,-1.252044439E0,1.209033489E1,-2.391925335E0
3.650859286E1,-1.242473125E0,1.186750317E1,-2.317747831E0
3.651097135E1,-1.280758262E0,1.160190010E1,-2.274377823E0
3.651334901E1,-1.366899967E0,1.125703430E1,-2.224128723E0
3.651572666E1,-1.553540111E0,1.083081245E1,-2.178664923E0
3.651810510E1,-1.814656854E0,1.035703373E1,-2.106880426E0
3.652048354E1,-2.202593327E0,9.818349838E0,-1.956132531E0
3.652286119E1,-2.494517565E0,9.370592117E0,-1.783849239E0
3.652523890E1,-2.719442844E0,9.008976936E0,-1.556231976E0
3.652761734E1,-2.827419043E0,8.707481384E0,-1.319342613E0
3.652999578E1,-2.829811811E0,8.420043945E0,-1.127617717E0
3.653237343E1,-2.666800737E0,8.202297211E0,-9.888339639E-1
3.653475109E1,-2.425125837E0,7.993822098E0,-9.553344250E-1
3.653712953E1,-2.132902384E0,7.852645874E0,-9.290133715E-1
3.653950802E1,-1.886441588E0,7.759325504E0,-9.385846853E-1
3.654188567E1,-1.683051586E0,7.692326546E0,-8.859425783E-1
3.654426333E1,-1.503290772E0,7.608577728E0,-8.261220455E-1
3.654664177E1,-1.326221943E0,7.610970497E0,-6.729813814E-1
3.654902020E1,-1.194616675E0,7.666005611E0,-5.099703074E-1
3.655139786E1,-1.074975610E0,7.721040249E0,-3.233301640E-1
3.655377557E1,-9.502496719E-1,7.785646915E0,-1.773679852E-1
3.655615401E1,-7.923234105E-1,7.859824181E0,-6.251249462E-2
3.655853244E1,-5.889334679E-1,7.938787460E0,4.067798331E-2
3.656091010E1,-4.402793646E-1,8.017750740E0,1.052841991E-1
3.656328776E1,-1.842473447E-1,8.154440880E0,9.810572863E-2
3.656566619E1,6.969095767E-2,8.321938515E0,5.742774159E-2
3.656804468E1,3.376871049E-1,8.506185532E0,-3.349951655E-2
3.657042234E1,5.434698462E-1,8.705088615E0,-1.917249113E-1
3.657280000E1,7.495517135E-1,8.894122124E0,-3.305086195E-1
3.657517843E1,9.146564603E-1,9.092725754E0,-4.621138871E-1
3.657755687E1,1.043868899E0,9.234201431E0,-5.554339290E-1
3.657993453E1,1.163509965E0,9.442377090E0,-6.346961856E-1
3.658231224E1,1.254736423E0,9.638588905E0,-7.686942816E-1
3.658469067E1,1.273878932E0,9.830313683E0,-9.433703423E-1
3.658706911E1,1.343270779E0,1.011505985E1,-1.177866936E0
3.658944677E1,1.450947881E0,1.039053345E1,-1.699801445E0
3.659182442E1,1.484447360E0,1.062263680E1,-2.133201361E0
3.659420286E1,1.608874083E0,1.093878841E1,-2.549851656E0
3.659658135E1,1.764706731E0,1.135274696E1,-2.968894720E0
3.659895901E1,1.908276081E0,1.174068356E1,-3.354139090E0
3.660133666E1,1.956132531E0,1.198953724E1,-3.651148319E0
3.660371510E1,1.932204247E0,1.207837009E1,-3.971786499E0
3.660609354E1,1.879562140E0,1.219083309E1,-4.369294167E0
3.660847119E1,1.730908036E0,1.220040417E1,-4.754837513E0
3.661084890E1,1.517946839E0,1.211904812E1,-5.049154758E0
3.661322734E1,1.209272742E0,1.188903809E1,-5.303092957E0
3.661560578E1,8.787640929E-1,1.157797146E1,-5.518447399E0
3.661798343E1,6.152545214E-1,1.124985600E1,-5.642873764E0
3.662036114E1,4.070789516E-1,1.096032429E1,-5.741278648E0
3.662273958E1,1.989033818E-1,1.052692413E1,-5.329414368E0
3.662511802E1,-2.392822690E-2,1.012223816E1,-5.077868938E0
3.662749567E1,-1.339980662E-1,9.863813400E0,-4.905585289E0
3.662987333E1,-2.081755698E-1,9.707980156E0,-4.697410107E0
3.663225177E1,-3.110669553E-1,9.492626190E0,-4.484149456E0
3.663463020E1,-4.163511395E-1,9.279664993E0,-4.431507587E0
3.663700786E1,-4.570291340E-1,9.174081802E0,-4.307080746E0
3.663938557E1,-5.123631358E-1,9.011369705E0,-4.180261135E0
3.664176401E1,-5.554339290E-1,8.898907661E0,-4.053441525E0
3.664414244E1,-5.626124144E-1,8.824729919E0,-3.744468451E0
3.664652010E1,-5.793621540E-1,8.676374435E0,-3.256033421E0
3.664889776E1,-5.793621540E-1,8.594719887E0,-2.959323406E0
3.665127619E1,-5.024927258E-1,8.642576218E0,-2.774776936E0
3.665365468E1,-3.732803464E-1,8.822337151E0,-2.810669184E0
3.665603234E1,-2.751746178E-1,8.834300995E0,-2.707777977E0
3.665841000E1,-2.560320199E-1,8.810373306E0,-2.758027315E0
3.666078843E1,-2.153540403E-1,8.784051895E0,-2.841775894E0
3.666316687E1,-7.417750359E-2,8.958727837E0,-3.126821041E0
3.666554453E1,2.871387079E-2,9.056833267E0,-3.035893679E0
3.666792224E1,7.686942816E-2,9.109476089E0,-3.021536827E0
3.667030067E1,8.883354068E-2,9.150154114E0,-3.011965513E0
3.667267911E1,1.534397453E-1,9.181260109E0,-2.796312332E0
3.667505677E1,2.491526604E-1,9.238986969E0,-2.233700037E0
3.667743448E1,1.558325738E-1,9.325128555E0,-2.324926376E0
3.667981291E1,-2.464607358E-1,9.365806580E0,-3.009572744E0
3.668219135E1,-2.584248483E-1,9.573982239E0,-3.411566973E0
3.668456901E1,-1.028913707E-1,9.600303650E0,-3.021536827E0
3.668694666E1,5.024927482E-2,9.650552750E0,-2.674278498E0
3.668932510E1,2.970091105E-1,9.782457352E0,-2.456531525E0
3.669170354E1,4.764707983E-1,9.990633011E0,-2.228914261E0
3.669408119E1,4.668995142E-1,1.016770172E1,-2.499602318E0
3.669645890E1,3.903291821E-1,1.018923664E1,-2.344068766E0
3.669883734E1,4.142574072E-1,1.026341438E1,-2.401496649E0
3.670121578E1,1.965105534E-1,1.027059269E1,-1.874776483E0
3.670359343E1,-1.651047617E-1,1.046710396E1,-2.949752092E0
3.670597114E1,-2.919243574E-1,1.019880867E1,-2.490031004E0
3.670834958E1,-1.459621787E-1,1.009830952E1,-2.346461773E0
3.671072802E1,9.601201117E-2,1.019641590E1,-2.248056889E0
3.671310567E1,2.443670183E-1,1.026102161E1,-1.908276081E0
3.671548333E1,-2.632104978E-2,1.012463093E1,-2.387139797E0
3.671786177E1,-4.713860750E-1,1.028734303E1,-2.762812853E0
3.672024020E1,-6.320042610E-1,1.019402313E1,-2.851347208E0
3.672261786E1,-4.809573591E-1,1.013180923E1,-2.619243383E0
3.672499557E1,-4.043870270E-1,1.006241703E1,-2.633600473E0
3.672737401E1,-6.056832075E-1,1.004327488E1,-2.674278498E0
3.672975244E1,-7.707880139E-1,1.014138031E1,-2.446960211E0
3.673213010E1,-5.243272781E-1,1.047188950E1,-3.629612923E0
3.673450781E1,-9.311071038E-1,1.018684387E1,-4.120440483E0
3.673688624E1,-1.476969719E0,9.365806580E0,-2.171486616E0
3.673926468E1,-1.738086581E0,8.922835350E0,-1.699801445E0
3.674164234E1,-1.781157374E0,8.879764557E0,-1.972882271E0
3.674402000E1,-1.673480392E0,9.183652878E0,-2.032702923E0
3.674639843E1,-1.553540111E0,9.437591553E0,-1.527518153E0
3.674877687E1,-1.910369754E0,9.313164711E0,-2.513959408E0
3.675115453E1,-2.063510418E0,9.166903496E0,-2.786741018E0
3.675353224E1,-2.626122952E0,9.423234940E0,-2.686242580E0
3.675591067E1,-2.765205622E0,9.164510727E0,-2.509173632E0
3.675828911E1,-2.657229662E0,8.927620888E0,-2.478066921E0
3.676066677E1,-2.453839540E0,8.839086533E0,-2.454138756E0
3.676304448E1,-2.276770830E0,9.025727272E0,-2.243271112E0
3.676542291E1,-2.080260277E0,9.554840088E0,-2.166700840E0
3.676780135E1,-1.762014747E0,9.044869423E0,-6.265605927E0
3.677017901E1,-2.226521492E0,8.309973717E0,-3.952643871E0
3.677255666E1,-2.504088879E0,8.209475517E0,-2.128415823E0
3.677493510E1,-2.662015200E0,7.814360619E0,-9.601200819E-1
3.677731359E1,-2.796312332E0,7.783253670E0,-3.855435550E-1
3.677969124E1,-2.726621389E0,8.084749222E0,-8.237292171E-1
3.678206890E1,-2.413161755E0,8.379365921E0,-1.309771299E0
3.678444734E1,-2.039582253E0,8.594719887E0,-1.788634896E0
3.678682578E1,-1.697408557E0,9.114261627E0,-1.673480392E0
3.678920343E1,-1.555932879E0,8.987442017E0,-1.508375525E0
3.679158114E1,-1.388435364E0,8.999405861E0,-2.482852697E0
3.679395958E1,-1.462612867E0,8.685946465E0,-2.880360365E0
3.679633802E1,-1.517647743E0,8.503792763E0,-3.615255833E0
3.679871567E1,-1.481755376E0,8.324331284E0,-4.010370731E0
3.680109333E1,-1.371685624E0,8.178368568E0,-3.916751623E0
3.680347177E1,-1.170688510E0,7.936394691E0,-4.015156269E0
3.680585026E1,-1.354935765E0,7.589435101E0,-3.847359657E0
3.680822791E1,-1.007677436E0,9.449555397E0,-5.499304771E0
3.681060557E1,-1.132403374E0,8.925228119E0,-7.201498985E0
3.681298401E1,-1.508076429E0,8.707481384E0,-4.321437836E0
3.681536244E1,-1.773978829E0,8.250153542E0,-2.600100994E0
3.681774010E1,-1.898405671E0,8.056035995E0,-1.415055513E0
3.682011781E1,-1.840977907E0,8.142476082E0,-1.094118118E0
3.682249624E1,-1.577468276E0,8.412865639E0,-1.996810555E0
3.682487468E1,-1.309472203E0,8.736195564E0,-2.913859844E0
3.682725234E1,-9.885348678E-1,8.889336586E0,-3.478864908E0
3.682963005E1,-6.678966284E-1,8.963513374E0,-3.725325823E0
3.683200848E1,-4.426721931E-1,8.987442017E0,-3.706183195E0
3.683438692E1,-2.799602449E-1,8.910871506E0,-3.557828188E0
3.683676458E1,-3.517449200E-1,8.843872070E0,-3.413959742E0
3.683914224E1,-7.325028181E-1,8.939585686E0,-3.327818155E0
3.684152067E1,-1.709372640E0,9.466305733E0,-2.147558212E0
3.684389911E1,-1.235294700E0,9.282057762E0,-2.640778780E0
3.684627677E1,-6.631109715E-1,9.059226990E0,-3.078964472E0
3.684865448E1,-2.177468538E-1,8.908478737E0,-3.117249727E0
3.685103291E1,-2.392822644E-3,8.755337715E0,-3.035893679E0
3.685341135E1,2.491526604E-1,8.630612373E0,-2.880360365E0
3.685578901E1,-4.091726840E-1,9.040083885E0,-2.470888376E0
3.685816671E1,-2.392822653E-1,9.341878891E0,-4.512863636E0
3.686054515E1,-2.321037948E-1,9.358628273E0,-4.170690060E0
3.686292359E1,-1.096511006E0,9.315557480E0,-2.039881229E0
3.686530125E1,-3.852444589E-1,8.374580383E0,8.066803217E-1
3.686767890E1,-4.977070987E-1,8.479864120E0,2.871387079E-2
3.687005734E1,-5.291129351E-1,8.982656479E0,-1.156331539E0
3.687243578E1,-9.332008660E-2,9.066405296E0,-1.910668850E0
3.687481343E1,2.946162820E-1,8.953942299E0,-2.248056889E0
3.687719114E1,2.682952285E-1,8.944371223E0,-2.159522533E0
3.687956958E1,-4.785645287E-3,8.944371223E0,-2.078166485E0
3.688194802E1,-1.938186288E-1,8.958727837E0,-1.898704767E0
3.688432567E1,-3.732803464E-1,9.064012527E0,-1.786242127E0
3.688670338E1,-2.919243574E-1,9.131011009E0,-1.884347796E0
3.688908182E1,-3.397808075E-1,9.174081802E0,-2.001596212E0
3.689146026E1,-4.283152521E-1,9.262915611E0,-2.018345833E0
3.689383791E1,-1.496112347E0,9.882955551E0,-1.613659739E0
3.689621557E1,-1.874477386E0,1.011984539E1,-1.029511929E0
3.689859401E1,-9.598209858E-1,1.028016472E1,-1.908276081E0
3.690097250E1,1.199402362E-1,9.832706451E0,-2.497209549E0
3.690335015E1,5.841478109E-1,9.540482521E0,-2.813062191E0
3.690572781E1,-4.043870270E-1,9.712766647E0,-2.621636391E0
3.690810624E1,6.032904387E-1,9.593125343E0,-2.236092806E0
3.691048468E1,1.180558920E0,9.384949684E0,-2.521137714E0
3.691286234E1,1.226022482E0,9.011369705E0,-2.827419043E0
3.691524005E1,1.168295622E0,8.822337151E0,-2.935395241E0
3.691761849E1,1.558325738E-1,9.095118523E0,-2.540280342E0
3.691999692E1,4.429712892E-1,9.284450531E0,-2.360818624E0
3.692237458E1,5.099703074E-1,9.282057762E0,-2.657528639E0
3.692475224E1,6.777670383E-1,9.272486687E0,-2.940180779E0
3.692713067E1,5.650052428E-1,9.322735786E0,-3.081357241E0
3.692950916E1,3.687937856E-1,9.411270142E0,-3.007179976E0
3.693188682E1,2.635096014E-1,9.473484039E0,-2.940180779E0
3.693426448E1,1.821536273E-1,9.528518677E0,-2.918645382E0
3.693664291E1,1.510469317E-1,9.573982239E0,-2.868396044E0
3.693902135E1,1.247258782E-1,9.547661781E0,-2.892324448E0
3.694139901E1,1.199402362E-1,9.552447319E0,-2.901895761E0
3.694377671E1,1.079761237E-1,9.550054550E0,-2.827419043E0
3.694615515E1,5.503492057E-2,9.509376526E0,-2.767598391E0
3.694853359E1,-3.110669367E-2,9.466305733E0,-2.736491680E0
3.695091124E1,-1.579262912E-1,9.459127426E0,-2.681456804E0
3.695328895E1,-1.244267747E-1,9.439984322E0,-2.628814697E0
3.695566739E1,-2.416750938E-1,9.406484604E0,-2.667099953E0
3.695804583E1,-4.307080805E-1,9.365806580E0,-2.635993242E0
3.696042348E1,-2.775674164E-1,9.282057762E0,-2.652743101E0
3.696280114E1,-3.278166950E-1,9.258130074E0,-2.619243383E0
3.696517958E1,-5.961119533E-1,9.265308380E0,-2.600100994E0
3.696755807E1,-1.558325768E0,9.645767212E0,-2.334497690E0
3.696993572E1,-1.654337764E0,9.942776680E0,-2.164308071E0
3.697231338E1,-2.252842426E0,1.031366348E1,-1.458126307E0
3.697469182E1,-1.218544960E0,9.700801849E0,-2.207378864E0
3.697707026E1,-3.493520916E-1,9.004191399E0,-3.143570662E0
3.697944791E1,5.264209956E-2,8.479864120E0,-3.306282759E0
3.698182562E1,1.749751568E-1,8.219046593E0,-3.301496983E0
3.698420406E1,-9.023932219E-1,8.903693199E0,-2.320140600E0
3.698658250E1,-1.259222865E0,8.913264275E0,-2.104487419E0
3.698896015E1,-8.952147961E-1,8.589934349E0,-3.167499065E0
3.699133786E1,-7.325028181E-1,8.343473434E0,-3.425923824E0
3.699371630E1,-6.463612318E-1,8.173583031E0,-3.392424345E0
3.699609474E1,-1.376471281E0,8.690732002E0,-2.580958366E0
3.699847239E1,-1.575075507E0,8.681160927E0,-2.173879385E0
3.700085005E1,-1.084546804E0,8.338687897E0,-3.076571703E0
3.700322848E1,-1.264008522E0,8.152048111E0,-3.098107100E0
3.700560692E1,-1.692622900E0,8.228617668E0,-2.384746790E0
3.700798458E1,-1.426720500E0,8.075178146E0,-2.561815739E0
3.701036229E1,-1.417149186E0,7.814360619E0,-2.564208508E0
3.701274072E1,-9.047860503E-1,7.534400463E0,-2.933002472E0
3.701511916E1,-6.846463680E-1,7.333104134E0,-3.002394199E0
3.701749682E1,-5.961119533E-1,7.218248844E0,-2.856132984E0
3.701987453E1,-6.296114326E-1,7.246962547E0,-2.674278498E0
3.702225296E1,-9.191430211E-1,7.828717709E0,-3.067000389E0
3.702463140E1,-2.967100143E-1,7.943572998E0,-8.796015739E0
3.702700906E1,-8.856434822E-1,7.723433495E0,-2.063809633E0
3.702938671E1,-2.317448616E0,6.674778938E0,9.957132936E-1
3.703176515E1,-3.258127213E0,6.265306950E0,1.180259824E0
3.703414364E1,-1.907976985E0,8.034500122E0,-4.453641176E-1
3.703652130E1,-5.051847100E-1,9.222237587E0,-2.240878344E0
3.703889895E1,-8.614161611E-2,9.487840652E0,-2.700599432E0
3.704127739E1,-3.326023519E-1,9.473484039E0,-2.707777977E0
3.704365583E1,-6.655037999E-1,9.418449402E0,-2.748456001E0
3.704603348E1,-7.923234105E-1,9.447162628E0,-2.734098911E0
3.704841119E1,-7.707880139E-1,9.595518112E0,-2.769991398E0
3.705078963E1,-6.583253145E-1,9.763015747E0,-2.760420084E0
3.705316807E1,-5.985047817E-1,9.942776680E0,-2.844168901E0
3.705554572E1,-5.937191248E-1,1.011266708E1,-2.873181820E0
3.705792343E1,-6.128616929E-1,1.025384331E1,-2.956930637E0
3.706030187E1,-6.008976102E-1,1.036181927E1,-3.033500910E0
3.706268031E1,-6.343970895E-1,1.045513916E1,-3.110071182E0
3.706505796E1,-6.391827464E-1,1.051017475E1,-3.222533941E0
3.706743562E1,-7.109674215E-1,1.054128075E1,-3.287140131E0
3.706981406E1,-7.827520967E-1,1.053170967E1,-3.442972660E0
3.707219255E1,-9.047860503E-1,1.054606628E1,-3.572185040E0
3.707457020E1,-1.002891779E0,1.047428226E1,-3.708575964E0
3.707694786E1,-1.086939692E0,1.038335514E1,-3.825824261E0
3.707932630E1,-1.194616675E0,1.026102161E1,-3.947858334E0
3.708170474E1,-1.297508121E0,1.015334511E1,-4.029513359E0
3.708408239E1,-1.369292736E0,1.002413273E1,-4.106083870E0
3.708646010E1,-1.438684583E0,9.911669731E0,-4.175475597E0
3.708883854E1,-1.503290772E0,9.782457352E0,-4.192225456E0
3.709121698E1,-1.625324726E0,9.693623543E0,-4.259224415E0
3.709359463E1,-1.711765528E0,9.559625626E0,-4.280759811E0
3.709597229E1,-1.790728688E0,9.396913528E0,-4.340580463E0
3.709835072E1,-1.898405671E0,9.243772507E0,-4.390829563E0
3.710072921E1,-1.996511340E0,9.114261627E0,-4.412364960E0
3.710310687E1,-2.094617128E0,8.994620323E0,-4.369294167E0
3.710548453E1,-2.185544491E0,8.853444099E0,-4.338187218E0
3.710786296E1,-2.274377823E0,8.709874153E0,-4.295116425E0
3.711024140E1,-2.319841623E0,8.594719887E0,-4.208974838E0
3.711261906E1,-2.298306227E0,8.530113220E0,-4.134797573E0
3.711499677E1,-2.248056889E0,8.441578865E0,-4.031906128E0
3.711737520E1,-2.204986095E0,8.379365921E0,-3.962215185E0
3.711975364E1,-2.149652004E0,8.341080666E0,-3.849752426E0
3.712213130E1,-2.101795673E0,8.298009872E0,-3.782753468E0
3.712450901E1,-2.070688963E0,8.257331848E0,-3.653541088E0
3.712688744E1,-2.030010939E0,8.290831566E0,-3.569792271E0
3.712926588E1,-1.951047778E0,8.254939079E0,-3.476472139E0
3.713164354E1,-1.936690807E0,8.245368004E0,-3.375674486E0
3.713402119E1,-1.879263043E0,8.259724617E0,-3.296711445E0
3.713639963E1,-1.809871197E0,8.264510155E0,-3.174677372E0
3.713877812E1,-1.788335800E0,8.233403206E0,-3.078964472E0
3.714115578E1,-1.726122379E0,8.211868286E0,-3.043072224E0
3.714353343E1,-1.659123421E0,8.183154106E0,-3.021536827E0
3.714591187E1,-1.579861164E0,8.137690544E0,-3.021536827E0
3.714829031E1,-1.553540111E0,8.128119469E0,-3.090928555E0
3.715066796E1,-1.424327731E0,8.079963684E0,-3.014358282E0
3.715304567E1,-1.295115232E0,8.067999840E0,-2.865704298E0
3.715542411E1,-1.252044439E0,8.010572433E0,-2.868396044E0
3.715780255E1,-1.197009563E0,7.969893932E0,-2.851347208E0
3.716018020E1,-1.132403374E0,7.926823139E0,-2.741277456E0
3.716255791E1,-1.005284667E0,7.898109436E0,-2.691028118E0
3.716493635E1,-9.191430211E-1,7.859824181E0,-2.604886532E0
3.716731479E1,-8.210372925E-1,7.835896015E0,-2.497209549E0
3.716969244E1,-7.109674215E-1,7.816753387E0,-2.377568483E0
3.717207010E1,-6.008976102E-1,7.795217991E0,-2.255235434E0
3.717444854E1,-4.498506486E-1,7.802396297E0,-2.157129526E0
3.717682703E1,-2.249253243E-1,7.780860901E0,-1.920240164E0
3.717920468E1,-1.196411327E-1,7.780860901E0,-1.718943954E0
3.718158234E1,2.632104978E-2,7.752147198E0,-1.450947881E0
3.718396078E1,1.223330572E-1,7.718647480E0,-1.326521039E0
3.718633921E1,1.941177398E-1,7.706683636E0,-1.276271820E0
3.718871687E1,2.946162820E-1,7.797610760E0,-1.190130115E0
3.719109458E1,4.142574072E-1,7.785646915E0,-1.137188911E0
3.719347302E1,5.171487927E-1,7.843074322E0,-1.005583763E0
3.719585145E1,5.793621540E-1,7.881359577E0,-1.036690354E0
3.719822911E1,6.299105883E-1,7.993822098E0,-1.034297585E0
3.720060682E1,6.610172391E-1,8.101798058E0,-1.053440213E0
3.720298526E1,6.801598072E-1,8.298009872E0,-1.089332461E0
3.720536369E1,7.256234884E-1,8.508578300E0,-1.153938770E0
3.720774135E1,7.184450030E-1,8.855836868E0,-1.240379453E0
3.721011901E1,8.261220455E-1,9.181260109E0,-1.295414329E0
3.721249744E1,8.572286963E-1,9.664909363E0,-1.450947881E0
3.721487593E1,8.500502706E-1,1.008395290E1,-1.525125384E0
3.721725359E1,8.739784956E-1,1.060110188E1,-1.589731574E0
3.721963124E1,8.093722463E-1,1.109432220E1,-1.608874083E0
3.722200968E1,5.937191248E-1,1.173111248E1,-1.525125384E0
3.722438812E1,5.051847100E-1,1.248515034E1,-1.369591832E0
3.722676578E1,4.764707983E-1,1.330648708E1,-1.228415370E0
3.722914348E1,5.506483316E-1,1.408445358E1,-1.063011408E0
3.723152192E1,6.442674994E-1,1.487707615E1,-9.696913958E-1
3.723390036E1,6.323033571E-1,1.544208050E1,-9.026923180E-1
3.723627802E1,4.692923427E-1,1.595683670E1,-7.998009920E-1
3.723865567E1,1.127617657E-1,1.615304756E1,-4.956133962E-1
3.724103411E1,-2.895315289E-1,1.635165215E1,-4.310071766E-1
3.724341260E1,-6.678966284E-1,1.634686661E1,-4.357928336E-1
3.724579026E1,-1.127617717E0,1.629901123E1,-3.855435550E-1
3.724816791E1,-1.630409479E0,1.631336784E1,-1.366899908E-1
3.725054635E1,-2.065903187E0,1.623679733E1,-1.845464408E-1
3.725292479E1,-2.391626120E0,1.627029610E1,-2.871387079E-2
3.725530244E1,-2.614158630E0,1.627268982E1,1.962114573E-1
3.725768015E1,-2.858525753E0,1.615544128E1,3.900300860E-1
3.726005859E1,-3.090629578E0,1.612911987E1,3.732803464E-1
3.726243703E1,-3.270091295E0,1.601187134E1,4.307080805E-1
3.726481468E1,-3.531208038E0,1.588236046E1,3.852444589E-1
3.726719239E1,-3.744169235E0,1.566939926E1,3.182454109E-1
3.726957083E1,-3.969393730E0,1.543729496E1,3.445664644E-1
3.727194927E1,-4.211068630E0,1.532214069E1,2.249253243E-1
3.727432692E1,-4.385744572E0,1.504935932E1,1.555334777E-1
3.727670458E1,-4.587040901E0,1.482921886E1,1.531406492E-1
3.727908302E1,-4.823930264E0,1.469013596E1,2.656033039E-1
3.728146151E1,-5.085047245E0,1.454417419E1,1.555334777E-1
3.728383916E1,-5.190331459E0,1.432882023E1,9.571290761E-2
3.728621682E1,-5.228616714E0,1.409402466E1,1.196411327E-1
3.728859526E1,-5.240580559E0,1.398634720E1,-1.435693540E-2
3.729097369E1,-5.144867897E0,1.365344620E1,6.939185411E-2
3.729335135E1,-5.025226593E0,1.337348557E1,1.866401732E-1
3.729572906E1,-4.955535889E0,1.311954784E1,-8.883354068E-2
3.729810750E1,-4.826323509E0,1.276062393E1,-2.874378264E-1
3.730048593E1,-4.716253281E0,1.244686508E1,-5.075774789E-1
3.730286359E1,-4.570291042E0,1.212144089E1,-8.309076428E-1
3.730524130E1,-4.484149456E0,1.176461124E1,-9.409775138E-1
3.730761974E1,-4.392923355E0,1.139342499E1,-1.113260746E0
3.730999817E1,-4.354638100E0,1.092682457E1,-1.146760225E0
3.731237614E1,-4.337888241E0,1.047428226E1,-1.374377489E0
3.731475401E1,-4.220640182E0,1.001456070E1,-1.400698543E0
3.731713213E1,-4.100998878E0,9.583553314E0,-1.431805253E0
3.731951041E1,-3.959822416E0,9.238986969E0,-1.503589988E0
3.732188807E1,-3.787240028E0,8.891729355E0,-1.522732496E0
3.732426573E1,-3.684348583E0,8.714659691E0,-2.073380709E0
3.732664416E1,-3.626920938E0,8.321938515E0,-2.142772675E0
3.732902265E1,-3.423531055E0,8.365009308E0,-2.073380709E0
3.733140031E1,-3.238984585E0,8.410472870E0,-2.537887573E0
3.733377796E1,-3.030808926E0,8.372187614E0,-2.437388897E0
3.733615640E1,-2.791526794E0,8.695517540E0,-2.104487419E0
3.733853484E1,-2.808276415E0,8.317152023E0,-2.396710873E0
3.734091250E1,-2.578266382E0,7.728219032E0,-2.482852697E0
3.734329020E1,-2.561516523E0,7.938787460E0,-1.651944876E0
3.734566864E1,-2.520838737E0,8.290831566E0,-2.432603359E0
3.734804708E1,-2.659622431E0,8.472685814E0,-3.095714331E0
3.735042474E1,-2.827419043E0,8.764909744E0,-3.541078329E0
3.735280239E1,-2.736192703E0,9.107083321E0,-3.272783279E0
3.735518083E1,-2.717050076E0,9.382556915E0,-3.007179976E0
3.735755932E1,-2.602194548E0,9.451948166E0,-2.647957325E0
3.735993698E1,-2.367697954E0,9.755837440E0,-3.028715372E0
3.736231463E1,-2.439482689E0,9.890133858E0,-2.933002472E0
3.736469307E1,-2.844168901E0,9.499805450E0,-3.203391314E0
3.736707151E1,-2.789133787E0,9.092725754E0,-3.272783279E0
3.736944916E1,-2.437089920E0,9.327521324E0,-3.110071182E0
3.737182687E1,-2.274377823E0,9.593125343E0,-2.478066921E0
3.737420531E1,-2.142473459E0,9.751050949E0,-2.674278498E0
3.737658375E1,-2.137687922E0,9.234201431E0,-2.377568483E0
3.737896140E1,-2.106581211E0,9.392127991E0,-2.461317301E0
3.738133911E1,-1.905584097E0,9.550054550E0,-2.003988981E0
3.738371755E1,-2.228914261E0,9.154939651E0,-2.784348249E0
3.738609599E1,-2.432304144E0,9.013762474E0,-2.791526794E0
3.738847364E1,-2.350948334E0,9.111868858E0,-2.655135870E0
3.739085130E1,-2.132902384E0,9.107083321E0,-2.664707184E0
3.739322974E1,-1.994118571E0,9.066405296E0,-2.413460732E0
3.739560823E1,-1.699801445E0,8.712266922E0,-1.304985642E0
3.739798588E1,-1.393221021E0,9.676874161E0,-1.494018674E0
3.740036354E1,-1.934298038E0,9.169296265E0,-2.298306227E0
3.740274198E1,-2.207378864E0,8.604290962E0,-2.509173632E0
3.740512041E1,-2.303091764E0,8.400900841E0,-2.698206663E0
3.740749807E1,-2.236092806E0,8.233403206E0,-2.195414782E0
3.740987578E1,-2.089831591E0,8.305188179E0,-1.769492388E0
3.741225421E1,-1.939083695E0,8.510971069E0,-1.278664589E0
3.741463265E1,-1.311864972E0,9.195617676E0,-1.742872238E0
3.741701031E1,-1.402792215E0,8.001000404E0,-9.840483069E-1
3.741938802E1,-1.766800404E0,7.553543091E0,-1.367199063E0
3.742176645E1,-2.020439625E0,6.890132904E0,-1.510768414E0
3.742414489E1,-1.503290772E0,6.227021694E0,-1.415055513E0
3.742652255E1,-1.366899967E0,6.384948254E0,-9.050851464E-1
3.742890020E1,-1.496112347E0,6.768098831E0,-1.288235903E0
3.743127864E1,-1.628016710E0,6.926024914E0,-1.252343535E0
3.743365713E1,-1.649552107E0,7.084250450E0,-1.249950767E0
3.743603479E1,-1.716551185E0,7.342675209E0,-1.434198022E0
3.743841244E1,-1.742872238E0,7.507780075E0,-1.450947881E0
3.744079088E1,-1.790728688E0,7.675576687E0,-1.517946839E0
3.744316932E1,-1.362114310E0,8.197511673E0,-1.218844056E0
3.744554698E1,-8.018946648E-1,8.271688461E0,-1.398305774E0
3.744792468E1,-1.122832060E0,7.170392036E0,-2.030309916E0
3.745030312E1,-1.491326690E0,6.301199436E0,-2.013560295E0
3.745268156E1,-1.800299883E0,5.920740604E0,-1.570588946E0
3.745505921E1,-1.783550143E0,6.040381432E0,-1.247557878E0
3.745743692E1,-1.642373681E0,6.176772594E0,-1.153938770E0
3.745981536E1,-1.570289850E0,6.224628925E0,-1.252343535E0
3.746219380E1,-1.783550143E0,6.157629967E0,-1.675873160E0
3.746457145E1,-1.776371717E0,5.975775242E0,-1.781456470E0
3.746694916E1,-1.220937729E0,6.176772594E0,-1.151545882E0
3.746932760E1,-9.047860503E-1,6.329913139E0,-9.337990284E-1
3.747170604E1,-5.386841893E-1,6.514459610E0,-7.495517135E-1
3.747408369E1,-2.392822653E-1,6.693921566E0,-7.280163169E-1
3.747646135E1,-1.148554832E-1,6.792026997E0,-7.974081635E-1
3.747883979E1,-1.459621787E-1,6.811169624E0,-8.979067206E-1
3.748121828E1,-2.249253243E-1,6.803991318E0,-1.115653515E0
3.748359593E1,-3.828516304E-1,6.815955162E0,-1.355234981E0
3.748597359E1,-4.331009090E-1,6.825526714E0,-1.580160260E0
3.748835203E1,-4.426721931E-1,6.851847649E0,-1.740479350E0
3.749073046E1,-3.996013701E-1,6.892525673E0,-1.879562140E0
3.749310812E1,-3.302095234E-1,6.945167542E0,-2.027917147E0
3.749548583E1,-2.153540403E-1,6.964310169E0,-2.099701881E0
3.749786427E1,-1.555334777E-1,6.961917400E0,-2.216950178E0
3.750024270E1,-1.196411327E-1,6.957131863E0,-2.360818624E0
3.750262036E1,-9.810572863E-2,6.954739094E0,-2.420639277E0
3.750499807E1,-4.785645381E-2,6.904489517E0,-2.485245466E0
3.750737651E1,-6.221338734E-2,6.916453838E0,-2.530709028E0
3.750975494E1,-8.614161611E-2,6.928418159E0,-2.580958366E0
3.751213260E1,-1.651047617E-1,6.878168583E0,-2.616850615E0
3.751451026E1,-1.986042857E-1,6.830312252E0,-2.640778780E0
3.751688869E1,-2.321037948E-1,6.820741177E0,-2.614457846E0
3.751926718E1,-1.986042857E-1,6.825526714E0,-2.592922449E0
3.752164484E1,-2.273181528E-1,6.823133945E0,-2.566601276E0
3.752402250E1,-2.799602449E-1,6.794419765E0,-2.528316259E0
3.752640093E1,-3.254238665E-1,6.830312252E0,-2.528316259E0
3.752877942E1,-3.900300860E-1,6.803991318E0,-2.513959408E0
3.753115708E1,-4.761717021E-1,6.899703979E0,-2.475674152E0
3.753353474E1,-5.721837282E-1,6.981359005E0,-2.509173632E0
3.753591317E1,-6.655037999E-1,7.074679375E0,-2.578565598E0
3.753829161E1,-7.947162390E-1,7.194320202E0,-2.595315218E0
3.754066927E1,-9.239286184E-1,7.309175968E0,-2.595315218E0
3.754304698E1,-1.065105200E0,7.455138206E0,-2.655135870E0
3.754542541E1,-1.189831018E0,7.642077446E0,-2.724527597E0
3.754780385E1,-1.354935765E0,7.804789066E0,-2.813062191E0
3.755018151E1,-1.532004714E0,8.005785942E0,-2.880360365E0
3.755255916E1,-1.776371717E0,8.175975800E0,-2.961716175E0
3.755493760E1,-1.991725802E0,8.331509590E0,-2.964108944E0
3.755731609E1,-2.171187401E0,8.484649658E0,-2.964108944E0
3.755969375E1,-2.358126640E0,8.625826836E0,-2.940180779E0
3.756207140E1,-2.537588358E0,8.776873589E0,-2.899502754E0
3.756444984E1,-2.745764017E0,8.839086533E0,-2.796312332E0
3.756682833E1,-2.954238653E0,8.908478737E0,-2.734098911E0
3.756920598E1,-3.155235767E0,8.953942299E0,-2.628814697E0
3.757158364E1,-3.330210924E0,9.018548965E0,-2.557030201E0
3.757396208E1,-3.528815269E0,9.119047165E0,-2.525923491E0
3.757634052E1,-3.717848301E0,9.183652878E0,-2.518744946E0
3.757871817E1,-3.861417532E0,9.279664993E0,-2.537887573E0
3.758109588E1,-4.055535316E0,9.272486687E0,-2.578565598E0
3.758347432E1,-4.179962158E0,9.284450531E0,-2.640778780E0
3.758585276E1,-4.261318207E0,9.317950249E0,-2.724527597E0
3.758823041E1,-4.294817448E0,9.361021042E0,-2.813062191E0
3.759060812E1,-4.318745613E0,9.377771378E0,-2.909074068E0
3.759298656E1,-4.318745613E0,9.418449402E0,-3.011965513E0
3.759536500E1,-4.290031910E0,9.420842171E0,-3.143570662E0
3.759774265E1,-4.244568348E0,9.423234940E0,-3.306282759E0
3.760012031E1,-4.177569389E0,9.432806015E0,-3.450151205E0
3.760249875E1,-4.134498596E0,9.447162628E0,-3.596113443E0
3.760487724E1,-4.069892406E0,9.447162628E0,-3.777967930E0
3.760725489E1,-4.005286217E0,9.394520760E0,-3.880859137E0
3.760963255E1,-3.888037682E0,9.351449966E0,-4.027120590E0
3.761201099E1,-3.770490170E0,9.332307816E0,-4.144368649E0
3.761438948E1,-3.674777269E0,9.308379173E0,-4.232903481E0
3.761676713E1,-3.564707518E0,9.227023125E0,-4.323830605E0
3.761914479E1,-3.473780155E0,9.154939651E0,-4.362115860E0
3.762152323E1,-3.435495138E0,9.087940216E0,-4.371686935E0
3.762390166E1,-3.382853031E0,8.975478172E0,-4.366901398E0
3.762627932E1,-3.346960783E0,8.889336586E0,-4.273581028E0
3.762865703E1,-3.339782238E0,8.822337151E0,-4.187439442E0
3.763103546E1,-3.308376312E0,8.829515457E0,-4.151547432E0
3.763341390E1,-3.339782238E0,8.798408508E0,-4.086941242E0
3.763579156E1,-3.387638569E0,8.817551613E0,-4.003192425E0
3.763816927E1,-3.483351469E0,8.877371788E0,-4.024727821E0
3.764054770E1,-3.638885021E0,8.906085968E0,-4.067798615E0
3.764292614E1,-3.777668715E0,8.977870941E0,-4.118047714E0
3.764530380E1,-3.904787540E0,9.054440498E0,-4.163511276E0
3.764768145E1,-3.986143351E0,9.174081802E0,-4.211368084E0
3.765005989E1,-4.079463482E0,9.296415329E0,-4.230510235E0
3.765243838E1,-4.158426762E0,9.351449966E0,-4.237689018E0
3.765481604E1,-4.246961117E0,9.392127991E0,-4.242474556E0
3.765719369E1,-4.376173496E0,9.408877373E0,-4.252045631E0
3.765957213E1,-4.515256405E0,9.396913528E0,-4.244867325E0
3.766195057E1,-4.615755081E0,9.372985840E0,-4.206582069E0
3.766432823E1,-4.711467743E0,9.365806580E0,-4.177868366E0
3.766670593E1,-4.761716843E0,9.327521324E0,-4.127619267E0
3.766908437E1,-4.857429981E0,9.274879456E0,-4.146761417E0
3.767146281E1,-4.962714195E0,9.207581520E0,-4.146761417E0
3.767384046E1,-5.037190914E0,9.128618240E0,-4.096512318E0
3.767621817E1,-5.032404900E0,9.016156197E0,-4.058227062E0
3.767859661E1,-5.044369221E0,8.927620888E0,-3.964607954E0
3.768097505E1,-5.058726311E0,8.863015175E0,-3.849752426E0
3.768335270E1,-5.053940296E0,8.757730484E0,-3.763610840E0
3.768573041E1,-5.065904617E0,8.688339233E0,-3.655933857E0
3.768810885E1,-5.077868938E0,8.597112656E0,-3.519542933E0
3.769048729E1,-5.101797104E0,8.475078583E0,-3.349353552E0
3.769286494E1,-5.125725269E0,8.410472870E0,-3.241676569E0
3.769524260E1,-5.128118038E0,8.317152023E0,-3.093321562E0
3.769762104E1,-5.085047245E0,8.259724617E0,-3.021536827E0
3.769999953E1,-5.049154758E0,8.242975235E0,-2.935395241E0
3.770237718E1,-5.003691196E0,8.204689980E0,-2.841775894E0
3.770475484E1,-4.981856823E0,8.252546310E0,-2.786741018E0
3.770713328E1,-4.936393261E0,8.317152023E0,-2.647957325E0
3.770951171E1,-4.886143684E0,8.503792763E0,-2.497209549E0
3.771188937E1,-4.814359188E0,8.690732002E0,-2.295913219E0
3.771426708E1,-4.759324074E0,8.956335068E0,-2.185843468E0
3.771664552E1,-4.692325115E0,9.274879456E0,-2.027917147E0
3.771902395E1,-4.594219685E0,9.612267494E0,-1.917847395E0
3.772140161E1,-4.448257446E0,1.009830952E1,-1.874776483E0
3.772377932E1,-4.223032951E0,1.062263680E1,-1.879562140E0
3.772615776E1,-3.964607954E0,1.127139091E1,-1.893919110E0
3.772853619E1,-3.686741590E0,1.193450165E1,-1.968096614E0
3.773091385E1,-3.430709362E0,1.266251850E1,-2.102094650E0
3.773329156E1,-3.229413271E0,1.341894913E1,-2.243271112E0
3.773567000E1,-3.033201694E0,1.412513161E1,-2.439781904E0
3.773804843E1,-2.899203777E0,1.474517155E1,-2.700599432E0
3.774042609E1,-2.796312332E0,1.531017685E1,-2.928216696E0
3.774280374E1,-2.714657307E0,1.579143333E1,-3.143570662E0
3.774518218E1,-2.640479803E0,1.605972862E1,-3.337389469E0
3.774756067E1,-2.561516523E0,1.610997772E1,-3.435794115E0
3.774993833E1,-2.477767944E0,1.599512196E1,-3.416352510E0
3.775231598E1,-2.331805706E0,1.575075531E1,-3.287140131E0
3.775469442E1,-2.187937260E0,1.539900970E1,-3.059821844E0
3.775707286E1,-1.991725802E0,1.499193096E1,-2.726920605E0
3.775945052E1,-1.750050664E0,1.456571007E1,-2.408675194E0
3.776182822E1,-1.472184181E0,1.411077404E1,-2.068595171E0
3.776420666E1,-1.192223907E0,1.369412422E1,-1.798206210E0
3.776658510E1,-8.880363107E-1,1.325862980E1,-1.589731574E0
3.776896276E1,-6.655037999E-1,1.284197998E1,-1.470090389E0
3.777134046E1,-4.833501875E-1,1.250907898E1,-1.434198022E0
3.777371890E1,-3.230310678E-1,1.217886925E1,-1.467697620E0
3.777609734E1,-2.177468538E-1,1.183400345E1,-1.525125384E0
3.777847500E1,-1.555334777E-1,1.146072292E1,-1.596910000E0
3.778085270E1,-1.651047617E-1,1.103928757E1,-1.704586983E0
3.778323114E1,-2.297109663E-1,1.064177990E1,-1.838884234E0
3.778560958E1,-3.565305769E-1,1.024905777E1,-1.965703845E0
3.778798724E1,-5.386841893E-1,9.844670296E0,-2.049452543E0
3.779036489E1,-7.420741320E-1,9.396913528E0,-2.097309113E0
3.779274333E1,-9.741778970E-1,8.970691681E0,-2.092523336E0
3.779512182E1,-1.185045362E0,8.530113220E0,-2.082952023E0
3.779749948E1,-1.299900889E0,8.159226418E0,-1.994417667E0
3.779987713E1,-1.268794179E0,7.929215908E0,-1.936989903E0
3.780225557E1,-1.173081279E0,7.766504288E0,-1.908276081E0
3.780463401E1,-1.017248750E0,7.646862984E0,-1.901097536E0
3.780701166E1,-8.353942037E-1,7.572685242E0,-1.879562140E0
3.780938937E1,-6.726822853E-1,7.488637447E0,-1.850848317E0
3.781176781E1,-5.171487927E-1,7.440781116E0,-1.699801445E0
3.781414624E1,-4.283152521E-1,7.316354275E0,-1.508375525E0
3.781652390E1,-3.708875179E-1,7.223034382E0,-1.314556956E0
3.781890161E1,-3.613162339E-1,7.239784241E0,-1.103689432E0
3.782128005E1,-3.278166950E-1,7.285247803E0,-8.883354068E-1
3.782365848E1,-2.368894368E-1,7.409674644E0,-6.801598072E-1
3.782603614E1,-1.555334777E-1,7.567899704E0,-4.788636267E-1
3.782841385E1,-5.264209956E-2,7.776075363E0,-3.233301640E-1
3.783079229E1,4.307080805E-2,7.972286701E0,-2.228316069E-1
3.783317072E1,1.295115203E-1,8.183154106E0,-1.414756328E-1
3.783554838E1,1.941177398E-1,8.353044510E0,-1.271187067E-1
3.783792604E1,2.850449979E-1,8.554041862E0,-1.151545867E-1
3.784030448E1,2.874378264E-1,8.740981102E0,-1.534397453E-1
3.784268296E1,2.180459648E-1,8.827122688E0,-2.204387933E-1
3.784506062E1,1.510469317E-1,9.035298347E0,-3.281157911E-1
3.784743828E1,1.271187067E-1,9.322735786E0,-2.850449979E-1
3.784981671E1,1.773679852E-1,9.703194618E0,-5.793621540E-1
3.785219515E1,2.324029058E-1,1.014377308E1,-6.538388133E-1
3.785457281E1,3.113660514E-1,1.060588741E1,-8.452646136E-1
3.785695052E1,3.592225015E-1,1.101296616E1,-1.113260746E0
3.785932895E1,3.616153300E-1,1.137189007E1,-1.379163146E0
3.786170739E1,3.281157911E-1,1.168325520E1,-1.742872238E0
3.786408505E1,4.453641176E-1,1.204487133E1,-2.061416626E0
3.786646276E1,5.506483316E-1,1.228176022E1,-2.295913219E0
3.786884119E1,6.056832075E-1,1.262423325E1,-2.633600473E0
3.787121963E1,5.745765567E-1,1.292094326E1,-3.270390272E0
3.787359729E1,2.276172489E-1,1.301187038E1,-4.096512318E0
3.787597500E1,9.571290575E-3,1.308126259E1,-4.805087090E0
3.787835343E1,7.208377868E-2,1.323470211E1,-5.020441055E0
3.788073187E1,3.807578981E-1,1.323230934E1,-4.534399033E0
3.788310953E1,3.664009571E-1,1.307647705E1,-3.665505171E0
3.788548724E1,6.969095767E-2,1.275823116E1,-3.610470295E0
3.788786567E1,-3.278166950E-1,1.226501083E1,-3.943072557E0
3.789024411E1,-5.913262963E-1,1.192493057E1,-4.469792843E0
3.789262177E1,-8.377870321E-1,1.156361485E1,-4.917549610E0
3.789499942E1,-1.062712312E0,1.119482040E1,-5.276772022E0
3.789737786E1,-1.153938770E0,1.093161011E1,-5.542375565E0
3.789975635E1,-1.038784146E0,1.079491997E1,-5.726922035E0
3.790213401E1,-6.128616929E-1,1.062742233E1,-5.322235584E0
3.790451166E1,-1.149153113E0,1.017727280E1,-5.746064663E0
3.790689010E1,-1.371685624E0,9.827920914E0,-5.382056236E0
3.790926854E1,-1.685444474E0,9.368199348E0,-4.635196686E0
3.791164619E1,-1.683051586E0,9.126225471E0,-4.074976921E0
3.791402390E1,-1.503290772E0,9.071190834E0,-3.605684519E0
3.791640234E1,-1.347757339E0,9.008976936E0,-3.198605776E0
3.791878078E1,-1.261615753E0,8.877371788E0,-2.655135870E0
3.792115843E1,-1.125224829E0,8.877371788E0,-2.580958366E0
3.792353614E1,-8.904291391E-1,8.908478737E0,-2.820240498E0
3.792591458E1,-7.372884750E-1,8.951549530E0,-2.738884687E0
3.792829302E1,-6.583253145E-1,8.851051331E0,-2.664707184E0
3.793067067E1,-5.817549825E-1,8.819944382E0,-2.769991398E0
3.793304838E1,-5.099703074E-1,8.743373871E0,-2.928216696E0
3.793542682E1,-3.996013701E-1,8.767302513E0,-2.822633505E0
3.793780526E1,-1.507478207E-1,8.973084450E0,-2.796312332E0
3.794018291E1,-1.722832322E-1,8.968298912E0,-2.456531525E0
3.794256062E1,-2.297109663E-1,8.941978455E0,-2.389532566E0
3.794493906E1,2.392822644E-3,9.123832703E0,-2.921038151E0
3.794731750E1,1.247258782E-1,9.294022560E0,-2.552244425E0
3.794969515E1,6.969095767E-2,9.123832703E0,-1.718943954E0
3.795207281E1,-4.067798331E-2,8.987442017E0,-1.529910922E0
3.795445124E1,-4.785645381E-2,9.107083321E0,-1.563410521E0
3.795682974E1,4.785645381E-2,9.337093353E0,-1.781456470E0
3.795920739E1,1.893320978E-1,9.538089752E0,-2.075773716E0
3.796158505E1,2.443670183E-1,9.758230209E0,-2.351247311E0
3.796396348E1,3.110669367E-2,1.005045319E1,-2.664707184E0
3.796634192E1,1.055833027E-1,9.904491425E0,-2.499602318E0
3.796871958E1,1.893320978E-1,1.029691410E1,-2.387139797E0
3.797109729E1,6.705885530E-1,1.017009449E1,-5.097011566E0
3.797347572E1,6.681957245E-1,9.767801285E0,-3.457329512E0
3.797585416E1,4.381856322E-1,9.260522842E0,-1.879562140E0
3.797823182E1,4.067798331E-2,8.896514893E0,-1.410269856E0
3.798060953E1,-1.890329868E-1,8.930013657E0,-1.630409479E0
3.798298796E1,-2.584248483E-1,9.119047165E0,-1.948953986E0
3.798536640E1,-1.698904037E-1,9.823135376E0,-1.582553029E0
3.798774406E1,-5.913262963E-1,9.792028427E0,-1.879562140E0
3.799012177E1,-8.832506537E-1,9.844670296E0,-3.045464993E0
3.799250020E1,-6.439684033E-1,9.830313683E0,-3.507578850E0
3.799487864E1,-4.331009090E-1,9.957133293E0,-2.628814697E0
3.799725630E1,-2.775674164E-1,1.019641590E1,-5.185844898E0
3.799963395E1,-1.603191197E-1,9.985847473E0,-5.614160061E0
3.800201239E1,-4.187439680E-1,9.119047165E0,-3.232105255E0
3.800439088E1,-7.588238716E-1,8.372187614E0,-1.264307618E0
3.800676854E1,-1.043569803E0,8.092226982E0,-1.271486163E0
3.800914619E1,-1.151545882E0,8.240582466E0,-1.723729610E0
3.801152463E1,-1.149153113E0,8.968298912E0,-1.982453585E0
3.801390307E1,-1.118046403E0,9.523733139E0,-2.204986095E0
3.801628072E1,-1.532004714E0,1.042642593E1,-2.135594130E0
3.801865843E1,-1.893620014E0,1.013420200E1,-1.350449324E0
3.802103687E1,-1.642373681E0,9.875777245E0,-2.494816780E0
3.802341531E1,-1.285543919E0,9.719944954E0,-2.736491680E0
3.802579296E1,-1.139581800E0,9.964311600E0,-2.054238319E0
3.802817067E1,-1.045962572E0,9.545269012E0,-2.145165443E0
3.803054911E1,-8.641080856E-1,1.029691410E1,-5.932704449E0
3.803292755E1,-5.362913609E-1,9.542876244E0,-5.142774105E0
3.803530520E1,-6.367899179E-1,8.350651741E0,-2.537887573E0
3.803768291E1,-9.598209858E-1,7.972286701E0,-9.433703423E-1
3.804006135E1,-1.110867858E0,8.123333931E0,-2.204387933E-1
3.804243979E1,-1.220937729E0,8.443971634E0,-3.589234129E-2
3.804481744E1,-1.232901812E0,8.941978455E0,-5.817549825E-1
3.804719515E1,-1.045962572E0,9.219844818E0,-1.273878932E0
3.804957359E1,-7.851449251E-1,9.279664993E0,-1.810170293E0
3.805195203E1,-6.846463680E-1,9.451948166E0,-2.135594130E0
3.805432968E1,-8.593224287E-1,9.593125343E0,-1.592124343E0
3.805670734E1,-3.996013701E-1,9.260522842E0,-2.288734913E0
3.805908578E1,-2.201396823E-1,8.999405861E0,-2.686242580E0
3.806146427E1,-4.331009090E-1,9.047262192E0,-2.449352980E0
3.806384192E1,-3.852444589E-1,8.690732002E0,-2.669492722E0
3.806621958E1,-4.091726840E-1,8.585148811E0,-2.940180779E0
3.806859802E1,-3.541377485E-1,8.403293610E0,-3.062214851E0
3.807097645E1,-2.967100143E-1,8.329116821E0,-3.246462107E0
3.807335411E1,-2.033899277E-1,8.259724617E0,-3.320639610E0
3.807573182E1,-9.571290761E-2,8.171190262E0,-3.394817114E0
3.807811026E1,-1.268195957E-1,8.231010437E0,-3.354139090E0
3.808048869E1,-2.201396823E-1,8.348258972E0,-3.193820000E0
3.808286635E1,-3.182454109E-1,8.705088615E0,-3.423531055E0
3.808524406E1,-8.473583460E-1,9.906884193E0,-7.948657513E0
3.808762250E1,-5.195416212E-1,7.998608112E0,-4.563411713E0
3.809000093E1,-2.967100143E-1,7.536793232E0,-1.371984720E0
3.809237859E1,-8.377870321E-1,7.495816231E0,-1.630110443E-1
3.809475630E1,-1.033998489E0,7.907680511E0,-8.404789567E-1
3.809713474E1,-7.564310431E-1,8.317152023E0,-2.181057930E0
3.809951317E1,-8.569296002E-1,8.898907661E0,-3.138785124E0
3.810189083E1,-1.709372640E0,9.284450531E0,-2.925823927E0
3.810426854E1,-1.125224829E0,9.442377090E0,-3.277568817E0
3.810664698E1,-5.506483316E-1,9.195617676E0,-3.493221998E0
3.810902541E1,-4.905286431E-1,8.985049248E0,-3.572185040E0
3.811140307E1,-1.141974568E0,9.020941734E0,-3.308675528E0
3.811378073E1,-4.211367965E-1,8.731410027E0,-3.232105255E0
3.811615916E1,-8.853443712E-2,8.443971634E0,-3.296711445E0
3.811853765E1,4.785645381E-2,8.264510155E0,-3.236890793E0
3.812091531E1,4.067798331E-2,8.079963684E0,-3.234498024E0
3.812329296E1,-6.460621208E-2,7.986643791E0,-3.191427231E0
3.812567140E1,-3.948157430E-1,8.079963684E0,-3.007179976E0
3.812804984E1,-6.391827464E-1,8.245368004E0,-2.758027315E0
3.813042750E1,-9.215358496E-1,8.391329765E0,-2.659921408E0
3.813280520E1,-1.065105200E0,8.561220169E0,-2.504388094E0
3.813518364E1,-1.170688510E0,8.664410591E0,-2.401496649E0
3.813756208E1,-1.264008522E0,8.805587769E0,-2.353640079E0
3.813993974E1,-1.362114310E0,8.896514893E0,-2.228914261E0
3.814231744E1,-1.218544960E0,8.956335068E0,-2.209771633E0
3.814469588E1,-1.395613790E0,9.044869423E0,-2.149951220E0
3.814707432E1,-1.558325768E0,9.150154114E0,-2.025524378E0
3.814945198E1,-2.810669184E0,1.017966557E1,-1.132403374E0
3.815182968E1,-2.870489836E0,1.022512913E1,-1.153938770E0
3.815420812E1,-1.903191328E0,9.880562782E0,-2.157129526E0
3.815658656E1,-1.213759303E0,9.375378609E0,-2.571387053E0
3.815896421E1,-1.137188911E0,9.389735222E0,-2.683849812E0
3.816134192E1,-1.577468276E0,9.717552185E0,-2.147558212E0
3.816372036E1,-1.038784146E0,9.811170578E0,-6.895217419E0
3.816609880E1,-6.439684033E-1,9.064012527E0,-2.762812853E0
3.816847645E1,-9.287142754E-1,8.415258408E0,6.966105103E-1
3.817085411E1,-1.797907114E0,8.161619186E0,1.914258115E-2
3.817323255E1,-1.963011861E0,8.510971069E0,-1.651944876E0
3.817561104E1,-1.752443433E0,8.944371223E0,-2.442174673E0
3.817798869E1,-1.515254974E0,9.248558998E0,-2.631207705E0
3.818036635E1,-1.479362607E0,9.408877373E0,-2.762812853E0
3.818274479E1,-1.481755376E0,9.468698502E0,-2.952144861E0
3.818512328E1,-1.632802367E0,9.483055115E0,-2.774776936E0
3.818750093E1,-1.788335800E0,9.502198219E0,-3.011965513E0
3.818987859E1,-1.970190287E0,9.569196701E0,-2.968894720E0
3.819225703E1,-2.180758715E0,9.983454704E0,-2.791526794E0
3.819463552E1,-3.100200891E0,1.070160007E1,-9.888339639E-1
3.819701317E1,-2.889632463E0,1.018205833E1,-2.841775894E0
3.819939083E1,-2.228914261E0,9.540482521E0,-3.677469254E0
3.820176927E1,-1.884048700E0,9.696016312E0,-2.820240498E0
3.820414770E1,-1.565504193E0,9.107083321E0,-2.853740215E0
3.820652536E1,-1.587039590E0,8.994620323E0,-3.011965513E0
3.820890307E1,-1.395613790E0,9.166903496E0,-3.031108141E0
3.821128151E1,-1.280758262E0,9.087940216E0,-2.942573547E0
3.821365994E1,-1.254437327E0,8.894122124E0,-2.956930637E0
3.821603760E1,-1.208973646E0,8.748159409E0,-2.952144861E0
3.821841531E1,-8.497511148E-1,9.291629791E0,-5.176273346E0
3.822079374E1,-5.697908998E-1,9.384949684E0,-8.470293045E0
3.822317218E1,-8.282157183E-1,7.823931694E0,-3.406781197E0
3.822554984E1,-1.635195136E0,7.172784805E0,-9.936196208E-1
3.822792755E1,-2.094617128E0,7.675576687E0,-3.640081584E-1
3.823030598E1,-1.702194214E0,8.477471352E0,-5.745765567E-1
3.823268442E1,-1.137188911E0,8.882157326E0,-2.293520451E0
3.823506208E1,-6.152545214E-1,8.858229637E0,-3.562613726E0
3.823743979E1,-3.110669553E-1,8.669196129E0,-3.916751623E0
3.823981822E1,-2.416750938E-1,8.501399994E0,-3.928715706E0
3.824219666E1,-9.047860503E-1,8.898907661E0,-3.457329512E0
3.824457432E1,-1.572682738E0,8.944371223E0,-2.315355062E0
3.824695198E1,-1.170688510E0,8.858229637E0,-3.162713289E0
3.824933041E1,-8.114659786E-1,8.472685814E0,-3.358924866E0
3.825170890E1,-5.769693851E-1,8.116155624E0,-3.191427231E0
3.825408656E1,-4.354937077E-1,7.776075363E0,-3.150749207E0
3.825646421E1,-4.187439680E-1,7.524529934E0,-3.105285645E0
3.825884265E1,-3.828516304E-1,7.340282440E0,-2.966501951E0
3.826122114E1,-3.278166950E-1,7.299604416E0,-2.980858803E0
3.826359880E1,-1.363908947E-1,7.290033340E0,-2.882753134E0
3.826597645E1,6.011966988E-2,7.400103092E0,-2.784348249E0
3.826835489E1,4.836492836E-1,7.278069019E0,-2.836990356E0
3.827073333E1,1.101296663E0,7.196712971E0,-2.956930637E0
3.827311098E1,1.149153113E0,7.357032299E0,-2.947359324E0
3.827548869E1,7.567301393E-1,7.697112083E0,-2.681456804E0
3.827786713E1,4.573282301E-1,8.094619751E0,-2.547458887E0
3.828024557E1,3.759722710E-1,8.477471352E0,-2.480459690E0
3.828262322E1,4.166502357E-1,8.846264839E0,-2.492423773E0
3.828500093E1,5.243272781E-1,9.212666512E0,-2.487638235E0
3.828737937E1,6.275177598E-1,9.593125343E0,-2.480459690E0
3.828975781E1,7.232306600E-1,9.863813400E0,-2.300698996E0
3.829213546E1,8.333004713E-1,1.016052341E1,-1.908276081E0
3.829451317E1,5.434698462E-1,1.033280659E1,-2.719742060E0
3.829689161E1,3.448655605E-1,1.053888798E1,-3.098107100E0
3.829927005E1,2.419741899E-1,1.070638561E1,-3.279961586E0
3.830164770E1,2.084746659E-1,1.085234833E1,-3.404388428E0
3.830402536E1,1.366899908E-1,1.100818062E1,-3.531507015E0
3.830640380E1,2.392822690E-2,1.115653515E1,-3.648755312E0
3.830878229E1,-1.124626622E-1,1.123549843E1,-3.754039526E0
3.831115994E1,-2.177468538E-1,1.131446171E1,-3.813860178E0
3.831353760E1,-3.708875179E-1,1.129771233E1,-3.919144392E0
3.831591604E1,-5.075774789E-1,1.127856922E1,-3.983750582E0
3.831829453E1,-6.750751138E-1,1.124507046E1,-4.029513359E0
3.832067218E1,-8.042874932E-1,1.115414238E1,-4.070191383E0
3.832304984E1,-8.928219676E-1,1.107996559E1,-4.077369690E0
3.832542828E1,-9.741778970E-1,1.099860954E1,-4.089334011E0
3.832780677E1,-1.045962572E0,1.083320522E1,-4.029513359E0
3.833018442E1,-1.146760225E0,1.067767239E1,-4.027120590E0
3.833256208E1,-1.244866014E0,1.053170967E1,-3.986143351E0
3.833494052E1,-1.347757339E0,1.037378311E1,-3.926322937E0
3.833731895E1,-1.448255897E0,1.020837975E1,-3.878466368E0
3.833969661E1,-1.541576028E0,9.997811317E0,-3.825824261E0
3.834207432E1,-1.632802367E0,9.806385040E0,-3.756432533E0
3.834445276E1,-1.706979871E0,9.636196136E0,-3.663112402E0
3.834683119E1,-1.771586061E0,9.509376526E0,-3.555435419E0
3.834920885E1,-1.802692771E0,9.370592117E0,-3.459722519E0
3.835158656E1,-1.819442511E0,9.270093918E0,-3.339782238E0
3.835396500E1,-1.824228168E0,9.202795982E0,-3.239283562E0
3.835634343E1,-1.788335800E0,9.123832703E0,-3.131606579E0
3.835872109E1,-1.766800404E0,9.071190834E0,-3.047857761E0
3.836109880E1,-1.738086581E0,9.016156197E0,-3.031108141E0
3.836347724E1,-1.718943954E0,9.004191399E0,-2.916252613E0
3.836585567E1,-1.656730533E0,8.961120605E0,-2.820240498E0
3.836823333E1,-1.575075507E0,8.939585686E0,-2.779562712E0
3.837061104E1,-1.522433400E0,8.961120605E0,-2.681456804E0
3.837298948E1,-1.517647743E0,8.975478172E0,-2.602493763E0
3.837536791E1,-1.457827210E0,8.956335068E0,-2.554637194E0
3.837774557E1,-1.421934843E0,8.961120605E0,-2.557030201E0
3.838012323E1,-1.400399446E0,8.965906143E0,-2.580958366E0
3.838250166E1,-1.383649707E0,8.980263710E0,-2.566601276E0
3.838488015E1,-1.340578914E0,8.994620323E0,-2.528316259E0
3.838725781E1,-1.295115232E0,8.975478172E0,-2.513959408E0
3.838963546E1,-1.249651670E0,8.958727837E0,-2.490031004E0
3.839201390E1,-1.187438250E0,8.956335068E0,-2.561815739E0
3.839439239E1,-1.163509965E0,8.922835350E0,-2.619243383E0
3.839677005E1,-1.115653515E0,8.874979019E0,-2.700599432E0
3.839914770E1,-1.055533886E0,8.776873589E0,-2.758027315E0
3.840152614E1,-9.215358496E-1,8.721838951E0,-2.793919563E0
3.840390463E1,-8.569296002E-1,8.630612373E0,-2.860918522E0
3.840628229E1,-7.803592682E-1,8.558827400E0,-2.928216696E0
3.840865994E1,-7.444669604E-1,8.475078583E0,-2.978466034E0
3.841103838E1,-6.846463680E-1,8.353044510E0,-3.043072224E0
3.841341682E1,-6.918248534E-1,8.228617668E0,-3.067000389E0
3.841579448E1,-7.133602500E-1,8.164011955E0,-2.978466034E0
3.841817218E1,-6.535396576E-1,8.082356453E0,-2.836990356E0
3.842055062E1,-6.224330068E-1,8.077570915E0,-2.702992201E0
3.842292906E1,-5.913262963E-1,8.051250458E0,-2.523530483E0
3.842530671E1,-5.578267574E-1,8.027321815E0,-2.300698996E0
3.842768442E1,-5.315057039E-1,8.036892891E0,-2.061416626E0
3.843006286E1,-4.426721931E-1,8.012965202E0,-1.795813441E0
3.843244130E1,-3.613162339E-1,7.979465485E0,-1.668694735E0
3.843481895E1,-2.847459018E-1,7.957930088E0,-1.565803289E0
3.843719666E1,-7.417750359E-2,7.962715626E0,-1.269093275E0
3.843957510E1,1.558325738E-1,7.989036560E0,-8.452646136E-1
3.844195354E1,3.664009571E-1,8.010572433E0,-6.056832075E-1
3.844433119E1,5.865406394E-1,8.056035995E0,-5.027918816E-1
3.844670890E1,7.447660565E-1,8.108976364E0,-5.673980713E-1
3.844908734E1,9.361918569E-1,8.067999840E0,-6.442674994E-1
3.845146578E1,1.130010486E0,8.020143509E0,-8.500502706E-1
3.845384343E1,6.466603279E-1,7.972286701E0,-1.706979871E0
3.845622109E1,7.686942816E-1,8.084749222E0,-1.470090389E0
3.845859953E1,1.029511929E0,8.202297211E0,-9.290133715E-1
3.846097802E1,1.206879973E0,8.527720451E0,-6.275177598E-1
3.846335567E1,1.405484200E0,8.774480820E0,-7.806583643E-1
3.846573333E1,1.810170293E0,9.250951767E0,-1.079761237E-1
3.846811177E1,1.498804331E0,9.423234940E0,1.244267747E-1
3.847049026E1,1.455733418E0,9.629017830E0,-2.778665423E-1
3.847286791E1,1.324128270E0,1.006002426E1,-6.897311211E-1
3.847524557E1,1.348056436E0,1.055085278E1,-8.189435601E-1
3.847762401E1,1.362413406E0,1.111107159E1,-8.691928387E-1
3.848000250E1,1.336092353E0,1.170957661E1,-8.524430394E-1
3.848238015E1,1.362413406E0,1.227697468E1,-7.782655358E-1
3.848475781E1,1.383948803E0,1.284915829E1,-7.256234884E-1
3.848713624E1,1.407876968E0,1.350509071E1,-6.562315822E-1
3.848951468E1,1.338485122E0,1.393849087E1,-6.490531564E-1
3.849189234E1,1.072582722E0,1.433599854E1,-5.721837282E-1
3.849427005E1,6.490531564E-1,1.459442329E1,-4.692923427E-1
3.849664848E1,3.376871049E-1,1.479302788E1,-3.616153300E-1
3.849902692E1,-7.896314561E-2,1.484836197E1,-3.329014480E-1
3.850140458E1,-5.195416212E-1,1.490339661E1,-0.000000000E0
3.850378229E1,-1.074975610E0,1.478824234E1,2.057827413E-1
3.850616072E1,-1.560718536E0,1.475952816E1,1.507478207E-1
3.850853916E1,-2.063510418E0,1.457528114E1,1.531406492E-1
3.851091682E1,-2.642872572E0,1.441974735E1,2.775674164E-1
3.851329453E1,-3.076272726E0,1.431924915E1,1.651047617E-1
3.851567296E1,-3.473780155E0,1.421845150E1,1.268195957E-1
3.851805140E1,-3.732205153E0,1.427857113E1,1.100698411E-1
3.852042906E1,-3.983750582E0,1.420409393E1,9.810572863E-2
3.852280677E1,-4.144069672E0,1.418495178E1,-4.307080805E-2
3.852518520E1,-4.352245331E0,1.418255901E1,-2.347957194E-1
3.852756364E1,-4.484149456E0,1.410120296E1,-3.879363835E-1
3.852994130E1,-4.548755646E0,1.402463245E1,-5.578267574E-1
3.853231901E1,-4.646861553E0,1.389302731E1,-5.267201066E-1
3.853469744E1,-4.682754040E0,1.373749352E1,-6.224330068E-1
3.853707588E1,-4.646861553E0,1.349312687E1,-5.913262963E-1
3.853945354E1,-4.546362877E0,1.328016567E1,-5.003990531E-1
3.854183125E1,-4.500899315E0,1.294008541E1,-2.371885478E-1
3.854420968E1,-4.465006828E0,1.268644619E1,-1.725823283E-1
3.854658812E1,-4.419244289E0,1.250668621E1,-1.725823283E-1
3.854896578E1,-4.493721008E0,1.225065327E1,4.307080805E-2
3.855134343E1,-4.469792843E0,1.194885921E1,1.435693651E-1
3.855372187E1,-4.404887199E0,1.173589802E1,5.264209956E-2
3.855610036E1,-4.373780727E0,1.157318592E1,-8.644071966E-2
3.855847802E1,-4.211068630E0,1.135274696E1,-2.012962103E-1
3.856085567E1,-4.012464523E0,1.114457130E1,-2.611167729E-1
3.856323411E1,-4.036392689E0,1.079491997E1,-2.395813614E-1
3.856561260E1,-4.005286217E0,1.059631634E1,-6.176473498E-1
3.856799026E1,-4.057928085E0,1.037856865E1,-9.409775138E-1
3.857036791E1,-4.122534275E0,1.018445110E1,-1.257129192E0
3.857274635E1,-4.251746655E0,9.909276962E0,-1.563410521E0
3.857512479E1,-4.290031910E0,9.566803932E0,-1.594517231E0
3.857750244E1,-4.074677944E0,9.435198784E0,-1.541875124E0
3.857988015E1,-3.803989887E0,9.178867340E0,-1.508375525E0
3.858225859E1,-3.538386583E0,8.977870941E0,-1.637588024E0
3.858463703E1,-3.308376312E0,8.721838951E0,-1.711765528E0
3.858701468E1,-3.200699329E0,8.496614456E0,-2.023131609E0
3.858939239E1,-3.337389469E0,8.252546310E0,-2.497209549E0
3.859177083E1,-3.610171080E0,7.512565613E0,-3.536292791E0
3.859414927E1,-2.765205622E0,7.500601768E0,-3.438187122E0
3.859652692E1,-2.307877541E0,7.867002487E0,-2.094916344E0
3.859890463E1,-2.015654087E0,8.319544792E0,-2.181057930E0
3.860128307E1,-1.886441588E0,8.657232285E0,-2.492423773E0
3.860366151E1,-1.819442511E0,8.932407379E0,-2.518744946E0
3.860603916E1,-1.840977907E0,9.131011009E0,-2.142772675E0
3.860841687E1,-1.845763564E0,9.396913528E0,-2.044667006E0
3.861079531E1,-1.951047778E0,9.334700584E0,-2.216950178E0
3.861317375E1,-2.106581211E0,9.212666512E0,-2.236092806E0
3.861555140E1,-2.118545294E0,9.387342453E0,-1.992024899E0
3.861792911E1,-2.027618170E0,9.289237022E0,-2.051845312E0
3.862030755E1,-2.144866467E0,9.420842171E0,-1.580160260E0
3.862268599E1,-2.248056889E0,9.559625626E0,-2.411067963E0
3.862506364E1,-2.437089920E0,9.413662910E0,-2.875574589E0
3.862744135E1,-2.475374937E0,9.456734657E0,-2.918645382E0
3.862981979E1,-2.355733871E0,9.715159416E0,-2.549851656E0
3.863219822E1,-2.283949137E0,1.022512913E1,-2.190629244E0
3.863457588E1,-2.537588358E0,1.024666500E1,-2.509173632E0
3.863695359E1,-2.932703257E0,9.847063065E0,-2.255235434E0
3.863933203E1,-2.621337175E0,9.758230209E0,-1.642373681E0
3.864171046E1,-2.193022013E0,9.234201431E0,-7.926225066E-1
3.864408812E1,-2.465803623E0,8.934800148E0,-1.070189953E0
3.864646578E1,-2.693121910E0,8.525327682E0,-1.467697620E0
3.864884421E1,-2.676372051E0,8.417651176E0,-1.742872238E0
3.865122270E1,-2.650051117E0,8.589934349E0,-1.925025821E0
3.865360036E1,-2.528017044E0,8.793622971E0,-1.779063582E0
3.865597802E1,-2.482553482E0,8.652147293E0,-1.503589988E0
3.865835645E1,-2.372483730E0,9.104690552E0,-8.859425783E-1
3.866073494E1,-2.719442844E0,8.781659126E0,-1.855633974E0
3.866311260E1,-2.920739174E0,8.384151459E0,-1.539482236E0
3.866549026E1,-2.911167860E0,8.350651741E0,-1.774278045E0
3.866786869E1,-2.980559587E0,8.079963684E0,-1.989632010E0
3.867024718E1,-2.966202736E0,7.874181271E0,-2.063809633E0
3.867262484E1,-2.906382322E0,7.859824181E0,-2.128415823E0
3.867500250E1,-2.805883646E0,7.893323898E0,-2.039881229E0
3.867738093E1,-2.276770830E0,7.771289825E0,-1.125224829E0
3.867975942E1,-1.723729610E0,8.554041862E0,-1.366899908E-1
3.868213708E1,-1.836192250E0,8.515756607E0,-1.202094316E0
3.868451474E1,-2.415554523E0,7.828717709E0,-1.798206210E0
3.868689317E1,-2.568695068E0,7.481459141E0,-2.250449657E0
3.868927161E1,-2.470589399E0,7.251748085E0,-2.236092806E0
3.869164927E1,-2.324627161E0,7.206284523E0,-1.862812400E0
3.869402698E1,-2.159223318E0,7.266105175E0,-1.738086581E0
3.869640541E1,-1.936690807E0,7.330711365E0,-1.788634896E0
3.869878385E1,-1.532004714E0,7.632505894E0,-1.465304732E0
3.870116151E1,-8.688937426E-1,8.314759254E0,-2.061416626E0
3.870353921E1,-1.314257860E0,7.380960464E0,-2.171486616E0
3.870591765E1,-1.563111424E0,6.461817741E0,-2.197807550E0
3.870829609E1,-1.690230131E0,5.800800323E0,-2.279163599E0
3.871067374E1,-1.850549221E0,5.750551224E0,-2.023131609E0
3.871305145E1,-1.635195136E0,5.851348877E0,-1.247557878E0
3.871542989E1,-1.673480392E0,6.377769470E0,-1.177866936E0
3.871780833E1,-1.654337764E0,6.801598549E0,-1.805384636E0
3.872018598E1,-1.661516190E0,7.101000309E0,-2.020738840E0
3.872256369E1,-1.637588024E0,7.270890713E0,-1.905883193E0
3.872494213E1,-1.603789330E0,7.371389389E0,-1.826920033E0
3.872732057E1,-1.407577872E0,7.380960464E0,-1.989632010E0
3.872969822E1,-1.213759303E0,7.218248844E0,-2.032702923E0
3.873207593E1,-1.038784146E0,7.112964630E0,-2.018345833E0
3.873445437E1,-9.454640746E-1,7.112964630E0,-2.001596212E0
3.873683281E1,-7.109674215E-1,7.383353233E0,-1.474876046E0
3.873921046E1,-1.627119333E-1,8.022536278E0,-1.905883193E0
3.874158817E1,-7.683951855E-1,6.976573467E0,-2.365604401E0
3.874396661E1,-1.426720500E0,5.982954025E0,-2.195414782E0
3.874634505E1,-1.340578914E0,6.073881149E0,-1.680658817E0
3.874872270E1,-1.022034407E0,6.440282345E0,-1.563410521E0
3.875110041E1,-7.229315639E-1,6.753741741E0,-1.513161182E0
3.875347885E1,-5.793621540E-1,6.892525673E0,-1.716551185E0
3.875585729E1,-4.809573591E-1,6.954739094E0,-1.989632010E0
3.875823494E1,-4.067798555E-1,7.000501633E0,-2.181057930E0
3.876061260E1,-3.110669553E-1,7.069893837E0,-2.295913219E0
3.876299104E1,-2.656033039E-1,7.136892796E0,-2.365604401E0
3.876536953E1,-2.368894368E-1,7.227819920E0,-2.456531525E0
3.876774718E1,-2.033899277E-1,7.330711365E0,-2.518744946E0
3.877012484E1,-2.368894368E-1,7.388139248E0,-2.597707987E0
3.877250328E1,-3.014956415E-1,7.435995579E0,-2.604886532E0
3.877488177E1,-3.373879790E-1,7.510172844E0,-2.619243383E0
3.877725942E1,-4.115654826E-1,7.570292473E0,-2.595315218E0
3.877963708E1,-4.857429862E-1,7.637291908E0,-2.583351135E0
3.878201552E1,-5.697908998E-1,7.668398380E0,-2.564208508E0
3.878439401E1,-6.559324861E-1,7.716254711E0,-2.513959408E0
3.878677166E1,-7.133602500E-1,7.804789066E0,-2.444567442E0
3.878914932E1,-7.971090674E-1,7.914859295E0,-2.394318104E0
3.879152776E1,-9.191430211E-1,8.022536278E0,-2.346461773E0
3.879390624E1,-1.043569803E0,8.046463966E0,-2.310569286E0
3.879628390E1,-1.134796143E0,8.116155624E0,-2.264806747E0
3.879866156E1,-1.218544960E0,8.252546310E0,-2.212164640E0
3.880104000E1,-1.326221943E0,8.360222816E0,-2.228914261E0
3.880341843E1,-1.443470240E0,8.494221687E0,-2.224128723E0
3.880579609E1,-1.579861164E0,8.640183449E0,-2.274377823E0
3.880817380E1,-1.730908036E0,8.812766075E0,-2.332104683E0
3.881055224E1,-1.900798440E0,8.934800148E0,-2.413460732E0
3.881293067E1,-2.056331873E0,9.040083885E0,-2.494816780E0
3.881530833E1,-2.202593327E0,9.166903496E0,-2.549851656E0
3.881768604E1,-2.372483730E0,9.270093918E0,-2.580958366E0
3.882006448E1,-2.580659151E0,9.313164711E0,-2.590529680E0
3.882244291E1,-2.774776936E0,9.313164711E0,-2.571387053E0
3.882482057E1,-2.954238653E0,9.315557480E0,-2.516352177E0
3.882719828E1,-3.100200891E0,9.327521324E0,-2.468495607E0
3.882957671E1,-3.253341436E0,9.313164711E0,-2.365604401E0
3.883195515E1,-3.442673683E0,9.248558998E0,-2.308176517E0
3.883433281E1,-3.641277790E0,9.159725189E0,-2.212164640E0
3.883671052E1,-3.784847260E0,9.114261627E0,-2.128415823E0
3.883908895E1,-3.926322937E0,9.097511292E0,-2.092523336E0
3.884146739E1,-4.002892971E0,9.104690552E0,-2.090130568E0
3.884384505E1,-4.163212299E0,9.107083321E0,-2.149951220E0
3.884622276E1,-4.273282051E0,9.085547447E0,-2.166700840E0
3.884860119E1,-4.347459793E0,9.066405296E0,-2.274377823E0
3.885097963E1,-4.349852562E0,9.068798065E0,-2.449352980E0
3.885335729E1,-4.361816406E0,9.109476089E0,-2.657528639E0
3.885573500E1,-4.354638100E0,9.099904060E0,-2.846561670E0
3.885811343E1,-4.328317165E0,9.111868858E0,-3.100499868E0
3.886049187E1,-4.273282051E0,9.071190834E0,-3.272783279E0
3.886286953E1,-4.177569389E0,9.032905579E0,-3.442972660E0
3.886524724E1,-4.038785458E0,9.018548965E0,-3.634398460E0
3.886762567E1,-3.888037682E0,9.006584167E0,-3.818645954E0
3.887000411E1,-3.811168194E0,8.886942863E0,-3.923929930E0
3.887238177E1,-3.698705673E0,8.772088051E0,-4.058227062E0
3.887475948E1,-3.581457376E0,8.647361755E0,-4.180261135E0
3.887713791E1,-3.437887907E0,8.527720451E0,-4.225724697E0
3.887951635E1,-3.311068296E0,8.427222252E0,-4.290330887E0
3.888189401E1,-3.179163933E0,8.302795410E0,-4.302295208E0
3.888427171E1,-3.102593660E0,8.221439362E0,-4.223331928E0
3.888665015E1,-3.023630619E0,8.135297775E0,-4.199403763E0
3.888902859E1,-2.992523909E0,8.044071198E0,-4.113262177E0
3.889140624E1,-2.923131943E0,8.041678429E0,-4.005585194E0
3.889378395E1,-2.906382322E0,8.051250458E0,-3.928715706E0
3.889616239E1,-2.939881802E0,8.108976364E0,-3.892823458E0
3.889854083E1,-2.985345364E0,8.180761337E0,-3.835395575E0
3.890091849E1,-3.083451033E0,8.233403206E0,-3.792324781E0
3.890329619E1,-3.222234726E0,8.321938515E0,-3.782753468E0
3.890567463E1,-3.323032379E0,8.429615021E0,-3.813860178E0
3.890805307E1,-3.454637766E0,8.510971069E0,-3.804288864E0
3.891043073E1,-3.579064369E0,8.601898193E0,-3.818645954E0
3.891280838E1,-3.662813187E0,8.690732002E0,-3.794717550E0
3.891518682E1,-3.765704632E0,8.810373306E0,-3.825824261E0
3.891756531E1,-3.888037682E0,8.961120605E0,-3.878466368E0
3.891994296E1,-4.031607151E0,9.047262192E0,-3.945465326E0
3.892232062E1,-4.175176620E0,9.116654396E0,-3.964607954E0
3.892469906E1,-4.294817448E0,9.085547447E0,-3.938287020E0
3.892707755E1,-4.412065983E0,9.061619759E0,-3.933501244E0
3.892945520E1,-4.503292084E0,9.008976936E0,-3.840181351E0
3.893183286E1,-4.584648132E0,8.922835350E0,-3.775574923E0
3.893421130E1,-4.692325115E0,8.788837433E0,-3.670290947E0
3.893658979E1,-4.749752998E0,8.625826836E0,-3.545864105E0
3.893896744E1,-4.752145767E0,8.518149376E0,-3.445365429E0
3.894134510E1,-4.692325115E0,8.436793327E0,-3.351746321E0
3.894372354E1,-4.599005222E0,8.331509590E0,-3.277568817E0
3.894610203E1,-4.546362877E0,8.252546310E0,-3.256033421E0
3.894847968E1,-4.491328239E0,8.192725182E0,-3.212962627E0
3.895085734E1,-4.445864677E0,8.132905006E0,-3.160320520E0
3.895323578E1,-4.390530586E0,8.144868851E0,-3.090928555E0
3.895561427E1,-4.347459793E0,8.204689980E0,-2.992822886E0
3.895799192E1,-4.359423637E0,8.355437279E0,-2.909074068E0
3.896036958E1,-4.357030869E0,8.573184013E0,-2.822633505E0
3.896274802E1,-4.366602421E0,8.889336586E0,-2.731706142E0
3.896512651E1,-4.371387959E0,9.253344536E0,-2.664707184E0
3.896750416E1,-4.309174538E0,9.693623543E0,-2.583351135E0
3.896988182E1,-4.115355968E0,1.019162941E1,-2.511566401E0
3.897226026E1,-3.876073599E0,1.076381397E1,-2.432603359E0
3.897463874E1,-3.571886063E0,1.151815128E1,-2.456531525E0
3.897701640E1,-3.248555899E0,1.239900875E1,-2.592922449E0
3.897939406E1,-2.906382322E0,1.339980698E1,-2.750848770E0
3.898177250E1,-2.602194548E0,1.439342594E1,-2.964108944E0
3.898415098E1,-2.360519648E0,1.547318745E1,-3.217748165E0
3.898652864E1,-2.147259235E0,1.644018745E1,-3.476472139E0
3.898890630E1,-1.979761600E0,1.728066635E1,-3.706183195E0
3.899128474E1,-1.855334878E0,1.797966957E1,-3.813860178E0
3.899366317E1,-1.790728688E0,1.841306877E1,-3.835395575E0
3.899604083E1,-1.785943031E0,1.858056641E1,-3.703790426E0
3.899841854E1,-1.850549221E0,1.846810341E1,-3.423531055E0
3.900079698E1,-1.912762642E0,1.813759613E1,-3.031108141E0
3.900317546E1,-1.963011861E0,1.758934021E1,-2.499602318E0
3.900555312E1,-1.864906192E0,1.714427567E1,-2.202593327E0
3.900793078E1,-1.783550143E0,1.661516190E1,-1.841277003E0
3.901030921E1,-1.647159338E0,1.598076534E1,-1.453340650E0
3.901268765E1,-1.474576950E0,1.528146267E1,-1.273878932E0
3.901506531E1,-1.230509043E0,1.463988686E1,-1.161117196E0
3.901744302E1,-9.837492108E-1,1.397677612E1,-1.139581800E0
3.901982145E1,-7.971090674E-1,1.329930782E1,-1.199701428E0
3.902219989E1,-7.229315639E-1,1.259312630E1,-1.376770377E0
3.902457755E1,-8.210372925E-1,1.178853989E1,-1.496411443E0
3.902695526E1,-1.048355460E0,1.093878841E1,-1.539482236E0
3.902933369E1,-1.333400369E0,1.007916737E1,-1.508375525E0
3.903171213E1,-1.644766450E0,9.361021042E0,-1.505982757E0
3.903408979E1,-1.876870275E0,8.738588333E0,-1.434198022E0
3.903646750E1,-2.041975021E0,8.164011955E0,-1.403091431E0
3.903884593E1,-2.135295153E0,7.666005611E0,-1.367199063E0
3.904122437E1,-2.175973177E0,7.239784241E0,-1.403091431E0
3.904360203E1,-2.089831591E0,6.930810928E0,-1.484447360E0
3.904597974E1,-1.974975944E0,6.689135551E0,-1.522732496E0
3.904835817E1,-1.807478428E0,6.495316982E0,-1.577767372E0
3.905073661E1,-1.618146300E0,6.372983932E0,-1.565803289E0
3.905311427E1,-1.381256819E0,6.322734833E0,-1.467697620E0
3.905549198E1,-1.170688510E0,6.358626842E0,-1.362413406E0
3.905787041E1,-9.861420393E-1,6.394519329E0,-1.214058399E0
3.906024885E1,-8.138588071E-1,6.353841305E0,-1.048654556E0
3.906262651E1,-6.990033388E-1,6.296413898E0,-8.644071817E-1
3.906500421E1,-5.793621540E-1,6.198307991E0,-6.753742099E-1
3.906738265E1,-4.570291340E-1,6.119344711E0,-4.573282301E-1
3.906976109E1,-3.661018610E-1,6.081059456E0,-3.376871049E-1
3.907213875E1,-2.225325108E-1,6.018846035E0,-2.300100774E-1
3.907451645E1,-5.024927482E-2,5.992525101E0,-9.361918271E-2
3.907689489E1,3.110669367E-2,6.002096653E0,-3.589234129E-2
3.907927333E1,6.251249462E-2,6.059524059E0,-5.264209956E-2
3.908165098E1,6.969095767E-2,6.162415504E0,4.307080805E-2
3.908402869E1,5.024927482E-2,6.255735874E0,5.503492057E-2
3.908640713E1,5.024927482E-2,6.418746948E0,8.853443712E-2
3.908878557E1,8.883354068E-2,6.574280262E0,1.220339537E-1
3.909116322E1,5.264209956E-2,6.729813576E0,1.292124242E-1
3.909354093E1,-6.460621208E-2,6.799205780E0,4.067798331E-2
3.909591937E1,-6.221338734E-2,7.191927433E0,-1.103689447E-1
3.909829781E1,4.067798331E-2,7.692326546E0,-4.405784607E-1
3.910067546E1,9.361918271E-2,8.168797493E0,-7.639086246E-1
3.910305317E1,1.749751568E-1,8.669196129E0,-1.271486163E0
3.910543161E1,3.783650696E-1,9.097511292E0,-1.659123421E0
3.910781005E1,5.386841893E-1,9.696016312E0,-2.137987137E0
3.911018770E1,8.596215248E-1,1.042164040E1,-2.595315218E0
3.911256541E1,9.649057388E-1,1.101296616E1,-2.968894720E0
3.911494385E1,5.841478109E-1,1.146311569E1,-4.192225456E0
3.911732229E1,3.951148391E-1,1.203769207E1,-5.173880577E0
3.911969994E1,2.084746659E-1,1.253061390E1,-5.717350483E0
3.912207765E1,2.898306549E-1,1.305733395E1,-5.901597977E0
3.912445609E1,5.147559643E-1,1.357687569E1,-5.700600624E0
3.912683453E1,4.573282301E-1,1.422084427E1,-5.674279690E0
3.912921218E1,-2.560320199E-1,1.442453289E1,-6.186343670E0
3.913158989E1,-8.641080856E-1,1.473560047E1,-6.928717136E0
3.913396833E1,-1.335793257E0,1.469731522E1,-7.136892796E0
3.913634677E1,-2.068295956E0,1.426421356E1,-7.467401028E0
3.913872442E1,-2.645265341E0,1.379252911E1,-7.764111042E0
3.914110213E1,-3.284448147E0,1.326102352E1,-7.850253105E0
3.914348057E1,-3.758526087E0,1.269362545E1,-7.948657513E0
3.914585901E1,-3.803989887E0,1.243968678E1,-7.374081135E0
3.914823666E1,-3.713062525E0,1.208315659E1,-6.847361088E0
3.915061437E1,-3.543172121E0,1.173350525E1,-6.370890141E0
3.915299281E1,-3.344567776E0,1.134078312E1,-5.796313763E0
3.915537125E1,-3.200699329E0,1.096750259E1,-5.221737385E0
3.915774890E1,-3.028416157E0,1.059153080E1,-4.659124851E0
3.916012661E1,-2.856132984E0,1.027059269E1,-4.165904045E0
3.916250505E1,-2.616551638E0,1.004088211E1,-3.892823458E0
3.916488349E1,-2.336591244E0,9.832706451E0,-3.634398460E0
3.916726114E1,-2.142473459E0,9.557232857E0,-2.983251572E0
3.916963885E1,-1.972583175E0,9.282057762E0,-2.255235434E0
3.917201729E1,-1.860120535E0,9.102297783E0,-1.608874083E0
3.917439573E1,-1.622931957E0,9.095118523E0,-1.211665511E0
3.917677338E1,-1.376471281E0,9.217452049E0,-9.290133715E-1
3.917915109E1,-1.125224829E0,9.260522842E0,-6.849454641E-1
3.918152953E1,-7.923234105E-1,9.375378609E0,-6.969096065E-1
3.918390796E1,-4.235295951E-1,9.418449402E0,-9.385846853E-1
3.918628562E1,-6.699903309E-2,9.506983757E0,-1.400698543E0
3.918866333E1,3.305086195E-1,9.648159981E0,-1.901097536E0
3.919104177E1,5.027918816E-1,9.562018394E0,-1.846062660E0
3.919342020E1,5.147559643E-1,9.439984322E0,-1.783849239E0
3.919579786E1,5.051847100E-1,9.411270142E0,-1.709372640E0
3.919817557E1,4.405784607E-1,9.325128555E0,-1.575374603E0
3.920055401E1,5.578267574E-1,9.638588905E0,-2.341675997E0
3.920293244E1,8.069794178E-1,1.007677460E1,-2.693420887E0
3.920531010E1,7.160521746E-1,9.902098656E0,-1.549053550E0
3.920768781E1,2.994019389E-1,9.585947037E0,-8.931210637E-1
3.921006624E1,2.563311160E-1,9.607481956E0,-9.409775138E-1
3.921244468E1,4.094717801E-1,9.837491989E0,-1.221236825E0
3.921482234E1,4.501497746E-1,1.015813065E1,-1.601695657E0
3.921720005E1,-1.579262912E-1,1.100578785E1,-1.647159338E0
3.921957848E1,3.592225015E-1,1.119960594E1,-4.273581028E0
3.922195692E1,3.640081584E-1,1.046471119E1,-3.253640652E0
3.922433458E1,9.361918271E-2,9.753444672E0,-1.711765528E0
3.922671229E1,-4.785645287E-3,9.612267494E0,-1.723729610E0
3.922909072E1,-1.794617027E-1,9.758230209E0,-2.008774519E0
3.923146916E1,-2.608176768E-1,9.988240242E0,-2.291127682E0
3.923384682E1,-3.062812984E-1,1.005523872E1,-2.576172590E0
3.923622453E1,-3.158525825E-1,1.044796085E1,-2.188236237E0
3.923860296E1,-5.243272781E-1,1.009830952E1,-2.638386011E0
3.924098140E1,-1.173081279E0,1.005284595E1,-3.679862022E0
3.924335906E1,-1.287936807E0,9.827920914E0,-3.593720436E0
3.924573677E1,-1.038784146E0,9.866206169E0,-3.014358282E0
3.924811520E1,-8.066803217E-1,1.020598698E1,-4.029513359E0
3.925049364E1,-1.158724308E0,1.002173901E1,-6.014060497E0
3.925287130E1,-1.934298038E0,9.358628273E0,-3.591327667E0
3.925524901E1,-2.171187401E0,8.736195564E0,-2.013560295E0
3.925762744E1,-2.135295153E0,8.681160927E0,-2.209771633E0
3.926000588E1,-1.996511340E0,8.965906143E0,-2.528316259E0
3.926238354E1,-1.910369754E0,9.171689034E0,-2.719742060E0
3.926476124E1,-1.831406593E0,9.215059280E0,-2.846561670E0
3.926713968E1,-1.905584097E0,9.195617676E0,-2.995215654E0
3.926951812E1,-1.702194214E0,9.571589470E0,-2.109273195E0
3.927189578E1,-2.216950178E0,9.408877373E0,-1.544267893E0
3.927427348E1,-2.676372051E0,9.286844254E0,-2.624029160E0
3.927665192E1,-2.408375978E0,8.985049248E0,-2.954537868E0
3.927903036E1,-1.886441588E0,8.695517540E0,-3.148356438E0
3.928140802E1,-1.496112347E0,8.953942299E0,-2.528316259E0
3.928378572E1,-1.383649707E0,8.259724617E0,-1.628016710E0
3.928616416E1,-1.517647743E0,8.381758690E0,-2.652743101E0
3.928854260E1,-1.448255897E0,8.439186096E0,-2.652743101E0
3.929092026E1,-1.273579836E0,8.350651741E0,-2.513959408E0
3.929329796E1,-1.264008522E0,8.183154106E0,-2.523530483E0
3.929567640E1,-1.206580877E0,8.321938515E0,-2.353640079E0
3.929805484E1,-8.952147961E-1,8.915657043E0,-6.059524059E0
3.930043250E1,-1.290329576E0,8.839086533E0,-3.818645954E0
3.930281020E1,-1.014855862E0,7.306783199E0,-8.045865893E-1
3.930518864E1,-1.328614831E0,7.086643219E0,-2.802593410E-1
3.930756708E1,-1.307079315E0,7.572685242E0,-6.729813814E-1
3.930994474E1,-1.127617717E0,8.070392609E0,-1.113260746E0
3.931232244E1,-8.521439433E-1,8.245368004E0,-1.781456470E0
3.931470088E1,-7.277171612E-1,8.247760773E0,-2.135594130E0
3.931707932E1,-1.223330617E0,8.812766075E0,-1.718943954E0
3.931945698E1,-7.612167001E-1,8.429615021E0,-1.750349760E0
3.932183468E1,-2.608176768E-1,8.211868286E0,-2.719742060E0
3.932421312E1,-9.092725813E-2,7.953144073E0,-2.990430117E0
3.932659156E1,-6.460621208E-2,7.654041290E0,-3.241676569E0
3.932896921E1,-1.124626622E-1,7.555935860E0,-3.239283562E0
3.933134692E1,-8.401798606E-1,8.216653824E0,-2.643171787E0
3.933372536E1,-5.793621540E-1,8.745766640E0,-6.126523495E0
3.933610380E1,-5.650052428E-1,8.659625053E0,-5.116453171E0
3.933848145E1,-4.043870270E-1,7.297211647E0,-2.973680258E0
3.934085916E1,-7.444669604E-1,7.091429234E0,-1.417448282E0
3.934323760E1,-7.516453862E-1,7.378567696E0,-1.247258782E-1
3.934561604E1,-7.301099896E-1,7.790432453E0,-6.562315822E-1
3.934799369E1,-6.248258352E-1,8.130512238E0,-1.687837243E0
3.935037140E1,-4.115654826E-1,8.283653259E0,-2.415853500E0
3.935274984E1,-3.110669553E-1,8.415258408E0,-2.836990356E0
3.935512828E1,-2.368894368E-1,8.487042427E0,-2.887538671E0
3.935750593E1,-2.368894368E-1,8.525327682E0,-2.841775894E0
3.935988364E1,-6.008976102E-1,8.752944946E0,-2.683849812E0
3.936226208E1,-1.699801445E0,9.234201431E0,-1.592124343E0
3.936464052E1,-6.343970895E-1,9.234201431E0,-1.939382792E0
3.936701817E1,-1.028913707E-1,9.035298347E0,-2.494816780E0
3.936939588E1,8.883354068E-2,8.798408508E0,-2.734098911E0
3.937177432E1,1.079761237E-1,8.630612373E0,-2.769991398E0
3.937415276E1,-1.435693540E-2,8.623434067E0,-2.695813894E0
3.937653041E1,-8.712865710E-1,9.566803932E0,-1.369591832E0
3.937890812E1,-1.050748229E0,9.423234940E0,-1.455733418E0
3.938128656E1,-8.688937426E-1,9.253344536E0,-2.614457846E0
3.938366500E1,-3.924229145E-1,9.013762474E0,-3.026322365E0
3.938604265E1,-4.139583111E-1,9.052047729E0,-2.796312332E0
3.938842036E1,-3.900300860E-1,9.202795982E0,-2.504388094E0
3.939079880E1,-3.924229145E-1,9.183652878E0,-2.260020971E0
3.939317724E1,-3.828516304E-1,9.866206169E0,-1.400698543E0
3.939555489E1,-4.426721931E-1,1.008395290E1,-3.078964472E0
3.939793260E1,-8.904291391E-1,9.851848602E0,-6.231807709E0
3.940031104E1,-1.491326690E0,9.408877373E0,-2.387139797E0
3.940268948E1,-1.848156333E0,7.993822098E0,2.177468538E-1
3.940506713E1,-2.142473459E0,8.767302513E0,-5.123631358E-1
3.940744484E1,-2.243271112E0,1.052213860E1,-1.245165110E0
3.940982328E1,-1.919941068E0,1.075184917E1,-1.297807217E0
3.941220177E1,-9.981061220E-1,1.056042385E1,-2.942573547E0
3.941457942E1,-5.697908998E-1,1.001695347E1,-3.253640652E0
3.941695708E1,-2.919243574E-1,9.578767776E0,-3.327818155E0
3.941933552E1,-7.851449251E-1,9.964311600E0,-2.901895761E0
3.942171401E1,-1.122832060E0,9.863813400E0,-1.671087503E0
3.942409166E1,-1.158724308E0,9.408877373E0,-3.062214851E0
3.942646932E1,-1.185045362E0,8.982656479E0,-3.856930971E0
3.942884776E1,-9.287142754E-1,8.784051895E0,-3.754039526E0
3.943122625E1,-1.041176915E0,9.432806015E0,-2.712563515E0
3.943360390E1,-1.323829174E0,9.238986969E0,-2.087737799E0
3.943598156E1,-1.649552107E0,8.898907661E0,-3.699004650E0
3.943836000E1,-1.455434322E0,8.623434067E0,-3.756432533E0
3.944073849E1,-1.086939692E0,8.408080101E0,-3.521935940E0
3.944311614E1,-1.019641519E0,8.748159409E0,-3.220141172E0
3.944549380E1,-1.309472203E0,9.040083885E0,-1.388734460E0
3.944787224E1,-1.862513304E0,8.805587769E0,-3.291925669E0
3.945025073E1,-1.750050664E0,8.487042427E0,-4.074976921E0
3.945262838E1,-1.776371717E0,8.980263710E0,-2.992822886E0
3.945500604E1,-1.378864050E0,9.358628273E0,-3.124428272E0
3.945738448E1,-4.259224236E-1,9.325128555E0,-9.473484039E0
3.945976296E1,-1.627119333E-1,8.116155624E0,-4.259224415E0
3.946214062E1,-7.420741320E-1,7.215855598E0,-1.450947881E0
3.946451828E1,-1.419542074E0,6.892525673E0,-4.716851711E-1
3.946689671E1,-1.551147223E0,6.830312252E0,-1.834098577E0
3.946927520E1,-1.146760225E0,7.900502205E0,-3.172284603E0
3.947165286E1,-1.086939692E0,8.506185532E0,-3.431008577E0
3.947403052E1,-1.057926655E0,8.630612373E0,-3.469293833E0
3.947640895E1,-2.051546335E0,9.497411728E0,-2.643171787E0
3.947878744E1,-2.386840582E0,9.447162628E0,-2.164308071E0
3.948116510E1,-1.541576028E0,8.977870941E0,-3.265604734E0
3.948354276E1,-7.875377536E-1,8.499007225E0,-3.588934898E0
3.948592119E1,-5.673980713E-1,8.149654388E0,-3.380460262E0
3.948829968E1,-3.421736360E-1,7.809575081E0,-2.990430117E0
3.949067734E1,-2.584248483E-1,7.553543091E0,-2.868396044E0
3.949305505E1,-1.842473447E-1,7.426424026E0,-2.786741018E0
3.949543348E1,-1.316052526E-1,7.368996620E0,-2.695813894E0
3.949781192E1,1.127617657E-1,7.359425068E0,-2.676671267E0
3.950018958E1,1.965105534E-1,7.452745438E0,-2.578565598E0
3.950256729E1,5.673980713E-1,7.378567696E0,-2.614457846E0
3.950494573E1,1.012762189E0,7.306783199E0,-2.671885490E0
3.950732416E1,1.436590910E0,7.292426109E0,-2.712563515E0
3.950970182E1,1.264307618E0,7.565506935E0,-2.557030201E0
3.951207953E1,9.170492887E-1,7.867002487E0,-2.324926376E0
3.951445796E1,8.309076428E-1,8.175975800E0,-2.116451740E0
3.951683640E1,9.098708034E-1,8.472685814E0,-2.130808592E0
3.951921406E1,9.696913958E-1,8.757730484E0,-2.233700037E0
3.952159177E1,1.036690354E0,9.028120041E0,-2.341675997E0
3.952397020E1,1.115653515E0,9.291629791E0,-2.430210590E0
3.952634864E1,1.130010486E0,9.530911446E0,-2.468495607E0
3.952872630E1,1.094118118E0,9.729516029E0,-2.590529680E0
3.953110401E1,1.036690354E0,9.902098656E0,-2.674278498E0
3.953348244E1,9.385846853E-1,1.007198906E1,-2.853740215E0
3.953586088E1,8.356932998E-1,1.015334511E1,-2.942573547E0
3.953823854E1,6.897311211E-1,1.020598698E1,-3.126821041E0
3.954061624E1,6.346961856E-1,1.030409241E1,-3.215355396E0
3.954299468E1,5.578267574E-1,1.035464096E1,-3.320639610E0
3.954537312E1,4.668995142E-1,1.039292622E1,-3.471686602E0
3.954775078E1,3.544368446E-1,1.040967560E1,-3.586542130E0
3.955012848E1,2.635096014E-1,1.039053345E1,-3.710968733E0
3.955250692E1,1.917249113E-1,1.040967560E1,-3.813860178E0
3.955488536E1,5.772684515E-2,1.037617588E1,-3.955036640E0
3.955726302E1,-6.460621208E-2,1.028734303E1,-4.055834293E0
3.955964072E1,-1.770688742E-1,1.022752190E1,-4.096512318E0
3.956201916E1,-3.014956415E-1,1.016770172E1,-4.158725739E0
3.956439760E1,-4.235295951E-1,1.010309505E1,-4.204189301E0
3.956677526E1,-5.099703074E-1,1.003609657E1,-4.273581028E0
3.956915296E1,-6.032904387E-1,9.945169449E0,-4.275974274E0
3.957153140E1,-6.750751138E-1,9.839884758E0,-4.302295208E0
3.957390989E1,-7.588238716E-1,9.758230209E0,-4.273581028E0
3.957628755E1,-8.904291391E-1,9.679266930E0,-4.319045067E0
3.957866520E1,-1.012463093E0,9.564411163E0,-4.280759811E0
3.958104364E1,-1.161117196E0,9.456734657E0,-4.299902439E0
3.958342213E1,-1.283151150E0,9.341878891E0,-4.307080746E0
3.958579979E1,-1.412363529E0,9.248558998E0,-4.275974274E0
3.958817744E1,-1.553540111E0,9.121439934E0,-4.254438877E0
3.959055588E1,-1.687837243E0,8.999405861E0,-4.197010994E0
3.959293437E1,-1.788335800E0,8.879764557E0,-4.134797573E0
3.959531203E1,-1.900798440E0,8.745766640E0,-4.034298897E0
3.959768968E1,-2.001296997E0,8.637790680E0,-3.914358854E0
3.960006812E1,-2.075474501E0,8.530113220E0,-3.722932816E0
3.960244661E1,-2.128116608E0,8.429615021E0,-3.596113443E0
3.960482427E1,-2.200200319E0,8.357830048E0,-3.476472139E0
3.960720192E1,-2.236092806E0,8.264510155E0,-3.378067255E0
3.960958036E1,-2.269592285E0,8.231010437E0,-3.270390272E0
3.961195885E1,-2.295913219E0,8.199904442E0,-3.186641455E0
3.961433651E1,-2.295913219E0,8.185546875E0,-3.081357241E0
3.961671416E1,-2.288734913E0,8.173583031E0,-2.990430117E0
3.961909260E1,-2.283949137E0,8.199904442E0,-2.901895761E0
3.962147109E1,-2.288734913E0,8.209475517E0,-2.834597588E0
3.962384875E1,-2.260020971E0,8.264510155E0,-2.760420084E0
3.962622645E1,-2.295913219E0,8.317152023E0,-2.714956284E0
3.962860489E1,-2.281556368E0,8.350651741E0,-2.705385208E0
3.963098333E1,-2.291127682E0,8.381758690E0,-2.707777977E0
3.963336098E1,-2.276770830E0,8.434400558E0,-2.700599432E0
3.963573869E1,-2.245664120E0,8.439186096E0,-2.707777977E0
3.963811713E1,-2.142473459E0,8.477471352E0,-2.681456804E0
3.964049557E1,-2.053939104E0,8.532505989E0,-2.683849812E0
3.964287322E1,-1.982154489E0,8.585148811E0,-2.753241539E0
3.964525093E1,-1.876870275E0,8.585148811E0,-2.995215654E0
3.964762937E1,-1.666301847E0,8.640183449E0,-2.904288530E0
3.965000781E1,-1.448255897E0,8.726624489E0,-2.722134829E0
3.965238546E1,-1.144367456E0,8.803194046E0,-2.573779821E0
3.965476317E1,-8.880363107E-1,8.889336586E0,-2.442174673E0
3.965714161E1,-6.391827464E-1,8.937192917E0,-2.370389938E0
3.965952005E1,-4.642075896E-1,8.992227554E0,-2.300698996E0
3.966189770E1,-3.086741269E-1,9.018548965E0,-2.252842426E0
3.966427541E1,-2.201396823E-1,9.037691116E0,-2.137987137E0
3.966665385E1,-1.914258152E-1,9.061619759E0,-2.025524378E0
3.966903229E1,-1.698904037E-1,9.044869423E0,-1.872383714E0
3.967140994E1,-1.866401732E-1,9.013762474E0,-1.771885157E0
3.967378765E1,-1.339980662E-1,8.932407379E0,-1.680658817E0
3.967616609E1,-5.503492057E-2,8.961120605E0,-1.314556956E0
3.967854453E1,1.342971772E-1,8.994620323E0,-1.067797065E0
3.968092218E1,2.635096014E-1,8.956335068E0,-9.002995491E-1
3.968329989E1,3.975076675E-1,9.004191399E0,-8.237292171E-1
3.968567833E1,6.610172391E-1,8.877371788E0,-7.854440212E-1
3.968805682E1,7.663014531E-1,8.918049812E0,-6.681957245E-1
3.969043448E1,9.457631707E-1,8.918049812E0,-3.711866140E-1
3.969281213E1,1.003190875E0,9.052047729E0,-2.802593410E-1
3.969519057E1,1.070189953E0,9.169296265E0,-2.467598319E-1
3.969756906E1,1.034297585E0,9.351449966E0,-3.616153300E-1
3.969994671E1,8.596215248E-1,9.547661781E0,-4.716851711E-1
3.970232437E1,8.309076428E-1,9.825528145E0,-4.549354017E-1
3.970470281E1,8.476574421E-1,1.014616585E1,-4.022932947E-1
3.970708130E1,8.763712645E-1,1.042403316E1,-3.568296731E-1
3.970945895E1,8.859425783E-1,1.085474110E1,-3.209373355E-1
3.971183661E1,8.787640929E-1,1.120678520E1,-2.826521695E-1
3.971421505E1,9.625129104E-1,1.164257812E1,-2.611167729E-1
3.971659354E1,9.170492887E-1,1.203290653E1,-1.941177398E-1
3.971897119E1,8.644071817E-1,1.237986660E1,-6.490531564E-2
3.972134890E1,8.093722463E-1,1.272233868E1,-0.000000000E0
3.972372734E1,6.634100676E-1,1.303340626E1,2.632104978E-2
3.972610578E1,5.937191248E-1,1.321316624E1,1.244267747E-1
3.972848343E1,4.238287210E-1,1.349073410E1,1.459621787E-1
3.973086114E1,2.252244353E-1,1.359601784E1,1.435693651E-1
3.973323958E1,-1.555334777E-1,1.367258835E1,9.332008660E-2
3.973561802E1,-5.889334679E-1,1.377099323E1,1.196411327E-1
3.973799567E1,-1.045962572E0,1.384517097E1,1.627119333E-1
3.974037338E1,-1.491326690E0,1.382124233E1,1.770688742E-1
3.974275182E1,-1.517647743E0,1.348834133E1,5.264209956E-2
3.974513026E1,-1.697408557E0,1.379492188E1,-1.914258115E-2
3.974750791E1,-1.915155411E0,1.361994648E1,3.158525825E-1
3.974988562E1,-2.279163599E0,1.355533981E1,2.584248483E-1
3.975226406E1,-2.726621389E0,1.347637749E1,3.206382394E-1
3.975464250E1,-3.097808123E0,1.340698528E1,1.986042857E-1
3.975702015E1,-3.550350666E0,1.348116302E1,9.810572863E-2
3.975939786E1,-3.919144392E0,1.343569946E1,1.028913707E-1
3.976177630E1,-4.182354927E0,1.339741421E1,-6.490531564E-2
3.976415474E1,-4.474578381E0,1.336870003E1,-1.654038578E-1
3.976653239E1,-4.718646049E0,1.317966747E1,-2.611167729E-1
3.976891010E1,-5.032404900E0,1.320838070E1,-4.525425732E-1
3.977128854E1,-5.209474087E0,1.313390446E1,-5.650052428E-1
3.977366698E1,-5.386542797E0,1.293290710E1,-5.267201066E-1
3.977604463E1,-5.592624664E0,1.300469208E1,-7.782655358E-1
3.977842234E1,-5.595017433E0,1.287547970E1,-8.931210637E-1
3.978080078E1,-5.556732178E0,1.279890919E1,-1.036690354E0
3.978317927E1,-5.460720539E0,1.278933811E1,-1.199701428E0
3.978555692E1,-5.355436325E0,1.257129192E1,-1.161117196E0
3.978793458E1,-5.288437366E0,1.247318649E1,-1.297807217E0
3.979031302E1,-5.116153717E0,1.230329609E1,-1.141974568E0
3.979269151E1,-4.965106964E0,1.209512043E1,-1.134796143E0
3.979506916E1,-4.783252239E0,1.191775227E1,-1.194915771E0
3.979744682E1,-4.558327198E0,1.162104225E1,-1.120439172E0
3.979982526E1,-4.287639141E0,1.145085239E1,-1.048654556E0
3.980220374E1,-4.060320854E0,1.124028397E1,-1.153938770E0
3.980458140E1,-3.741776466E0,1.091725349E1,-1.168295622E0
3.980695911E1,-3.401995659E0,1.075184917E1,-1.237986565E0
3.980933755E1,-3.205485106E0,1.051735306E1,-1.257129192E0
3.981171598E1,-3.049951553E0,1.033280659E1,-1.304985642E0
3.981409364E1,-2.899203777E0,1.026819992E1,-1.295414329E0
3.981647135E1,-2.791526794E0,9.971489906E0,-1.214058399E0
3.981884979E1,-2.690729141E0,9.780064583E0,-1.269093275E0
3.982122823E1,-2.489732027E0,9.629017830E0,-1.678265929E0
3.982360588E1,-2.396411896E0,9.490233421E0,-2.030309916E0
3.982598359E1,-2.300698996E0,9.439984322E0,-2.207378864E0
3.982836203E1,-2.279163599E0,9.420842171E0,-2.312962294E0
3.983074046E1,-2.200200319E0,9.526125908E0,-2.401496649E0
3.983311812E1,-2.082653046E0,9.566803932E0,-2.334497690E0
3.983549583E1,-1.917548299E0,9.162117958E0,-2.542673111E0
3.983787427E1,-1.620539188E0,8.918049812E0,-2.193022013E0
3.984025270E1,-1.716551185E0,9.056833267E0,-1.771885157E0
3.984263036E1,-1.757229090E0,9.241379738E0,-2.559422970E0
3.984500807E1,-1.642373681E0,9.461520195E0,-2.827419043E0
3.984738651E1,-1.567897081E0,9.760622978E0,-2.858525753E0
3.984976500E1,-1.565504193E0,9.835099220E0,-2.829811811E0
3.985214265E1,-1.465005636E0,1.004806042E1,-2.827419043E0
3.985452031E1,-1.252044439E0,1.029212856E1,-2.305484533E0
3.985689874E1,-1.038784146E0,1.044317532E1,-2.020738840E0
3.985927724E1,-1.014855862E0,1.045753193E1,-1.901097536E0
3.986165489E1,-1.012463093E0,1.042881870E1,-1.977667928E0
3.986403255E1,-9.406784177E-1,1.031605625E1,-1.908276081E0
3.986641098E1,-7.947162390E-1,1.045274639E1,-1.156331539E0
3.986878948E1,-6.870391965E-1,1.072552872E1,-1.714158297E0
3.987116713E1,-9.789635539E-1,1.055803108E1,-1.977667928E0
3.987354484E1,-1.271187067E0,1.048385334E1,-2.200200319E0
3.987592328E1,-1.445863128E0,1.044078255E1,-2.399103880E0
3.987830171E1,-1.558325768E0,1.053170967E1,-2.494816780E0
3.988067937E1,-1.678265929E0,1.042642593E1,-2.458924294E0
3.988305708E1,-1.819442511E0,1.030169964E1,-2.573779821E0
3.988543552E1,-1.898405671E0,1.007677460E1,-2.228914261E0
3.988781395E1,-1.884048700E0,1.023948669E1,-2.018345833E0
3.989019161E1,-2.161616087E0,9.990633011E0,-2.504388094E0
3.989256932E1,-2.255235434E0,9.569196701E0,-2.092523336E0
3.989494776E1,-2.279163599E0,9.506983757E0,-1.321735382E0
3.989732619E1,-2.175973177E0,9.930811882E0,-1.570588946E0
3.989970385E1,-2.362912416E0,9.741479874E0,-1.584945917E0
3.990208156E1,-2.516052961E0,9.437591553E0,-1.417448282E0
3.990446000E1,-2.705085993E0,9.317950249E0,-1.798206210E0
3.990683843E1,-2.731407166E0,9.116654396E0,-1.740479350E0
3.990921609E1,-2.618944407E0,8.946763992E0,-1.422233939E0
3.991159380E1,-2.556730986E0,8.872586250E0,-8.859425783E-1
3.991397224E1,-2.264806747E0,8.915657043E0,-1.677966863E-1
3.991635072E1,-2.255235434E0,9.164510727E0,-9.242277741E-1
3.991872838E1,-2.494517565E0,8.563612938E0,-1.345663667E0
3.992110604E1,-2.513660192E0,8.207082748E0,-1.360020518E0
3.992348448E1,-2.470589399E0,8.135297775E0,-1.127617717E0
3.992586296E1,-2.386840582E0,7.948358536E0,-7.950153351E-1
3.992824062E1,-2.219342947E0,7.699504852E0,-1.223330572E-1
3.993061828E1,-1.955833435E0,8.357830048E0,-5.171487927E-1
3.993299671E1,-2.049153566E0,8.573184013E0,-1.156331539E0
3.993537520E1,-2.336591244E0,8.017750740E0,-1.149153113E0
3.993775286E1,-2.274377823E0,7.711469173E0,-8.237292171E-1
3.994013057E1,-2.164009094E0,7.613363266E0,-6.251249313E-1
3.994250901E1,-2.130509377E0,7.570292473E0,-6.897311211E-1
3.994488744E1,-1.898405671E0,7.613363266E0,-4.381856322E-1
3.994726510E1,-1.622931957E0,7.709076405E0,-1.221236825E0
3.994964281E1,-1.575075507E0,7.553543091E0,-9.433703423E-1
3.995202125E1,-1.733300924E0,7.313961506E0,-8.141579032E-1
3.995439968E1,-1.829013824E0,7.141678333E0,-9.577272534E-1
3.995677734E1,-1.587039590E0,6.990930557E0,-1.015154958E0
3.995915505E1,-1.130010486E0,6.949953556E0,-1.000798106E0
3.996153349E1,-1.029212832E0,7.081857681E0,-1.070189953E0
3.996391192E1,-1.189831018E0,7.435995579E0,-1.060618639E0
3.996628958E1,-1.311864972E0,7.694719315E0,-1.077368379E0
3.996866729E1,-1.414756417E0,7.876574039E0,-1.190130115E0
3.997104572E1,-1.438684583E0,8.036892891E0,-1.290628672E0
3.997342421E1,-1.374078393E0,8.034500122E0,-1.446162224E0
3.997580187E1,-1.266401410E0,7.979465485E0,-1.532303810E0
3.997817953E1,-1.149153113E0,7.917252064E0,-1.618445396E0
3.998055796E1,-1.096511006E0,7.881359577E0,-1.718943954E0
3.998293645E1,-1.026820064E0,8.048856735E0,-1.886740685E0
3.998531411E1,-1.029212832E0,8.106583595E0,-1.635195136E0
3.998769177E1,-1.259222865E0,7.804789066E0,-2.516352177E0
3.999007020E1,-1.457827210E0,7.450352192E0,-2.363211393E0
3.999244869E1,-1.517647743E0,7.378567696E0,-2.169093609E0
3.999482635E1,-1.488933921E0,7.412067413E0,-2.135594130E0
3.999720406E1,-1.453041553E0,7.471887589E0,-2.154736757E0
3.999958250E1,-1.390828133E0,7.440781116E0,-2.341675997E0
4.000196093E1,-1.409970760E0,7.476673603E0,-2.552244425E0
4.000433859E1,-1.469791293E0,7.524529934E0,-2.667099953E0
4.000671630E1,-1.496112347E0,7.543971539E0,-2.750848770E0
4.000909474E1,-1.534397483E0,7.526922703E0,-2.791526794E0
4.001147317E1,-1.527219057E0,7.522137165E0,-2.844168901E0
4.001385083E1,-1.579861164E0,7.512565613E0,-2.841775894E0
4.001622854E1,-1.599003673E0,7.481459141E0,-2.873181820E0
4.001860698E1,-1.675873160E0,7.493422985E0,-2.892324448E0
4.002098541E1,-1.773978829E0,7.483851910E0,-2.868396044E0
4.002336312E1,-1.860120535E0,7.524529934E0,-2.860918522E0
4.002574078E1,-1.951047778E0,7.529315472E0,-2.817847729E0
4.002811921E1,-2.018046856E0,7.582256794E0,-2.805883646E0
4.003049770E1,-2.120938063E0,7.579864025E0,-2.789133787E0
4.003287536E1,-2.212164640E0,7.601399422E0,-2.793919563E0
4.003525307E1,-2.319841623E0,7.658827305E0,-2.774776936E0
4.003763151E1,-2.413161755E0,7.740182877E0,-2.741277456E0
4.004000994E1,-2.530410051E0,7.768897057E0,-2.748456001E0
4.004238760E1,-2.638087034E0,7.831110477E0,-2.726920605E0
4.004476531E1,-2.745764017E0,7.864609718E0,-2.688635349E0
4.004714374E1,-2.836990356E0,7.931608677E0,-2.647957325E0
4.004952218E1,-2.911167860E0,8.008178711E0,-2.640778780E0
4.005189984E1,-2.968595505E0,8.053643227E0,-2.578565598E0
4.005427755E1,-3.042773008E0,8.092226982E0,-2.566601276E0
4.005665598E1,-3.136093140E0,8.123333931E0,-2.537887573E0
4.005903442E1,-3.229413271E0,8.195118904E0,-2.494816780E0
4.006141208E1,-3.327818155E0,8.209475517E0,-2.470888376E0
4.006378979E1,-3.399602890E0,8.180761337E0,-2.480459690E0
4.006616823E1,-3.459423304E0,8.221439362E0,-2.487638235E0
4.006854666E1,-3.531208038E0,8.238189697E0,-2.478066921E0
4.007092432E1,-3.598206997E0,8.199904442E0,-2.499602318E0
4.007330203E1,-3.674777269E0,8.187939644E0,-2.549851656E0
4.007568046E1,-3.741776466E0,8.156833649E0,-2.540280342E0
4.007805895E1,-3.799204111E0,8.140083313E0,-2.568994284E0
4.008043661E1,-3.832703590E0,8.104190826E0,-2.576172590E0
4.008281427E1,-3.830310822E0,8.012965202E0,-2.602493763E0
4.008519270E1,-3.839882135E0,7.912466049E0,-2.643171787E0
4.008757119E1,-3.808775425E0,7.819146156E0,-2.676671267E0
4.008994885E1,-3.777668715E0,7.749754429E0,-2.714956284E0
4.009232656E1,-3.739383698E0,7.680362701E0,-2.719742060E0
4.009470500E1,-3.693919897E0,7.625327587E0,-2.736491680E0
4.009708343E1,-3.636492252E0,7.589435101E0,-2.774776936E0
4.009946109E1,-3.583850145E0,7.572685242E0,-2.750848770E0
4.010183880E1,-3.545564890E0,7.534400463E0,-2.772384167E0
4.010421724E1,-3.480958700E0,7.582256794E0,-2.796312332E0
4.010659567E1,-3.418745279E0,7.591827869E0,-2.774776936E0
4.010897333E1,-3.361317635E0,7.603792191E0,-2.789133787E0
4.011135104E1,-3.246163130E0,7.639684677E0,-2.846561670E0
4.011372948E1,-3.167199850E0,7.675576687E0,-2.889931440E0
4.011610791E1,-3.136093140E0,7.689933777E0,-2.880360365E0
4.011848562E1,-3.104986429E0,7.709076405E0,-2.923431158E0
4.012086328E1,-3.016452074E0,7.788039684E0,-2.952144861E0
4.012324171E1,-2.968595505E0,7.864609718E0,-2.959323406E0
4.012562020E1,-2.942274570E0,7.914859295E0,-2.992822886E0
4.012799786E1,-2.925524712E0,8.020143509E0,-3.000001431E0
4.013037557E1,-2.925524712E0,8.123333931E0,-3.038286448E0
4.013275401E1,-2.939881802E0,8.187939644E0,-3.019144058E0
4.013513244E1,-2.961417198E0,8.293224335E0,-3.035893679E0
4.013751010E1,-2.966202736E0,8.479864120E0,-3.059821844E0
4.013988781E1,-2.956631422E0,8.613862038E0,-3.095714331E0
4.014226624E1,-3.037987471E0,8.784051895E0,-3.100499868E0
4.014464468E1,-3.066701412E0,8.906085968E0,-3.093321562E0
4.014702234E1,-3.162414312E0,9.066405296E0,-3.141177893E0
4.014940005E1,-3.305983543E0,9.147761345E0,-3.215355396E0
4.015177848E1,-3.399602890E0,9.193224907E0,-3.258426189E0
4.015415692E1,-3.519243956E0,9.188439369E0,-3.267997503E0
4.015653458E1,-3.602992773E0,9.193224907E0,-3.284747362E0
4.015891229E1,-3.667598963E0,9.209974289E0,-3.332603693E0
4.016129072E1,-3.669991732E0,9.272486687E0,-3.363710403E0
4.016366921E1,-3.722633839E0,9.238986969E0,-3.411566973E0
4.016604687E1,-3.756133318E0,9.234201431E0,-3.438187122E0
4.016842453E1,-3.734597921E0,9.200403214E0,-3.454936743E0
4.017080296E1,-3.763311863E0,9.126225471E0,-3.507578850E0
4.017318145E1,-3.782454491E0,9.044869423E0,-3.519542933E0
4.017555911E1,-3.803989887E0,8.987442017E0,-3.562613726E0
4.017793682E1,-3.808775425E0,8.977870941E0,-3.629612923E0
4.018031526E1,-3.835096598E0,8.908478737E0,-3.641577005E0
4.018269369E1,-3.847060680E0,8.834300995E0,-3.660719633E0
4.018507135E1,-3.844667673E0,8.762516975E0,-3.687040567E0
4.018744906E1,-3.863810301E0,8.683553696E0,-3.696611881E0
4.018982750E1,-3.892823458E0,8.604290962E0,-3.710968733E0
4.019220593E1,-3.895216227E0,8.551649094E0,-3.718147278E0
4.019458359E1,-3.914358854E0,8.515756607E0,-3.691826344E0
4.019696130E1,-3.928715706E0,8.427222252E0,-3.689433336E0
4.019933974E1,-3.935894251E0,8.307580948E0,-3.677469254E0
4.020171822E1,-3.900001764E0,8.367402077E0,-3.665505171E0
4.020409588E1,-3.868596077E0,8.290831566E0,-3.679862022E0
4.020647354E1,-3.859024763E0,8.195118904E0,-3.687040567E0
4.020885198E1,-3.892823458E0,8.164011955E0,-3.663112402E0
4.021123046E1,-3.923929930E0,8.161619186E0,-3.632005692E0
4.021360812E1,-3.914358854E0,8.178368568E0,-3.641577005E0
4.021598583E1,-3.928715706E0,8.254939079E0,-3.677469254E0
4.021836427E1,-3.919144392E0,8.345866203E0,-3.665505171E0
4.022074270E1,-3.926322937E0,8.467900276E0,-3.675076485E0
4.022312036E1,-3.952643871E0,8.649754524E0,-3.629612923E0
4.022549807E1,-3.988536358E0,8.860622406E0,-3.545864105E0
4.022787651E1,-4.045963764E0,9.152546883E0,-3.431008577E0
4.023025494E1,-4.096213341E0,9.545269012E0,-3.306282759E0
4.023263260E1,-4.199104786E0,1.003848934E1,-3.148356438E0
4.023501031E1,-4.242175579E0,1.056760216E1,-3.002394199E0
4.023738875E1,-4.215854168E0,1.117089272E1,-2.921038151E0
4.023976724E1,-4.177569389E0,1.188903809E1,-2.918645382E0
4.024214489E1,-4.005286217E0,1.260269737E1,-3.007179976E0
4.024452255E1,-3.796811342E0,1.337109280E1,-3.196212769E0
4.024690098E1,-3.569493294E0,1.416820240E1,-3.425923824E0
4.024927948E1,-3.373281717E0,1.488425446E1,-3.706183195E0
4.025165713E1,-3.255734205E0,1.546600914E1,-3.952643871E0
4.025403484E1,-3.186342478E0,1.592303848E1,-4.144368649E0
4.025641328E1,-3.133700371E0,1.621047592E1,-4.278367043E0
4.025879171E1,-3.045166016E0,1.634447479E1,-4.237689018E0
4.026116937E1,-2.947060108E0,1.635883141E1,-4.060619831E0
4.026354708E1,-2.889632463E0,1.620090485E1,-3.825824261E0
4.026592552E1,-2.820240498E0,1.589193153E1,-3.490829229E0
4.026830395E1,-2.685943365E0,1.551625824E1,-3.117249727E0
4.027068161E1,-2.494517565E0,1.516182137E1,-2.631207705E0
4.027305932E1,-2.219342947E0,1.483879089E1,-2.147558212E0
4.027543776E1,-1.903191328E0,1.450349617E1,-1.697408557E0
4.027781625E1,-1.644766450E0,1.411316681E1,-1.271486163E0
4.028019390E1,-1.455434322E0,1.370130253E1,-9.553344250E-1
4.028257156E1,-1.338186026E0,1.327777290E1,-7.136593461E-1
4.028495000E1,-1.292722464E0,1.276062393E1,-5.195416212E-1
4.028732848E1,-1.285543919E0,1.221715450E1,-3.257229924E-1
4.028970614E1,-1.309472203E0,1.168804169E1,-1.438684613E-1
4.029208385E1,-1.378864050E0,1.111107159E1,-7.208377868E-2
4.029446229E1,-1.424327731E0,1.048146057E1,-2.153540403E-2
4.029684072E1,-1.465005636E0,9.847063065E0,-8.644071966E-2
4.029921838E1,-1.424327731E0,9.193224907E0,-2.515454888E-1
4.030159609E1,-1.357328653E0,8.609076500E0,-4.860421121E-1
4.030397453E1,-1.237687469E0,8.072785378E0,-8.069794178E-1
4.030635296E1,-1.156331539E0,7.658827305E0,-1.130010486E0
4.030873062E1,-1.089332461E0,7.261319637E0,-1.455733418E0
4.031110833E1,-1.019641519E0,6.911668301E0,-1.714158297E0
4.031348677E1,-9.693922997E-1,6.696314335E0,-1.917847395E0
4.031586526E1,-8.808578253E-1,6.528816700E0,-2.082952023E0
4.031824291E1,-7.636095285E-1,6.384948254E0,-2.166700840E0
4.032062057E1,-5.961119533E-1,6.248557091E0,-2.231307030E0
4.032299901E1,-4.426721931E-1,6.102594852E0,-2.231307030E0
4.032537750E1,-2.679961324E-1,5.980561256E0,-2.157129526E0
4.032775515E1,-1.316052526E-1,5.851348877E0,-2.049452543E0
4.033013286E1,-1.674975827E-2,5.731408596E0,-1.929811478E0
4.033251130E1,5.503492057E-2,5.616552830E0,-1.779063582E0
4.033488974E1,1.007976532E-1,5.489733219E0,-1.589731574E0
4.033726739E1,1.677966863E-1,5.377270699E0,-1.376770377E0
4.033964510E1,2.300100774E-1,5.382056236E0,-1.122832060E0
4.034202354E1,2.898306549E-1,5.441876888E0,-8.237292171E-1
4.034440203E1,3.137588799E-1,5.525625706E0,-6.224330068E-1
4.034677968E1,3.807578981E-1,5.736194134E0,-4.405784607E-1
4.034915734E1,4.668995142E-1,5.990132332E0,-3.137588799E-1
4.035153578E1,4.932205677E-1,6.303592205E0,-2.706880569E-1
4.035391427E1,4.597210586E-1,6.693921566E0,-3.185445070E-1
4.035629192E1,4.692923427E-1,7.110571384E0,-4.357928336E-1
4.035866963E1,4.238287210E-1,7.534400463E0,-6.176473498E-1
4.036104807E1,3.424727321E-1,7.972286701E0,-8.524430394E-1
4.036342651E1,1.917249113E-1,8.441578865E0,-1.101296663E0
4.036580416E1,7.926224917E-2,9.071190834E0,-1.319342613E0
4.036818187E1,-7.896314561E-2,9.681659698E0,-1.819741607E0
4.037056031E1,-1.914258152E-1,1.036899757E1,-2.018345833E0
4.037293880E1,-3.182454109E-1,1.109910774E1,-2.320140600E0
4.037531645E1,-3.852444589E-1,1.181486130E1,-2.545065880E0
4.037769411E1,-3.996013701E-1,1.250907898E1,-2.755634308E0
4.038007255E1,-4.618147612E-1,1.310519028E1,-2.959323406E0
4.038245104E1,-5.578267574E-1,1.370878029E1,-3.301496983E0
4.038482869E1,-6.272186637E-1,1.425912952E1,-3.512364626E0
4.038720640E1,-7.277171612E-1,1.475234985E1,-3.710968733E0
4.038958484E1,-7.827520967E-1,1.520249939E1,-4.003192425E0
4.039196328E1,-8.497511148E-1,1.553061581E1,-4.342973232E0
4.039434093E1,-7.827520967E-1,1.586321735E1,-4.512863636E0
4.039671864E1,-6.631109715E-1,1.612911987E1,-4.659124851E0
4.039909708E1,-5.482555032E-1,1.617697716E1,-4.730909348E0
4.040147552E1,-6.176473498E-1,1.595683670E1,-4.953442097E0
4.040385323E1,-7.181459069E-1,1.546600914E1,-4.970191956E0
4.040623088E1,-8.569296002E-1,1.448196125E1,-4.769194603E0
4.040860932E1,-1.019641519E0,1.344048500E1,-4.469792843E0
4.041098781E1,-1.144367456E0,1.254018497E1,-3.830610037E0
4.041336546E1,-2.219342947E0,1.142213917E1,-5.003691196E0
4.041574317E1,-2.712264538E0,1.070638561E1,-5.504090309E0
4.041812161E1,-2.350948334E0,1.031366348E1,-4.829015255E0
4.042050005E1,-2.123331070E0,9.966704369E0,-4.467400074E0
4.042287770E1,-2.080260277E0,9.600303650E0,-4.345366001E0
4.042525541E1,-1.970190287E0,9.294022560E0,-4.149154663E0
4.042763385E1,-1.781157374E0,9.078369141E0,-3.852145433E0
4.043001229E1,-1.656730533E0,8.853444099E0,-3.545864105E0
4.043238994E1,-1.529611826E0,8.688339233E0,-3.275176048E0
4.043476765E1,-1.414756417E0,8.566005707E0,-3.002394199E0
4.043714609E1,-1.295115232E0,8.472685814E0,-2.829811811E0
4.043952458E1,-1.173081279E0,8.348258972E0,-2.590529680E0
4.044190224E1,-1.048355460E0,8.242975235E0,-2.384746790E0
4.044427994E1,-8.641080856E-1,8.185546875E0,-2.236092806E0
4.044665838E1,-6.822535396E-1,8.187939644E0,-2.149951220E0
4.044903682E1,-5.291129351E-1,8.192725182E0,-2.121237278E0
4.045141448E1,-3.804588020E-1,8.207082748E0,-2.080559254E0
4.045379218E1,-2.344966233E-1,8.235795975E0,-2.092523336E0
4.045617062E1,-1.028913707E-1,8.278866768E0,-2.320140600E0
4.045854906E1,-8.614161611E-2,8.238189697E0,-2.643171787E0
4.046092671E1,-3.302095234E-1,8.168797493E0,-1.345663667E0
4.046330442E1,-4.713860750E-1,8.252546310E0,-1.024726272E0
4.046568286E1,-5.051847100E-1,8.477471352E0,-1.063011408E0
4.046806135E1,-5.195416212E-1,8.625826836E0,-8.356932998E-1
4.047043901E1,-4.043870270E-1,8.810373306E0,-1.084546804E0
4.047281671E1,-1.866401732E-1,9.097511292E0,-1.455733418E0
4.047519515E1,-3.110669367E-2,9.483055115E0,-1.728515267E0
4.047757359E1,-1.914258115E-2,9.573982239E0,-1.649552107E0
4.047995124E1,-1.483550072E-1,9.454340935E0,-1.678265929E0
4.048232895E1,-2.201396823E-1,9.530911446E0,-1.865205288E0
4.048470739E1,-3.469592929E-1,9.894919395E0,-2.245664120E0
4.048708583E1,-1.794617027E-1,1.031605625E1,-3.078964472E0
4.048946348E1,-2.392822653E-1,1.014138031E1,-2.267199516E0
4.049184119E1,-2.488535494E-1,1.043121147E1,-1.462911963E0
4.049421963E1,-4.450650215E-1,1.050299549E1,-2.638386011E0
4.049659812E1,-6.535396576E-1,1.034028435E1,-2.825026274E0
4.049897578E1,-9.071788788E-1,1.027537823E1,-2.707777977E0
4.050135348E1,-8.784649968E-1,1.033789158E1,-2.726920605E0
4.050373192E1,-9.861420393E-1,1.027777100E1,-2.983251572E0
4.050611036E1,-1.139581800E0,1.024427223E1,-3.344567776E0
4.050848802E1,-1.130010486E0,1.021077251E1,-3.622434378E0
4.051086572E1,-1.017248750E0,1.015813065E1,-3.191427231E0
4.051324416E1,-9.693922997E-1,9.976275444E0,-3.011965513E0
4.051562260E1,-7.875377536E-1,1.049342442E1,-4.457828522E0
4.051800026E1,-8.114659786E-1,1.028973579E1,-3.914358854E0
4.052037796E1,-1.795514345E0,9.344271660E0,-2.573779821E0
4.052275640E1,-2.300698996E0,8.918049812E0,-2.482852697E0
4.052513489E1,-2.343769789E0,9.157332420E0,-2.748456001E0
4.052751255E1,-2.238485575E0,9.724730492E0,-2.930609465E0
4.052989026E1,-2.377269268E0,1.016770172E1,-2.966501951E0
4.053226869E1,-1.986940145E0,1.057238770E1,-2.271985054E0
4.053464713E1,-2.032403708E0,1.001695347E1,-2.873181820E0
4.053702479E1,-2.013261080E0,9.741479874E0,-3.684647799E0
4.053940250E1,-1.917548299E0,9.535696983E0,-3.632005692E0
4.054178093E1,-1.529611826E0,9.583553314E0,-2.769991398E0
4.054415942E1,-1.759621978E0,9.176474571E0,-3.090928555E0
4.054653708E1,-1.776371717E0,8.891729355E0,-3.548256874E0
4.054891474E1,-1.534397483E0,8.764909744E0,-3.358924866E0
4.055129317E1,-1.390828133E0,8.662017822E0,-2.954537868E0
4.055367166E1,-1.390828133E0,8.611469269E0,-2.841775894E0
4.055604932E1,-1.376471281E0,8.589934349E0,-2.729313374E0
4.055842703E1,-1.393221021E0,8.580363274E0,-2.635993242E0
4.056080546E1,-1.400399446E0,8.623434067E0,-2.698206663E0
4.056318390E1,-9.382855892E-1,8.901300430E0,-5.583053589E0
4.056556156E1,-1.132403374E0,8.530113220E0,-3.459722519E0
4.056793927E1,-1.522433400E0,7.981858253E0,-1.434198022E0
4.057031770E1,-2.018046856E0,8.072785378E0,-7.064808607E-1
4.057269619E1,-1.941476464E0,8.290831566E0,-1.749751568E-1
4.057507385E1,-2.200200319E0,8.951549530E0,-1.398305774E0
4.057745156E1,-1.762014747E0,8.925228119E0,-2.176272154E0
4.057983000E1,-1.125224829E0,8.810373306E0,-2.475674152E0
4.058220843E1,-6.056832075E-1,8.554041862E0,-2.674278498E0
4.058458609E1,-6.655037999E-1,8.822337151E0,-2.382354021E0
4.058696380E1,-4.402793646E-1,8.577970505E0,-1.455733418E0
4.058934224E1,-4.091726840E-1,8.307580948E0,-2.274377823E0
4.059172072E1,-4.618147612E-1,8.034500122E0,-2.676671267E0
4.059409838E1,-4.043870270E-1,7.778468132E0,-2.647957325E0
4.059647604E1,-3.278166950E-1,7.589435101E0,-2.681456804E0
4.059885448E1,-2.871387303E-1,7.572685242E0,-2.554637194E0
4.060123296E1,-6.128616929E-1,7.979465485E0,-2.181057930E0
4.060361062E1,-5.000999570E-1,8.714659691E0,-4.632803917E0
4.060598833E1,-1.094118118E0,8.453543663E0,-4.687838554E0
4.060836677E1,-1.101296663E0,7.443173885E0,-2.221735716E0
4.061074520E1,-1.357328653E0,7.337889671E0,-5.626124144E-1
4.061312286E1,-1.357328653E0,7.816753387E0,-5.123631358E-1
4.061550057E1,-1.194616675E0,8.290831566E0,-1.115653515E0
4.061787901E1,-9.717850685E-1,8.515756607E0,-1.927418590E0
4.062025750E1,-8.473583460E-1,8.707481384E0,-2.456531525E0
4.062263515E1,-1.106082320E0,9.174081802E0,-2.523530483E0
4.062501286E1,-1.163509965E0,9.229415894E0,-1.767099500E0
4.062739130E1,-5.721837282E-1,9.030512810E0,-2.413460732E0
4.062976974E1,-3.493520916E-1,8.697910309E0,-2.719742060E0
4.063214739E1,-2.009970993E-1,8.494221687E0,-2.755634308E0
4.063452510E1,-9.861420393E-1,8.951549530E0,-2.250449657E0
4.063690354E1,-7.636095285E-1,8.834300995E0,-2.039881229E0
4.063928198E1,-4.211367965E-1,8.980263710E0,-3.052643538E0
4.064165963E1,-1.268195957E-1,9.111868858E0,-5.908776283E0
4.064403734E1,-4.713860750E-1,8.913264275E0,-4.309473515E0
4.064641578E1,-5.024927258E-1,7.862216949E0,-1.063011408E0
4.064879427E1,-1.168295622E0,7.749754429E0,3.948157430E-1
4.065117192E1,-1.515254974E0,8.357830048E0,7.417750359E-2
4.065354963E1,-1.386042476E0,8.958727837E0,-8.955138922E-1
4.065592807E1,-1.199402332E0,9.408877373E0,-1.788634896E0
4.065830651E1,-1.041176915E0,9.739087105E0,-2.224128723E0
4.066068416E1,-1.469791293E0,1.037139034E1,-1.553839207E0
4.066306187E1,-7.875377536E-1,1.008634567E1,-1.898704767E0
4.066544031E1,-6.248258352E-1,9.691230774E0,-2.822633505E0
4.066781880E1,-8.234301209E-1,9.686445236E0,-2.841775894E0
4.067019645E1,-9.550353289E-1,9.619445801E0,-2.118844509E0
4.067257416E1,-8.521439433E-1,9.557232857E0,-2.310569286E0
4.067495260E1,-7.516453862E-1,9.399306297E0,-2.604886532E0
4.067733104E1,-6.990033388E-1,9.049654961E0,-3.019144058E0
4.067970869E1,-8.760721684E-1,8.719446182E0,-3.153141975E0
4.068208640E1,-8.712865710E-1,8.635397911E0,-3.064607620E0
4.068446484E1,-6.296114326E-1,9.095118523E0,-2.647957325E0
4.068684333E1,-4.666004181E-1,9.150154114E0,-2.798705101E0
4.068922099E1,-5.075774789E-1,9.166903496E0,-2.968894720E0
4.069159864E1,-8.330013752E-1,9.329915047E0,-2.985644341E0
4.069397708E1,-9.909276962E-1,9.557232857E0,-2.118844509E0
4.069635557E1,-1.082154036E0,9.806385040E0,-3.459722519E0
4.069873323E1,-5.410770178E-1,1.018923664E1,-8.360222816E0
4.070111093E1,-1.793121457E0,9.894919395E0,-4.290330887E0
4.070348937E1,-1.735693693E0,8.137690544E0,-1.666301847E0
4.070586781E1,-1.812264085E0,7.558328629E0,1.339980662E-1
4.070824546E1,-2.094617128E0,8.319544792E0,-1.283450246E0
4.071062317E1,-1.484148264E0,9.159725189E0,-2.777169704E0
4.071300161E1,-9.406784177E-1,9.542876244E0,-3.373281717E0
4.071538010E1,-1.278365493E0,9.859027863E0,-2.695813894E0
4.071775776E1,-5.745765567E-1,9.454340935E0,-3.390031576E0
4.072013546E1,-2.584248483E-1,8.953942299E0,-3.940679789E0
4.072251390E1,-2.416750938E-1,8.652147293E0,-4.089334011E0
4.072489234E1,-5.171487927E-1,8.738588333E0,-3.916751623E0
4.072727000E1,-1.029212832E0,9.111868858E0,-2.698206663E0
4.072964770E1,-8.306085467E-1,9.095118523E0,-3.023929596E0
4.073202614E1,-1.017248750E0,8.975478172E0,-3.308675528E0
4.073440463E1,-8.688937426E-1,8.879764557E0,-3.699004650E0
4.073678229E1,-6.822535396E-1,8.736195564E0,-4.046263218E0
4.073916000E1,-5.386841893E-1,8.748159409E0,-3.935894251E0
4.074153843E1,-5.578267574E-1,8.738588333E0,-3.828217030E0
4.074391687E1,-6.272186637E-1,8.762516975E0,-3.840181351E0
4.074629453E1,-6.487540603E-1,8.760123253E0,-3.696611881E0
4.074867224E1,-6.487540603E-1,8.757730484E0,-3.701397419E0
4.075105067E1,-5.745765567E-1,8.755337715E0,-3.576970816E0
4.075342916E1,-6.463612318E-1,8.812766075E0,-3.813860178E0
4.075580682E1,-7.731808424E-1,8.757730484E0,-3.957429647E0
4.075818448E1,-7.731808424E-1,8.685946465E0,-4.244867325E0
4.076056291E1,-7.923234105E-1,8.573184013E0,-4.371686935E0
4.076294140E1,-7.540382147E-1,8.508578300E0,-4.340580463E0
4.076531906E1,-3.852444589E-1,8.968298912E0,-6.669992924E0
4.076769677E1,-1.196411345E-2,8.662017822E0,-7.785646915E0
4.077007520E1,-1.005284667E0,8.855836868E0,-3.153141975E0
4.077245369E1,-1.941476464E0,8.551649094E0,-2.300698996E0
4.077483135E1,-1.831406593E0,8.027321815E0,-6.538388133E-1
4.077720901E1,-1.817049742E0,8.238189697E0,-1.848455548E0
4.077958750E1,-1.275972724E0,8.697910309E0,-3.591327667E0
4.078196593E1,-7.420741320E-1,8.796015739E0,-4.354937077E0
4.078434359E1,-3.493520916E-1,8.769695282E0,-4.409972191E0
4.078672130E1,-2.799602449E-1,8.772088051E0,-4.321437836E0
4.078909974E1,-5.865406394E-1,8.834300995E0,-4.089334011E0
4.079147817E1,-8.066803217E-1,8.965906143E0,-3.902394533E0
4.079385588E1,-8.976075649E-1,9.243772507E0,-3.639184237E0
4.079623354E1,-1.156331539E0,9.684052467E0,-2.645564556E0
4.079861198E1,-7.755736113E-1,9.509376526E0,-3.406781197E0
4.080099046E1,-1.115653515E0,9.564411163E0,-3.840181351E0
4.080336812E1,-1.283151150E0,9.722337723E0,-3.586542130E0
4.080574583E1,-1.108475089E0,9.887741089E0,-3.584149122E0
4.080812427E1,-8.306085467E-1,1.000977516E1,-3.689433336E0
4.081050276E1,-3.972085714E-1,9.990633011E0,-3.572185040E0
4.081288041E1,1.674975827E-2,9.899705887E0,-3.505186081E0
4.081525807E1,3.903291821E-1,9.760622978E0,-3.404388428E0
4.081763651E1,6.008976102E-1,9.782457352E0,-3.385245800E0
4.082001500E1,2.946162820E-1,9.973882675E0,-3.263211966E0
4.082239265E1,-7.417750359E-2,1.015813065E1,-3.150749207E0
4.082477036E1,-1.651047617E-1,1.036181927E1,-3.074178934E0
4.082714880E1,-1.531406492E-1,1.052931690E1,-2.997608662E0
4.082952729E1,-1.244267747E-1,1.061545849E1,-2.940180779E0
4.083190494E1,-1.172483116E-1,1.072552872E1,-2.911466837E0
4.083428260E1,-1.938186288E-1,1.077817059E1,-2.985644341E0
4.083666104E1,-2.368894368E-1,1.084995556E1,-2.997608662E0
4.083903953E1,-2.488535494E-1,1.083799076E1,-2.997608662E0
4.084141718E1,-2.919243574E-1,1.082363415E1,-3.021536827E0
4.084379489E1,-3.541377485E-1,1.081884861E1,-3.083750248E0
4.084617333E1,-4.259224236E-1,1.077577782E1,-3.148356438E0
4.084855177E1,-5.171487927E-1,1.070160007E1,-3.196212769E0
4.085092942E1,-5.817549825E-1,1.060588741E1,-3.284747362E0
4.085330713E1,-7.037889361E-1,1.048624611E1,-3.284747362E0
4.085568557E1,-8.042874932E-1,1.032802105E1,-3.323032379E0
4.085806406E1,-8.521439433E-1,1.020120144E1,-3.382853031E0
4.086044171E1,-9.358927608E-1,1.003131104E1,-3.397209883E0
4.086281942E1,-9.981061220E-1,9.847063065E0,-3.435794115E0
4.086519786E1,-1.026820064E0,9.657731056E0,-3.440579891E0
4.086757630E1,-1.101296663E0,9.468698502E0,-3.445365429E0
4.086995395E1,-1.151545882E0,9.277272224E0,-3.425923824E0
4.087233166E1,-1.165902853E0,9.090332985E0,-3.416352510E0
4.087471010E1,-1.180259824E0,8.877371788E0,-3.387638569E0
4.087708859E1,-1.213759303E0,8.681160927E0,-3.375674486E0
4.087946624E1,-1.208973646E0,8.446364403E0,-3.291925669E0
4.088184395E1,-1.216152072E0,8.238189697E0,-3.210569859E0
4.088422239E1,-1.240080357E0,8.027321815E0,-3.126821041E0
4.088660083E1,-1.264008522E0,7.807182312E0,-3.019144058E0
4.088897848E1,-1.304686546E0,7.644470215E0,-2.916252613E0
4.089135619E1,-1.321436286E0,7.450352192E0,-2.827419043E0
4.089373463E1,-1.319043517E0,7.313961506E0,-2.726920605E0
4.089611312E1,-1.328614831E0,7.208677292E0,-2.578565598E0
4.089849078E1,-1.304686546E0,7.098607540E0,-2.478066921E0
4.090086849E1,-1.280758262E0,7.065107822E0,-2.391925335E0
4.090324692E1,-1.268794179E0,7.019644260E0,-2.327319145E0
4.090562536E1,-1.235294700E0,7.050751209E0,-2.310569286E0
4.090800302E1,-1.218544960E0,7.079464912E0,-2.233700037E0
4.091038072E1,-1.170688510E0,7.139285564E0,-2.202593327E0
4.091275916E1,-1.173081279E0,7.206284523E0,-2.204986095E0
4.091513765E1,-1.163509965E0,7.316354275E0,-2.214557409E0
4.091751531E1,-1.146760225E0,7.419245720E0,-2.267199516E0
4.091989302E1,-1.151545882E0,7.563114166E0,-2.305484533E0
4.092227145E1,-1.208973646E0,7.670791149E0,-2.324926376E0
4.092464994E1,-1.261615753E0,7.797610760E0,-2.363211393E0
4.092702760E1,-1.319043517E0,7.902894974E0,-2.372782707E0
4.092940526E1,-1.362114310E0,8.022536278E0,-2.425424814E0
4.093178369E1,-1.371685624E0,8.135297775E0,-2.485245466E0
4.093416218E1,-1.342971683E0,8.202297211E0,-2.552244425E0
4.093653984E1,-1.345364571E0,8.314759254E0,-2.662314177E0
4.093891755E1,-1.323829174E0,8.448758125E0,-2.736491680E0
4.094129599E1,-1.304686546E0,8.530113220E0,-2.777169704E0
4.094367448E1,-1.261615753E0,8.628219604E0,-2.793919563E0
4.094605213E1,-1.163509965E0,8.705088615E0,-2.853740215E0
4.094842979E1,-1.084546804E0,8.779266357E0,-2.853740215E0
4.095080822E1,-9.669994712E-1,8.803194046E0,-2.877967358E0
4.095318671E1,-9.000003934E-1,8.824729919E0,-2.860918522E0
4.095556437E1,-8.186444640E-1,8.779266357E0,-2.753241539E0
4.095794208E1,-8.042874932E-1,8.731410027E0,-2.686242580E0
4.096032052E1,-7.995018363E-1,8.707481384E0,-2.542673111E0
4.096269901E1,-8.377870321E-1,8.731410027E0,-2.377568483E0
4.096507666E1,-8.186444640E-1,8.659625053E0,-2.209771633E0
4.096745437E1,-8.186444640E-1,8.510971069E0,-2.070987940E0
4.096983281E1,-7.205387354E-1,8.432007790E0,-1.874776483E0
4.097221125E1,-6.008976102E-1,8.410472870E0,-1.728515267E0
4.097458890E1,-5.434698462E-1,8.355437279E0,-1.580160260E0
4.097696661E1,-4.737788737E-1,8.355437279E0,-1.391127229E0
4.097934505E1,-3.278166950E-1,8.360222816E0,-1.333699465E0
4.098172354E1,-2.991028428E-1,8.432007790E0,-1.233201027E0
4.098410119E1,-2.297109663E-1,8.353044510E0,-1.103689432E0
4.098647890E1,-1.363908947E-1,8.384151459E0,-1.012762189E0
4.098885734E1,7.178467698E-3,8.499007225E0,-9.744769931E-1
4.099123578E1,5.772684515E-2,8.599505424E0,-1.022333503E0
4.099361343E1,1.175474152E-1,8.700303078E0,-1.041476011E0
4.099599114E1,2.132603228E-1,8.740981102E0,-1.072582722E0
4.099836958E1,2.204387933E-1,8.910871506E0,-1.106082320E0
4.100074807E1,1.893320978E-1,9.087940216E0,-1.003190875E0
4.100312573E1,2.946162820E-1,9.166903496E0,-9.529415965E-1
4.100550343E1,3.017947674E-1,9.468698502E0,-1.091725349E0
4.100788187E1,2.563311160E-1,9.736694336E0,-9.960124493E-1
4.101026031E1,1.797607988E-1,9.887741089E0,-9.002995491E-1
4.101263802E1,4.785645287E-3,1.028495026E1,-1.041476011E0
4.101501567E1,-1.531406492E-1,1.061785126E1,-9.170492887E-1
4.101739411E1,-2.249253243E-1,1.094596672E1,-8.069794178E-1
4.101977260E1,-3.708875179E-1,1.137906837E1,-7.854440212E-1
4.102215026E1,-4.211367965E-1,1.170479107E1,-6.825526357E-1
4.102452796E1,-5.626124144E-1,1.212862015E1,-7.256234884E-1
4.102690640E1,-7.325028181E-1,1.248036480E1,-6.370890141E-1
4.102928489E1,-9.023932219E-1,1.282283783E1,-5.626124144E-1
4.103166255E1,-1.153938770E0,1.309083366E1,-5.171487927E-1
4.103404020E1,-1.371685624E0,1.329930782E1,-4.716851711E-1
4.103641864E1,-1.610967875E0,1.351226902E1,-4.549354017E-1
4.103879713E1,-1.970190287E0,1.355055428E1,-4.334000051E-1
4.104117479E1,-2.324627161E0,1.369173145E1,-3.448655605E-1
4.104355250E1,-2.700300455E0,1.368215942E1,-2.778665423E-1
4.104593093E1,-3.090629578E0,1.364626789E1,-2.132603228E-1
4.104830942E1,-3.380460262E0,1.374467278E1,-2.156531364E-1
4.105068708E1,-3.703491211E0,1.373270798E1,-3.041875660E-1
4.105306479E1,-4.091427803E0,1.362951756E1,-3.041875660E-1
4.105544323E1,-4.426422596E0,1.358166122E1,-3.544368446E-1
4.105782166E1,-4.670789719E0,1.376620770E1,-3.209373355E-1
4.106019932E1,-4.835894585E0,1.382363510E1,-3.329014480E-1
4.106257703E1,-5.049154758E0,1.373031521E1,-4.860421121E-1
4.106495546E1,-5.233402252E0,1.372313690E1,-5.769693851E-1
4.106733395E1,-5.369792938E0,1.373988628E1,-6.753742099E-1
4.106971161E1,-5.496612549E0,1.371117306E1,-7.710871100E-1
4.107208932E1,-5.611767292E0,1.358166122E1,-7.782655358E-1
4.107446776E1,-5.673980713E0,1.347877026E1,-7.974081635E-1
4.107684619E1,-5.731408596E0,1.343809223E1,-7.423732281E-1
4.107922390E1,-5.702694416E0,1.332802200E1,-7.112665176E-1
4.108160156E1,-5.604588985E0,1.315573883E1,-6.442674994E-1
4.108398000E1,-5.506184101E0,1.299751377E1,-5.338985324E-1
4.108635849E1,-5.307579517E0,1.283719444E1,-5.961119533E-1
4.108873614E1,-5.183153152E0,1.286590862E1,-6.753742099E-1
4.109111385E1,-4.998905659E0,1.282523060E1,-7.519445419E-1
4.109349229E1,-4.792823792E0,1.275823116E1,-7.710871100E-1
4.109587078E1,-4.649254322E0,1.260269737E1,-4.214358926E-1
4.109824843E1,-4.603790760E0,1.253539944E1,-5.721837282E-1
4.110062614E1,-4.397708893E0,1.233679581E1,-9.744769931E-1
4.110300458E1,-4.127319813E0,1.213579845E1,-1.319342613E0
4.110538302E1,-3.849453449E0,1.186750317E1,-1.532303810E0
4.110776067E1,-3.689134359E0,1.168086243E1,-1.716551185E0
4.111013838E1,-3.476173162E0,1.147268772E1,-2.087737799E0
4.111251682E1,-3.370888948E0,1.127139091E1,-2.276770830E0
4.111489531E1,-3.289233923E0,1.104407310E1,-2.401496649E0
4.111727296E1,-3.248555899E0,1.051017475E1,-2.681456804E0
4.111965067E1,-2.803490877E0,1.028255749E1,-2.408675194E0
4.112202911E1,-2.437089920E0,9.923633575E0,-2.430210590E0
4.112440760E1,-2.353341103E0,9.902098656E0,-2.880360365E0
4.112678526E1,-2.604587555E0,9.933204651E0,-3.198605776E0
4.112916291E1,-2.767598391E0,9.959526062E0,-3.325425386E0
4.113154135E1,-2.839383125E0,9.961918831E0,-3.399602890E0
4.113391984E1,-2.758027315E0,1.009830952E1,-3.574577808E0
4.113629750E1,-2.652443886E0,1.023470020E1,-3.608077526E0
4.113867520E1,-2.666800737E0,9.772586823E0,-3.787539244E0
4.114105364E1,-2.178365946E0,9.480662346E0,-3.971786499E0
4.114343213E1,-1.886441588E0,9.588339806E0,-3.641577005E0
4.114580979E1,-1.850549221E0,9.506983757E0,-3.428316593E0
4.114818750E1,-1.807478428E0,9.569196701E0,-3.433401346E0
4.115056593E1,-1.821835399E0,9.576375008E0,-3.351746321E0
4.115294437E1,-1.762014747E0,9.437591553E0,-2.695813894E0
4.115532203E1,-1.752443433E0,9.746265411E0,-2.497209549E0
4.115769974E1,-1.721336842E0,9.801599503E0,-2.758027315E0
4.116007817E1,-1.721336842E0,9.921240807E0,-3.081357241E0
4.116245666E1,-1.656730533E0,9.966704369E0,-3.035893679E0
4.116483432E1,-1.589432478E0,1.015334511E1,-2.741277456E0
4.116721203E1,-1.690230131E0,1.027537823E1,-3.098107100E0
4.116959046E1,-1.888834357E0,1.014616585E1,-3.186641455E0
4.117196895E1,-1.948654890E0,1.007916737E1,-2.935395241E0
4.117434661E1,-1.747657895E0,1.003370380E1,-1.855633974E0
4.117672427E1,-1.836192250E0,9.906884193E0,-1.711765528E0
4.117910270E1,-1.893620014E0,9.664909363E0,-1.455733418E0
4.118148119E1,-1.963011861E0,9.581160545E0,-1.628016710E0
4.118385885E1,-1.900798440E0,9.552447319E0,-1.153938770E0
4.118623656E1,-1.874477386E0,9.753444672E0,-1.024726272E0
4.118861500E1,-1.974975944E0,9.643374443E0,-1.271486163E0
4.119099348E1,-2.108973980E0,9.480662346E0,-1.242772222E0
4.119337114E1,-2.106581211E0,9.401699066E0,-1.446162224E0
4.119574885E1,-2.085045815E0,9.308379173E0,-1.300199986E0
4.119812729E1,-2.104188442E0,9.157332420E0,-1.448554993E0
4.120050572E1,-2.097009897E0,8.951549530E0,-1.312164068E0
4.120288343E1,-1.994118571E0,8.956335068E0,-6.418746710E-1
4.120526114E1,-1.869691849E0,9.387342453E0,-7.232306600E-1
4.120763958E1,-1.998904228E0,9.111868858E0,-1.103689432E0
4.121001802E1,-1.989332914E0,8.927620888E0,-1.141974568E0
4.121239567E1,-1.965404749E0,8.848658562E0,-1.149153113E0
4.121477338E1,-1.927119493E0,8.941978455E0,-1.034297585E0
4.121715182E1,-2.032403708E0,8.774480820E0,-1.156331539E0
4.121953031E1,-2.207378864E0,8.606683731E0,-1.405484200E0
4.122190796E1,-2.350948334E0,8.439186096E0,-1.570588946E0
4.122428567E1,-2.422732830E0,8.350651741E0,-1.431805253E0
4.122666411E1,-2.472982168E0,8.353044510E0,-1.288235903E0
4.122904255E1,-2.348555326E0,8.609076500E0,-8.356932998E-1
4.123142026E1,-2.018046856E0,8.635397911E0,-1.122832060E0
4.123379796E1,-2.018046856E0,7.620542049E0,-6.299105883E-1
4.123617640E1,-2.173580170E0,7.584649563E0,-1.065404296E0
4.123855484E1,-2.341377020E0,7.048357964E0,-1.371984720E0
4.124093250E1,-2.341377020E0,7.182356358E0,-1.769492388E0
4.124331020E1,-2.394019127E0,7.364210606E0,-1.453340650E0
4.124568864E1,-2.520838737E0,7.491030216E0,-1.194915771E0
4.124806713E1,-2.568695068E0,7.539186001E0,-1.101296663E0
4.125044479E1,-2.638087034E0,7.532007694E0,-1.197308660E0
4.125282250E1,-2.566302299E0,7.603792191E0,-1.431805253E0
4.125520093E1,-2.382055044E0,7.364210606E0,-1.649552107E0
4.125757937E1,-2.212164640E0,7.452745438E0,-1.549053550E0
4.125995703E1,-2.300698996E0,7.340282440E0,-1.374377489E0
4.126233474E1,-2.315055847E0,7.376174927E0,-1.226022482E0
4.126471317E1,-2.173580170E0,7.663612843E0,-1.462911963E0
4.126709166E1,-2.159223318E0,7.689933777E0,-2.320140600E0
4.126946932E1,-2.477767944E0,7.220641613E0,-2.080559254E0
4.127184703E1,-2.537588358E0,7.144071102E0,-1.826920033E0
4.127422546E1,-2.444268227E0,7.124928474E0,-1.764706731E0
4.127660395E1,-2.398804665E0,7.227819920E0,-1.788634896E0
4.127898161E1,-2.394019127E0,7.306783199E0,-1.884347796E0
4.128135932E1,-2.504088879E0,7.428816795E0,-1.999203324E0
4.128373776E1,-2.616551638E0,7.220641613E0,-2.142772675E0
4.128611619E1,-2.398804665E0,7.335496902E0,-2.116451740E0
4.128849390E1,-2.549552441E0,7.577471256E0,-1.948953986E0
4.129087161E1,-2.688336134E0,7.646862984E0,-2.023131609E0
4.129325005E1,-2.599801779E0,7.606184959E0,-2.123630047E0
4.129562848E1,-2.396411896E0,7.555935860E0,-2.204986095E0
4.129800614E1,-2.260020971E0,7.481459141E0,-2.214557409E0
4.130038385E1,-2.214557409E0,7.416852951E0,-2.233700037E0
4.130276229E1,-2.180758715E0,7.323532581E0,-2.260020971E0
4.130514078E1,-2.175973177E0,7.309175968E0,-2.303091764E0
4.130751843E1,-2.173580170E0,7.292426109E0,-2.305484533E0
4.130989614E1,-2.137687922E0,7.268497944E0,-2.310569286E0
4.131227458E1,-2.120938063E0,7.244569778E0,-2.384746790E0
4.131465302E1,-2.101795673E0,7.215855598E0,-2.437388897E0
4.131703072E1,-2.041975021E0,7.237390995E0,-2.501995087E0
4.131940838E1,-2.013261080E0,7.278069019E0,-2.540280342E0
4.132178682E1,-1.986940145E0,7.292426109E0,-2.628814697E0
4.132416531E1,-2.008475542E0,7.254140854E0,-2.717349291E0
4.132654296E1,-2.010868311E0,7.218248844E0,-2.750848770E0
4.132892067E1,-2.001296997E0,7.208677292E0,-2.820240498E0
4.133129911E1,-2.003689766E0,7.189534664E0,-2.875574589E0
4.133367760E1,-2.030010939E0,7.256533623E0,-2.858525753E0
4.133605526E1,-2.073081732E0,7.244569778E0,-2.844168901E0
4.133843296E1,-2.123331070E0,7.237390995E0,-2.810669184E0
4.134081140E1,-2.175973177E0,7.223034382E0,-2.762812853E0
4.134318989E1,-2.231307030E0,7.237390995E0,-2.724527597E0
4.134556755E1,-2.257628202E0,7.278069019E0,-2.710170746E0
4.134794526E1,-2.315055847E0,7.335496902E0,-2.753241539E0
4.135032369E1,-2.458625317E0,7.359425068E0,-2.841775894E0
4.135270213E1,-2.551945448E0,7.373782158E0,-2.930609465E0
4.135507979E1,-2.678765059E0,7.421638489E0,-3.011965513E0
4.135745750E1,-2.786741018E0,7.467102051E0,-3.153141975E0
4.135983593E1,-2.918346405E0,7.514958382E0,-3.260818958E0
4.136221442E1,-3.066701412E0,7.563114166E0,-3.413959742E0
4.136459208E1,-3.210270643E0,7.613363266E0,-3.495614767E0
4.136696979E1,-3.373281717E0,7.651648521E0,-3.572185040E0
4.136934822E1,-3.555136204E0,7.646862984E0,-3.646362543E0
4.137172671E1,-3.746562004E0,7.694719315E0,-3.710968733E0
4.137410437E1,-3.911965847E0,7.730611801E0,-3.794717550E0
4.137648208E1,-4.077070713E0,7.754539967E0,-3.789932013E0
4.137886052E1,-4.227818489E0,7.761718273E0,-3.825824261E0
4.138123895E1,-4.390530586E0,7.766504288E0,-3.854538202E0
4.138361666E1,-4.491328239E0,7.809575081E0,-3.895216227E0
4.138599432E1,-4.584648132E0,7.814360619E0,-3.883252144E0
4.138837276E1,-4.687539577E0,7.869395256E0,-3.900001764E0
4.139075125E1,-4.826323509E0,7.850253105E0,-3.938287020E0
4.139312890E1,-4.938786030E0,7.855038643E0,-3.950251102E0
4.139550661E1,-4.979464054E0,7.890930653E0,-3.959822416E0
4.139788505E1,-5.006083965E0,7.974679470E0,-3.988536358E0
4.140026354E1,-5.044369221E0,8.015357971E0,-4.007977962E0
4.140264119E1,-5.089832783E0,7.998608112E0,-4.012763500E0
4.140501890E1,-5.073082924E0,8.041678429E0,-3.998406649E0
4.140739734E1,-5.044369221E0,8.056035995E0,-3.976572037E0
4.140977583E1,-5.013262749E0,8.140083313E0,-3.888037682E0
4.141215349E1,-4.953142643E0,8.173583031E0,-3.828217030E0
4.141453119E1,-4.850251675E0,8.187939644E0,-3.742075443E0
4.141690963E1,-4.747360229E0,8.266902924E0,-3.655933857E0
4.141928807E1,-4.656432629E0,8.321938515E0,-3.608077526E0
4.142166578E1,-4.582255363E0,8.362615585E0,-3.502793312E0
4.142404343E1,-4.517649174E0,8.384151459E0,-3.459722519E0
4.142642187E1,-4.465006828E0,8.360222816E0,-3.358924866E0
4.142880036E1,-4.371387959E0,8.415258408E0,-3.344567776E0
4.143117802E1,-4.323531628E0,8.443971634E0,-3.311068296E0
4.143355573E1,-4.280460835E0,8.439186096E0,-3.311068296E0
4.143593416E1,-4.282853603E0,8.455936432E0,-3.287140131E0
4.143831265E1,-4.294817448E0,8.463114738E0,-3.296711445E0
4.144069031E1,-4.316352844E0,8.434400558E0,-3.313461065E0
4.144306802E1,-4.337888241E0,8.422436714E0,-3.313461065E0
4.144544645E1,-4.349852562E0,8.360222816E0,-3.291925669E0
4.144782494E1,-4.402494431E0,8.329116821E0,-3.267997503E0
4.145020260E1,-4.457828522E0,8.302795410E0,-3.248854876E0
4.145258031E1,-4.500899315E0,8.264510155E0,-3.244069338E0
4.145495875E1,-4.505684853E0,8.252546310E0,-3.169891834E0
4.145733718E1,-4.527220249E0,8.235795975E0,-3.105285645E0
4.145971484E1,-4.546362877E0,8.235795975E0,-3.023929596E0
4.146209255E1,-4.589433670E0,8.254939079E0,-2.973680258E0
4.146447099E1,-4.577469826E0,8.254939079E0,-2.940180779E0
4.146684948E1,-4.587040901E0,8.293224335E0,-2.933002472E0
4.146922713E1,-4.610969067E0,8.355437279E0,-2.937788010E0
4.147160484E1,-4.618147850E0,8.405686378E0,-3.023929596E0
4.147398328E1,-4.639683247E0,8.439186096E0,-3.098107100E0
4.147636177E1,-4.606183529E0,8.453543663E0,-3.165106058E0
4.147873942E1,-4.572684288E0,8.479864120E0,-3.133999348E0
4.148111713E1,-4.510470867E0,8.482256889E0,-3.114856958E0
4.148349557E1,-4.469792843E0,8.441578865E0,-3.071786165E0
4.148587406E1,-4.421637058E0,8.429615021E0,-2.997608662E0
4.148825171E1,-4.347459793E0,8.381758690E0,-2.899502754E0
4.149062942E1,-4.273282051E0,8.369794846E0,-2.805883646E0
4.149300786E1,-4.218247414E0,8.384151459E0,-2.671885490E0
4.149538630E1,-4.148855209E0,8.398508072E0,-2.525923491E0
4.149776401E1,-4.055535316E0,8.501399994E0,-2.344068766E0
4.150014171E1,-3.971786499E0,8.616254807E0,-2.126022816E0
4.150252015E1,-3.885644913E0,8.817551613E0,-1.877169371E0
4.150489859E1,-3.756133318E0,9.123832703E0,-1.625623941E0
4.150727624E1,-3.641277790E0,9.451948166E0,-1.371984720E0
4.150965395E1,-3.476173162E0,9.849455833E0,-1.158724308E0
4.151203239E1,-3.320639610E0,1.025384331E1,-1.072582722E0
4.151441088E1,-3.212663412E0,1.066570759E1,-1.041476011E0
4.151678854E1,-3.104986429E0,1.106321526E1,-1.120439172E0
4.151916624E1,-3.030808926E0,1.146790123E1,-1.259521961E0
4.152154468E1,-2.980559587E0,1.187228870E1,-1.434198022E0
4.152392317E1,-2.997309446E0,1.231525993E1,-1.611266971E0
4.152630083E1,-3.042773008E0,1.270798206E1,-1.812563181E0
4.152867854E1,-3.076272726E0,1.305254841E1,-1.980060697E0
4.153105698E1,-3.155235767E0,1.339502144E1,-2.166700840E0
4.153343546E1,-3.231806040E0,1.368455315E1,-2.339283228E0
4.153581312E1,-3.311068296E0,1.385952759E1,-2.521137714E0
4.153819083E1,-3.404388428E0,1.390259838E1,-2.700599432E0
4.154056927E1,-3.490530014E0,1.377817154E1,-2.873181820E0
4.154294770E1,-3.562314749E0,1.352901936E1,-3.045464993E0
4.154532541E1,-3.593421459E0,1.320598793E1,-3.131606579E0
4.154770307E1,-3.559921980E0,1.285633659E1,-3.215355396E0
4.155008151E1,-3.423531055E0,1.250907898E1,-3.189034462E0
4.155246000E1,-3.215056419E0,1.212862015E1,-3.138785124E0
4.155483765E1,-3.109772205E0,1.172154045E1,-3.078964472E0
4.155721536E1,-3.016452074E0,1.131685448E1,-2.976073265E0
4.155959380E1,-2.944667339E0,1.096989536E1,-2.901895761E0
4.156197229E1,-2.884846687E0,1.056999493E1,-2.750848770E0
4.156434994E1,-2.848954439E0,1.025384331E1,-2.693420887E0
4.156672765E1,-2.825026274E0,9.966704369E0,-2.681456804E0
4.156910609E1,-2.758027315E0,9.748658180E0,-2.655135870E0
4.157148458E1,-2.707478762E0,9.523733139E0,-2.686242580E0
4.157386224E1,-2.628515720E0,9.279664993E0,-2.667099953E0
4.157623994E1,-2.573480844E0,9.078369141E0,-2.679064035E0
4.157861838E1,-2.633301258E0,8.884550095E0,-2.724527597E0
4.158099687E1,-2.719442844E0,8.688339233E0,-2.667099953E0
4.158337453E1,-2.825026274E0,8.455936432E0,-2.619243383E0
4.158575224E1,-2.889632463E0,8.197511673E0,-2.511566401E0
4.158813067E1,-2.865704298E0,7.945965767E0,-2.425424814E0
4.159050911E1,-2.801098108E0,7.752147198E0,-2.336890459E0
4.159288677E1,-2.750848770E0,7.594220638E0,-2.257628202E0
4.159526448E1,-2.666800737E0,7.428816795E0,-2.181057930E0
4.159764291E1,-2.604587555E0,7.263712406E0,-2.085345030E0
4.160002140E1,-2.516052961E0,7.112964630E0,-2.015953064E0
4.160239906E1,-2.382055044E0,7.079464912E0,-1.865205288E0
4.160477677E1,-2.219342947E0,7.141678333E0,-1.762313843E0
4.160715520E1,-2.034796476E0,7.237390995E0,-1.608874083E0
4.160953369E1,-1.855334878E0,7.445566654E0,-1.489233017E0
4.161191135E1,-1.680658817E0,7.706683636E0,-1.362413406E0
4.161428906E1,-1.522433400E0,8.005785942E0,-1.333699465E0
4.161666750E1,-1.352542996E0,8.388936996E0,-1.290628672E0
4.161904598E1,-1.201795220E0,8.788837433E0,-1.283450246E0
4.162142364E1,-1.110867858E0,9.171689034E0,-1.319342613E0
4.162380135E1,-1.017248750E0,9.545269012E0,-1.381555915E0
4.162617979E1,-9.191430211E-1,9.916455269E0,-1.484447360E0
4.162855828E1,-8.569296002E-1,1.028495026E1,-1.572981834E0
4.163093593E1,-7.875377536E-1,1.062742233E1,-1.721336842E0
4.163331364E1,-6.726822853E-1,1.097707367E1,-1.822134495E0
4.163569208E1,-6.056832075E-1,1.132403278E1,-1.927418590E0
4.163807057E1,-6.152545214E-1,1.158993530E1,-2.008774519E0
4.164044822E1,-6.894320250E-1,1.171675491E1,-2.097309113E0
4.164282593E1,-7.683951855E-1,1.179571819E1,-2.188236237E0
4.164520437E1,-7.540382147E-1,1.197757244E1,-2.279163599E0
4.164758281E1,-6.702894568E-1,1.222433281E1,-2.346461773E0
4.164996052E1,-5.985047817E-1,1.240857983E1,-2.549851656E0
4.165233817E1,-5.721837282E-1,1.251147175E1,-2.681456804E0
4.165471661E1,-5.650052428E-1,1.261226940E1,-2.887538671E0
4.165709510E1,-5.458626747E-1,1.265534019E1,-3.122035265E0
4.165947276E1,-5.673980713E-1,1.256650639E1,-3.291925669E0
4.166185046E1,-6.080760360E-1,1.245882893E1,-3.462115288E0
4.166422890E1,-6.535396576E-1,1.232483101E1,-3.641577005E0
4.166660739E1,-7.301099896E-1,1.208076286E1,-3.653541088E0
4.166898505E1,-7.995018363E-1,1.178375435E1,-3.667897940E0
4.167136276E1,-8.665009141E-1,1.156361485E1,-3.720540047E0
4.167374119E1,-9.526425004E-1,1.120678520E1,-3.538685560E0
4.167611968E1,-9.741778970E-1,1.088345432E1,-3.387638569E0
4.167849734E1,-9.334999323E-1,1.061067295E1,-3.370888948E0
4.168087505E1,-8.976075649E-1,1.043360424E1,-3.416352510E0
4.168325348E1,-8.066803217E-1,1.027537823E1,-3.447758436E0
4.168563198E1,-6.487540603E-1,1.019641590E1,-3.409173965E0
4.168800963E1,-5.889334679E-1,9.887741089E0,-3.411566973E0
4.169038734E1,-5.937191248E-1,9.686445236E0,-3.509971619E0
4.169276578E1,-5.051847100E-1,9.439984322E0,-3.519542933E0
4.169514427E1,-4.426721931E-1,9.217452049E0,-3.512364626E0
4.169752192E1,-3.038884699E-1,9.073583603E0,-3.438187122E0
4.169989963E1,-2.967100143E-1,8.946763992E0,-3.344567776E0
4.170227807E1,-5.793621540E-1,8.317152023E0,-3.433401346E0
4.170465651E1,-4.259224236E-1,8.365009308E0,-3.608077526E0
4.170703421E1,-2.153540403E-2,8.719446182E0,-3.825824261E0
4.170941187E1,2.443670183E-1,8.855836868E0,-3.873680830E0
4.171179031E1,3.233301640E-1,8.726624489E0,-3.639184237E0
4.171416880E1,2.204387933E-1,8.525327682E0,-3.363710403E0
4.171654645E1,1.151545867E-1,8.527720451E0,-3.232105255E0
4.171892416E1,8.404789865E-2,8.635397911E0,-3.323032379E0
4.172130260E1,8.644071966E-2,8.506185532E0,-2.702992201E0
4.172368109E1,1.701895148E-1,8.482256889E0,-2.657528639E0
4.172605874E1,3.687937856E-1,8.628219604E0,-2.865704298E0
4.172843645E1,5.817549825E-1,8.764909744E0,-2.904288530E0
4.173081489E1,7.639086246E-1,8.961120605E0,-2.954537868E0
4.173319338E1,8.835497499E-1,9.142974854E0,-3.169891834E0
4.173557104E1,9.457631707E-1,9.368199348E0,-3.445365429E0
4.173794875E1,1.034297585E0,9.526125908E0,-3.689433336E0
4.174032718E1,1.043868899E0,9.547661781E0,-3.409173965E0
4.174270567E1,9.577272534E-1,9.571589470E0,-3.155534744E0
4.174508333E1,8.285148144E-1,9.595518112E0,-3.057429075E0
4.174746104E1,8.596215248E-1,9.933204651E0,-2.863311291E0
4.174983948E1,1.132403374E0,1.022991467E1,-2.561815739E0
4.175221796E1,1.144367456E0,1.032323551E1,-2.394318104E0
4.175459562E1,3.376871049E-1,1.011266708E1,-2.662314177E0
4.175697333E1,-2.799602449E-1,1.000259686E1,-3.545864105E0
4.175935177E1,-3.397808075E-1,1.018445110E1,-3.722932816E0
4.176173026E1,-2.177468538E-1,1.049103165E1,-3.459722519E0
4.176410791E1,3.349951655E-2,1.070638561E1,-2.930609465E0
4.176648562E1,2.419741899E-1,1.092203903E1,-2.750848770E0
4.176886406E1,1.103689447E-1,1.066810036E1,-3.222533941E0
4.177124255E1,-2.297109663E-1,1.048146057E1,-2.746062994E0
4.177362020E1,-2.871387303E-1,1.049581718E1,-2.365604401E0
4.177599791E1,-7.301099896E-1,1.034746265E1,-2.808276415E0
4.177837635E1,-1.149153113E0,1.040489006E1,-3.483650684E0
4.178075479E1,-1.213759303E0,1.050299549E1,-3.782753468E0
4.178313250E1,-1.161117196E0,1.061785126E1,-3.883252144E0
4.178551020E1,-1.271187067E0,1.097228813E1,-4.048655987E0
4.178788864E1,-1.161117196E0,1.089063358E1,-4.807479858E0
4.179026708E1,-1.302293777E0,1.035942650E1,-3.291925669E0
4.179264474E1,-1.345364571E0,1.002652550E1,-3.026322365E0
4.179502244E1,-1.331007600E0,1.002891827E1,-3.110071182E0
4.179740088E1,-1.323829174E0,1.014855862E1,-3.112463951E0
4.179977937E1,-1.335793257E0,1.029212856E1,-3.059821844E0
4.180215703E1,-1.247258782E0,1.068245792E1,-2.233700037E0
4.180453474E1,-1.675873160E0,1.059870911E1,-3.500400543E0
4.180691317E1,-1.862513304E0,1.054606628E1,-4.963013172E0
4.180929166E1,-2.214557409E0,1.034985542E1,-3.263211966E0
4.181166932E1,-2.183151484E0,9.830313683E0,-1.800599098E0
4.181404703E1,-2.240878344E0,9.597910881E0,-2.267199516E0
4.181642546E1,-2.125723839E0,9.684052467E0,-2.518744946E0
4.181880395E1,-1.955833435E0,9.775279045E0,-2.616850615E0
4.182118161E1,-1.833799481E0,9.873384476E0,-2.671885490E0
4.182355932E1,-1.843370795E0,9.885348320E0,-2.714956284E0
4.182593776E1,-1.922333837E0,9.847063065E0,-2.722134829E0
4.182831624E1,-2.008475542E0,9.792028427E0,-2.674278498E0
4.183069390E1,-1.994118571E0,9.861420631E0,-2.638386011E0
4.183307161E1,-2.104188442E0,9.923633575E0,-2.521137714E0
4.183545005E1,-2.178365946E0,9.947562218E0,-1.716551185E0
4.183782854E1,-2.317448616E0,1.024427223E1,-4.577768803E0
4.184020619E1,-2.654836655E0,1.043121147E1,-3.909573078E0
4.184258390E1,-2.480160713E0,9.511769295E0,-2.444567442E0
4.184496234E1,-2.312663078E0,8.848658562E0,-1.214058399E0
4.184734083E1,-2.224128723E0,8.736195564E0,-1.534696579E0
4.184971849E1,-2.082653046E0,9.154939651E0,-1.831705689E0
4.185209619E1,-1.788335800E0,9.533304214E0,-1.941775560E0
4.185447463E1,-1.500898004E0,9.645767212E0,-2.149951220E0
4.185685312E1,-1.393221021E0,9.583553314E0,-2.327319145E0
4.185923078E1,-1.386042476E0,9.463912964E0,-2.434996128E0
4.186160849E1,-1.386042476E0,9.377771378E0,-2.482852697E0
4.186398692E1,-1.383649707E0,9.294022560E0,-2.509173632E0
4.186636541E1,-1.675873160E0,9.573982239E0,-2.305484533E0
4.186874307E1,-1.668694735E0,9.432806015E0,-1.843669891E0
4.187112078E1,-1.876870275E0,9.588339806E0,-2.650350094E0
4.187349921E1,-1.512862086E0,9.372985840E0,-2.889931440E0
4.187587765E1,-1.115653515E0,9.243772507E0,-2.923431158E0
4.187825536E1,-1.244866014E0,9.447162628E0,-2.595315218E0
4.188063307E1,-6.559324861E-1,9.770194054E0,-5.394020557E0
4.188301151E1,-3.326023519E-1,9.265308380E0,-4.474578381E0
4.188539000E1,1.435693540E-2,8.510971069E0,-2.561815739E0
4.188776765E1,-9.332008660E-2,7.749754429E0,-1.424626827E0
4.189014536E1,-3.421736360E-1,7.526922703E0,-1.501197100E0
4.189252380E1,-4.977070987E-1,8.202297211E0,-1.817348838E0
4.189490224E1,-4.953143001E-1,8.772088051E0,-2.140379906E0
4.189727989E1,-4.689932466E-1,9.013762474E0,-2.451745987E0
4.189965760E1,-4.067798555E-1,8.963513374E0,-2.810669184E0
4.190203604E1,-3.278166950E-1,8.886942863E0,-3.126821041E0
4.190441453E1,-5.051847100E-1,8.829515457E0,-3.387638569E0
4.190679218E1,-1.721336842E0,9.303593636E0,-3.141177893E0
4.190916989E1,-1.350150228E0,9.174081802E0,-3.004786968E0
4.191154838E1,-5.841478109E-1,9.025727272E0,-3.435794115E0
4.191392682E1,-9.332008660E-2,8.798408508E0,-3.519542933E0
4.191630448E1,-2.632104978E-2,8.652147293E0,-3.507578850E0
4.191868218E1,-7.731808424E-1,8.700303078E0,-3.244069338E0
4.192106062E1,-1.794617027E-1,8.604290962E0,-3.088535786E0
4.192343911E1,2.300100774E-1,8.453543663E0,-3.246462107E0
4.192581677E1,1.821536273E-1,8.458329201E0,-3.267997503E0
4.192819448E1,1.965105534E-1,8.934800148E0,-5.650052547E0
4.193057291E1,-8.374879509E-2,8.781659126E0,-5.315057278E0
4.193295140E1,-6.607181430E-1,8.032107353E0,-3.136392355E0
4.193532906E1,-1.381256819E0,7.433602810E0,-1.905883193E0
4.193770677E1,-2.120938063E0,8.017750740E0,-8.596215248E-1
4.194008520E1,-2.822633505E0,9.066405296E0,-1.120439172E0
4.194246369E1,-1.979761600E0,9.676874161E0,-1.477268934E0
4.194484135E1,-1.695015788E0,1.000738239E1,-2.164308071E0
4.194721906E1,-1.007677436E0,9.722337723E0,-2.674278498E0
4.194959750E1,-5.793621540E-1,9.475876808E0,-2.853740215E0
4.195197599E1,-4.785645306E-1,9.162117958E0,-2.933002472E0
4.195435364E1,-4.283152521E-1,8.958727837E0,-2.805883646E0
4.195673135E1,-4.977070987E-1,8.913264275E0,-2.702992201E0
4.195910979E1,-1.077368379E0,9.066405296E0,-2.609672308E0
4.196148828E1,-1.982154489E0,9.255737305E0,-2.027917147E0
4.196386593E1,-1.235294700E0,9.542876244E0,-1.941775560E0
4.196624364E1,-1.479362607E0,9.827920914E0,-2.295913219E0
4.196862208E1,-1.113260746E0,9.715159416E0,-2.437388897E0
4.197100057E1,-7.277171612E-1,9.617053032E0,-2.578565598E0
4.197337823E1,-5.506483316E-1,9.526125908E0,-2.614457846E0
4.197575593E1,-1.240080357E0,9.803992271E0,-2.640778780E0
4.197813437E1,-1.986940145E0,9.861420631E0,-1.905883193E0
4.198051286E1,-1.674975902E-1,1.044796085E1,-6.342176437E0
4.198289052E1,-2.440679073E-1,1.030409241E1,-4.929513931E0
4.198526823E1,6.610172391E-1,8.204689980E0,-1.582553029E0
4.198764666E1,-5.530411601E-1,7.519744396E0,-2.153540403E-2
4.199002515E1,-1.484148264E0,8.147261620E0,-1.630110443E-1
4.199240281E1,-1.402792215E0,9.056833267E0,-1.077368379E0
4.199478052E1,-9.885348678E-1,9.602696419E0,-1.980060697E0
4.199715895E1,-6.056832075E-1,9.767801285E0,-2.595315218E0
4.199953744E1,-1.319043517E0,1.036899757E1,-2.726920605E0
4.200191510E1,-2.484946251E0,1.043838978E1,-1.972882271E0
4.200429281E1,-1.228116274E0,1.013659477E1,-2.954537868E0
4.200667124E1,-5.123631358E-1,9.638588905E0,-3.474079370E0
4.200904974E1,-1.156331539E0,9.691230774E0,-3.404388428E0
4.201142739E1,-9.454640746E-1,9.377771378E0,-2.916252613E0
4.201380510E1,-8.449655175E-1,9.265308380E0,-3.002394199E0
4.201618354E1,-6.702894568E-1,9.078369141E0,-3.002394199E0
4.201856203E1,-6.152545214E-1,8.908478737E0,-2.930609465E0
4.202093968E1,-6.487540603E-1,8.853444099E0,-2.966501951E0
4.202331739E1,-5.554339290E-1,8.726624489E0,-2.940180779E0
4.202569583E1,-3.613162339E-1,8.664410591E0,-3.050250769E0
4.202807432E1,-3.278166950E-1,8.551649094E0,-3.035893679E0
4.203045198E1,7.926224917E-2,8.961120605E0,-5.523232937E0
4.203282968E1,5.626124144E-1,8.836693764E0,-5.765207291E0
4.203520812E1,-9.693922997E-1,8.755337715E0,-2.559422970E0
4.203758661E1,-1.326221943E0,7.493422985E0,-9.409775138E-1
4.203996427E1,-1.503290772E0,6.734599113E0,-1.271187067E-1
4.204234198E1,-2.346162558E0,8.484649658E0,-1.348056436E0
4.204472041E1,-2.516052961E0,9.435198784E0,-2.372782707E0
4.204709890E1,-1.599003673E0,9.751050949E0,-2.873181820E0
4.204947656E1,-1.517647743E0,1.018445110E1,-2.037488461E0
4.205185427E1,-9.885348678E-1,9.710372925E0,-2.686242580E0
4.205423270E1,-9.454640746E-1,9.102297783E0,-3.349353552E0
4.205661119E1,-7.899305820E-1,8.647361755E0,-3.553042412E0
4.205898885E1,-5.961119533E-1,8.298009872E0,-3.531507015E0
4.206136656E1,-5.506483316E-1,8.072785378E0,-3.768396616E0
4.206374500E1,-6.128616929E-1,7.936394691E0,-3.576970816E0
4.206612349E1,-6.032904387E-1,7.867002487E0,-3.555435419E0
4.206850114E1,-6.846463680E-1,7.819146156E0,-3.576970816E0
4.207087885E1,-7.348956466E-1,7.752147198E0,-3.555435419E0
4.207325729E1,-7.899305820E-1,7.771289825E0,-3.495614767E0
4.207563578E1,-7.923234105E-1,7.735397339E0,-3.375674486E0
4.207801343E1,-7.803592682E-1,7.697112083E0,-3.526721478E0
4.208039114E1,-8.042874932E-1,7.747361660E0,-3.557828188E0
4.208276958E1,-7.492526174E-1,7.718647480E0,-3.684647799E0
4.208514807E1,-7.420741320E-1,7.795217991E0,-3.727718592E0
4.208752573E1,-7.612167001E-1,7.776075363E0,-3.677469254E0
4.208990343E1,-6.463612318E-1,7.766504288E0,-3.761218071E0
4.209228187E1,-6.774678826E-1,7.747361660E0,-3.596113443E0
4.209466036E1,-5.171487927E-1,8.149654388E0,-4.347758770E0
4.209703802E1,-8.614161611E-2,7.843074322E0,-8.635697365E0
4.209941572E1,1.989033818E-1,7.182356358E0,-2.600100994E0
4.210179416E1,-8.569296002E-1,7.038786888E0,-1.749751568E-1
4.210417265E1,-1.244866014E0,6.904489517E0,-7.064808607E-1
4.210655031E1,-1.084546804E0,7.165606499E0,-1.424626827E0
4.210892802E1,-4.402793646E-1,7.459923744E0,-2.616850615E0
4.211130645E1,8.165507019E-2,7.666005611E0,-2.911466837E0
4.211368494E1,6.251249462E-2,7.890930653E0,-2.676671267E0
4.211606260E1,-1.363908947E-1,8.082356453E0,-2.442174673E0
4.211844031E1,-2.632105052E-1,8.348258972E0,-2.317747831E0
4.212081874E1,-2.679961324E-1,8.546863556E0,-2.329711914E0
4.212319724E1,-1.746760458E-1,8.824729919E0,-2.240878344E0
4.212557489E1,-1.387837082E-1,9.061619759E0,-2.262413740E0
4.212795260E1,-4.785645381E-2,9.294022560E0,-2.195414782E0
4.213033104E1,7.208377868E-2,9.526125908E0,-2.176272154E0
4.213270953E1,1.606182158E-1,9.765408516E0,-2.173879385E0
4.213508718E1,1.151545867E-1,9.949954987E0,-2.226521492E0
4.213746489E1,5.264209956E-2,1.011745262E1,-2.396710873E0
4.213984333E1,3.828516230E-2,1.029691410E1,-2.413460732E0
4.214222182E1,-9.571290575E-3,1.041924667E1,-2.521137714E0
4.214459948E1,-9.332008660E-2,1.053888798E1,-2.588136673E0
4.214697718E1,-1.459621787E-1,1.061067295E1,-2.717349291E0
4.214935562E1,-2.416750938E-1,1.068724346E1,-2.784348249E0
4.215173411E1,-3.684946895E-1,1.073270702E1,-2.918645382E0
4.215411177E1,-4.761717021E-1,1.075902748E1,-3.019144058E0
4.215648948E1,-6.032904387E-1,1.072552872E1,-3.086143017E0
4.215886791E1,-7.348956466E-1,1.071117115E1,-3.177070379E0
4.216124640E1,-8.138588071E-1,1.066810036E1,-3.270390272E0
4.216362406E1,-9.143573642E-1,1.060110188E1,-3.370888948E0
4.216600177E1,-1.055533886E0,1.048863888E1,-3.418745279E0
4.216838020E1,-1.204187989E0,1.036181927E1,-3.500400543E0
4.217075869E1,-1.304686546E0,1.027537823E1,-3.531507015E0
4.217313635E1,-1.347757339E0,1.014616585E1,-3.581756353E0
4.217551406E1,-1.402792215E0,1.004088211E1,-3.617648840E0
4.217789250E1,-1.436291814E0,9.906884193E0,-3.651148319E0
4.218027098E1,-1.433898926E0,9.789635658E0,-3.706183195E0
4.218264864E1,-1.472184181E0,9.643374443E0,-3.699004650E0
4.218502635E1,-1.512862086E0,9.499805450E0,-3.725325823E0
4.218740479E1,-1.467398524E0,9.365806580E0,-3.749253988E0
4.218978328E1,-1.493719578E0,9.212666512E0,-3.746861219E0
4.219216093E1,-1.515254974E0,9.116654396E0,-3.756432533E0
4.219453864E1,-1.572682738E0,8.985049248E0,-3.751646757E0
4.219691708E1,-1.572682738E0,8.851051331E0,-3.732504129E0
4.219929557E1,-1.613360643E0,8.776873589E0,-3.696611881E0
4.220167322E1,-1.663909078E0,8.709874153E0,-3.679862022E0
4.220405093E1,-1.733300924E0,8.630612373E0,-3.620041609E0
4.220642937E1,-1.805085540E0,8.616254807E0,-3.572185040E0
4.220880786E1,-1.905584097E0,8.561220169E0,-3.488436222E0
4.221118552E1,-1.960619092E0,8.556434631E0,-3.416352510E0
4.221356322E1,-2.037189484E0,8.601898193E0,-3.299104214E0
4.221594171E1,-2.080260277E0,8.635397911E0,-3.217748165E0
4.221832015E1,-2.137687922E0,8.669196129E0,-3.069393158E0
4.222069786E1,-2.152044773E0,8.729017258E0,-2.966501951E0
4.222307557E1,-2.154437780E0,8.755337715E0,-2.801098108E0
4.222545401E1,-2.147259235E0,8.817551613E0,-2.667099953E0
4.222783244E1,-2.140080690E0,8.894122124E0,-2.549851656E0
4.223021015E1,-2.132902384E0,8.927620888E0,-2.403889418E0
4.223258786E1,-2.125723839E0,9.001798630E0,-2.286342144E0
4.223496630E1,-2.118545294E0,9.044869423E0,-2.195414782E0
4.223734479E1,-2.061117649E0,9.107083321E0,-2.135594130E0
4.223972244E1,-2.041975021E0,9.145368576E0,-2.097309113E0
4.224210015E1,-2.051546335E0,9.205188751E0,-2.085345030E0
4.224447859E1,-2.015654087E0,9.212666512E0,-2.020738840E0
4.224685708E1,-1.977368832E0,9.267701149E0,-2.008774519E0
4.224923474E1,-1.989332914E0,9.284450531E0,-1.984846354E0
4.225161244E1,-1.917548299E0,9.320343018E0,-1.968096614E0
4.225399088E1,-1.843370795E0,9.294022560E0,-1.936989903E0
4.225636937E1,-1.745265007E0,9.322735786E0,-1.958525300E0
4.225874703E1,-1.695015788E0,9.327521324E0,-1.996810555E0
4.226112474E1,-1.603789330E0,9.341878891E0,-1.965703845E0
4.226350317E1,-1.527219057E0,9.322735786E0,-1.932204247E0
4.226588166E1,-1.433898926E0,9.305986404E0,-1.946561217E0
4.226825932E1,-1.357328653E0,9.284450531E0,-1.963310957E0
4.227063703E1,-1.290329576E0,9.234201431E0,-1.956132531E0
4.227301546E1,-1.223330617E0,9.152546883E0,-1.886740685E0
4.227539395E1,-1.175474167E0,9.068798065E0,-1.836491346E0
4.227777161E1,-1.139581800E0,9.001798630E0,-1.795813441E0
4.228014932E1,-1.019641519E0,8.891729355E0,-1.759921074E0
4.228252776E1,-1.022034407E0,8.764909744E0,-1.771885157E0
4.228490624E1,-8.545367718E-1,8.681160927E0,-1.706979871E0
4.228728390E1,-6.750751138E-1,8.613862038E0,-1.735693693E0
4.228966161E1,-5.171487927E-1,8.525327682E0,-1.697408557E0
4.229204005E1,-4.115654826E-1,8.539685249E0,-1.654337764E0
4.229441854E1,-2.991028428E-1,8.513363838E0,-1.601695657E0
4.229679619E1,-1.890329868E-1,8.501399994E0,-1.608874083E0
4.229917390E1,-1.507478207E-1,8.532505989E0,-1.565803289E0
4.230155234E1,-1.555334777E-1,8.585148811E0,-1.587338686E0
4.230393083E1,-1.698904037E-1,8.662017822E0,-1.525125384E0
4.230630848E1,-1.938186288E-1,8.697910309E0,-1.505982757E0
4.230868619E1,-1.890329868E-1,8.752944946E0,-1.424626827E0
4.231106463E1,-1.435693651E-1,8.843872070E0,-1.405484200E0
4.231344312E1,-1.268195957E-1,8.985049248E0,-1.429412484E0
4.231582078E1,-1.028913707E-1,9.092725754E0,-1.431805253E0
4.231819848E1,-2.153540403E-2,9.157332420E0,-1.424626827E0
4.232057692E1,3.110669367E-2,9.241379738E0,-1.417448282E0
4.232295541E1,1.031904742E-1,9.272486687E0,-1.446162224E0
4.232533307E1,1.486541033E-1,9.399306297E0,-1.532303810E0
4.232771078E1,2.611167729E-1,9.432806015E0,-1.462911963E0
4.233008927E1,3.257229924E-1,9.526125908E0,-1.477268934E0
4.233246770E1,4.142574072E-1,9.607481956E0,-1.596910000E0
4.233484541E1,4.932205677E-1,9.767801285E0,-1.563410521E0
4.233722312E1,5.961119533E-1,9.940383911E0,-1.484447360E0
4.233960156E1,7.136593461E-1,1.024427223E1,-1.276271820E0
4.234198000E1,7.543373108E-1,1.052453136E1,-1.120439172E0
4.234435770E1,7.375875711E-1,1.087388325E1,-1.048654556E0
4.234673541E1,7.136593461E-1,1.122832012E1,-9.696913958E-1
4.234911385E1,7.280163169E-1,1.161386395E1,-9.146564603E-1
4.235149234E1,6.969096065E-1,1.204726410E1,-8.548358679E-1
4.235387000E1,6.104688644E-1,1.243250847E1,-8.213363886E-1
4.235624770E1,4.788636267E-1,1.277258778E1,-7.543373108E-1
4.235862614E1,3.137588799E-1,1.311476135E1,-7.710871100E-1
4.236100463E1,1.534397453E-1,1.338066387E1,-6.681957245E-1
4.236338229E1,1.914258115E-2,1.356491184E1,-6.323033571E-1
4.236576000E1,-3.014956415E-1,1.364866066E1,-5.434698462E-1
4.236813843E1,-6.966105103E-1,1.373988628E1,-3.496512175E-1
4.237051692E1,-1.084546804E0,1.370130253E1,-2.084746659E-1
4.237289458E1,-1.469791293E0,1.369173145E1,3.110669367E-2
4.237527229E1,-1.891227245E0,1.362712479E1,1.076770201E-1
4.237765072E1,-2.300698996E0,1.340698528E1,2.440679073E-1
4.238002921E1,-2.659622431E0,1.344766331E1,3.996013701E-1
4.238240687E1,-2.975774050E0,1.339980698E1,5.291129351E-1
4.238478458E1,-3.330210924E0,1.326341629E1,6.607181430E-1
4.238716302E1,-3.674777269E0,1.323470211E1,6.487540603E-1
4.238954151E1,-3.921537161E0,1.316052437E1,8.138588071E-1
4.239191916E1,-4.065106392E0,1.315334606E1,7.013961077E-1
4.239429687E1,-4.211068630E0,1.291137218E1,8.066803217E-1
4.239667531E1,-4.354638100E0,1.288265800E1,7.205387354E-1
4.239905380E1,-4.515256405E0,1.273430347E1,6.367899179E-1
4.240143145E1,-4.594219685E0,1.261944771E1,6.798607111E-1
4.240380916E1,-4.766502857E0,1.257129192E1,5.147559643E-1
4.240618760E1,-5.063511848E0,1.247557926E1,5.458626747E-1
4.240856609E1,-5.195116997E0,1.229851055E1,7.971090674E-1
4.241094380E1,-4.936393261E0,1.209272766E1,6.463612318E-1
4.241332151E1,-4.460221291E0,1.182921791E1,6.774678826E-1
4.241569994E1,-4.570291042E0,1.178614712E1,4.833501875E-1
4.241807838E1,-4.577469826E0,1.163539886E1,4.402793646E-1
4.242045609E1,-4.661218643E0,1.156122208E1,2.967100143E-1
4.242283380E1,-4.766502857E0,1.153729343E1,8.374879509E-2
4.242521224E1,-4.797609329E0,1.149900818E1,9.571290575E-3
4.242759072E1,-4.792823792E0,1.144128132E1,-2.012962103E-1
4.242996838E1,-4.783252239E0,1.128814125E1,-2.084746659E-1
4.243234609E1,-4.680361271E0,1.098425198E1,-5.024927482E-2
4.243472453E1,-4.366602421E0,1.073270702E1,-7.112665176E-1
4.243710302E1,-4.050749779E0,1.042403316E1,-1.197308660E0
4.243948067E1,-3.943072557E0,1.015813065E1,-1.517946839E0
4.244185838E1,-3.923929930E0,9.902098656E0,-1.764706731E0
4.244423682E1,-3.832703590E0,9.686445236E0,-1.941775560E0
4.244661531E1,-3.665206194E0,9.538089752E0,-2.066202402E0
4.244899296E1,-3.598206997E0,9.166903496E0,-2.063809633E0
4.245137067E1,-3.471387386E0,8.865407944E0,-2.269592285E0
4.245374911E1,-3.231806040E0,8.527720451E0,-2.423032045E0
4.245612760E1,-2.913560629E0,8.233403206E0,-2.322533369E0
4.245850526E1,-2.820240498E0,8.058428764E0,-2.449352980E0
4.246088296E1,-2.446661234E0,7.792825222E0,-2.863311291E0
4.246326140E1,-2.209771633E0,8.149654388E0,-3.078964472E0
4.246563989E1,-2.236092806E0,8.283653259E0,-2.966501951E0
4.246801755E1,-2.274377823E0,8.420043945E0,-3.033500910E0
4.247039526E1,-2.226521492E0,8.647361755E0,-3.155534744E0
4.247277369E1,-2.365305185E0,8.836693764E0,-2.798705101E0
4.247515218E1,-2.451446772E0,8.863015175E0,-2.619243383E0
4.247752984E1,-2.413161755E0,8.726624489E0,-2.461317301E0
4.247990755E1,-2.374876499E0,8.901300430E0,-1.963310957E0
4.248228599E1,-2.319841623E0,9.176474571E0,-2.358425856E0
4.248466448E1,-2.274377823E0,9.344271660E0,-2.635993242E0
4.248704218E1,-2.260020971E0,9.468698502E0,-2.851347208E0
4.248941989E1,-2.231307030E0,9.538089752E0,-2.772384167E0
4.249179833E1,-2.149652004E0,9.662516594E0,-2.468495607E0
4.249417677E1,-2.147259235E0,9.715159416E0,-2.676671267E0
4.249655448E1,-2.135295153E0,9.425627708E0,-2.025524378E0
4.249893218E1,-2.164009094E0,9.497411728E0,-1.355234981E0
4.250131062E1,-2.243271112E0,9.542876244E0,-2.121237278E0
4.250368911E1,-2.295913219E0,9.504590988E0,-2.274377823E0
4.250606677E1,-2.228914261E0,9.571589470E0,-1.913061738E0
4.250844448E1,-2.245664120E0,9.705587387E0,-1.491625786E0
4.251082291E1,-2.338984251E0,9.727123260E0,-2.054238319E0
4.251320140E1,-2.405983210E0,9.674481392E0,-1.982453585E0
4.251557906E1,-2.477767944E0,9.468698502E0,-1.941775560E0
4.251795677E1,-2.513660192E0,9.267701149E0,-1.798206210E0
4.252033520E1,-2.341377020E0,8.910871506E0,-4.022932947E-1
4.252271369E1,-2.166401863E0,9.303593636E0,-4.645066857E-1
4.252509135E1,-2.303091764E0,9.159725189E0,-8.691928387E-1
4.252746906E1,-2.504088879E0,8.927620888E0,-1.067797065E0
4.252984750E1,-2.542374134E0,8.872586250E0,-1.427019596E0
4.253222599E1,-2.396411896E0,8.738588333E0,-1.293021560E0
4.253460364E1,-2.317448616E0,8.628219604E0,-1.019940615E0
4.253698135E1,-2.334198475E0,8.726624489E0,-4.884349108E-1
4.253935979E1,-2.315055847E0,9.202795982E0,-1.036690354E0
4.254173828E1,-2.578266382E0,8.932407379E0,-1.336092353E0
4.254411593E1,-2.688336134E0,8.515756607E0,-1.194915771E0
4.254649364E1,-2.731407166E0,8.455936432E0,-1.379163146E0
4.254887208E1,-2.743371248E0,8.494221687E0,-1.721336842E0
4.255125057E1,-2.777169704E0,8.470293045E0,-1.683051586E0
4.255362828E1,-2.875275612E0,8.460721970E0,-1.666301847E0
4.255600599E1,-3.081058264E0,8.386544228E0,-1.807777524E0
4.255838442E1,-3.045166016E0,8.269295692E0,-1.886740685E0
4.256076291E1,-2.848954439E0,8.223832130E0,-1.934597135E0
4.256314057E1,-2.379662037E0,8.365009308E0,-1.405484200E0
4.256551828E1,-1.855334878E0,8.494221687E0,-4.956133962E-1
4.256789671E1,-1.948654890E0,8.432007790E0,-1.110867858E0
4.257027520E1,-2.410768747E0,8.012965202E0,-1.398305774E0
4.257265286E1,-2.697907448E0,7.766504288E0,-1.953739643E0
4.257503057E1,-2.738585472E0,7.742575645E0,-1.798206210E0
4.257740901E1,-2.652443886E0,7.780860901E0,-1.592124343E0
4.257978750E1,-2.539981127E0,7.831110477E0,-1.482054472E0
4.258216515E1,-2.504088879E0,7.811967850E0,-1.470090389E0
4.258454286E1,-2.475374937E0,7.766504288E0,-1.520339727E0
4.258692130E1,-2.472982168E0,7.728219032E0,-1.601695657E0
4.258929979E1,-2.484946251E0,7.606184959E0,-1.678265929E0
4.259167744E1,-2.382055044E0,7.536793232E0,-1.685444474E0
4.259405515E1,-1.958226204E0,7.275676250E0,-1.639980793E0
4.259643359E1,-1.915155411E0,7.172784805E0,-1.774278045E0
4.259881208E1,-2.197807550E0,7.565506935E0,-1.716551185E0
4.260118974E1,-2.508874655E0,7.857431412E0,-1.838884234E0
4.260356744E1,-2.638087034E0,8.044071198E0,-1.915454507E0
4.260594588E1,-2.544766903E0,8.135297775E0,-1.881955028E0
4.260832437E1,-2.358126640E0,8.010572433E0,-1.869990945E0
4.261070208E1,-2.204986095E0,7.898109436E0,-1.869990945E0
4.261307979E1,-2.159223318E0,7.759325504E0,-1.858026743E0
4.261545823E1,-2.207378864E0,7.704290867E0,-1.850848317E0
4.261783671E1,-2.288734913E0,7.754539967E0,-1.855633974E0
4.262021437E1,-2.298306227E0,7.771289825E0,-1.834098577E0
4.262259208E1,-2.264806747E0,7.790432453E0,-1.869990945E0
4.262497052E1,-2.207378864E0,7.802396297E0,-1.886740685E0
4.262734901E1,-2.185544491E0,7.809575081E0,-1.913061738E0
4.262972666E1,-2.183151484E0,7.816753387E0,-1.960918188E0
4.263210437E1,-2.180758715E0,7.816753387E0,-1.994417667E0
4.263448281E1,-2.183151484E0,7.864609718E0,-2.047059774E0
4.263686130E1,-2.180758715E0,7.886145115E0,-2.102094650E0
4.263923895E1,-2.207378864E0,7.900502205E0,-2.118844509E0
4.264161666E1,-2.202593327E0,7.926823139E0,-2.183450699E0
4.264399510E1,-2.231307030E0,7.931608677E0,-2.207378864E0
4.264637359E1,-2.260020971E0,7.953144073E0,-2.255235434E0
4.264875124E1,-2.336591244E0,7.957930088E0,-2.264806747E0
4.265112895E1,-2.403590441E0,7.974679470E0,-2.255235434E0
4.265350739E1,-2.470589399E0,7.955537319E0,-2.260020971E0
4.265588588E1,-2.544766903E0,7.931608677E0,-2.267199516E0
4.265826354E1,-2.585444927E0,7.981858253E0,-2.281556368E0
4.266064124E1,-2.640479803E0,7.996214867E0,-2.305484533E0
4.266301974E1,-2.695514679E0,8.010572433E0,-2.339283228E0
4.266539817E1,-2.769991398E0,8.051250458E0,-2.353640079E0
4.266777588E1,-2.865704298E0,8.077570915E0,-2.399103880E0
4.267015359E1,-2.944667339E0,8.079963684E0,-2.442174673E0
4.267253203E1,-3.064308405E0,8.135297775E0,-2.509173632E0
4.267491052E1,-3.191128016E0,8.147261620E0,-2.513959408E0
4.267728817E1,-3.323032379E0,8.175975800E0,-2.564208508E0
4.267966588E1,-3.437887907E0,8.221439362E0,-2.624029160E0
4.268204432E1,-3.545564890E0,8.266902924E0,-2.686242580E0
4.268442281E1,-3.669991732E0,8.307580948E0,-2.810669184E0
4.268680046E1,-3.825525284E0,8.338687897E0,-2.846561670E0
4.268917817E1,-3.933501244E0,8.391329765E0,-2.952144861E0
4.269155661E1,-4.036392689E0,8.432007790E0,-3.033500910E0
4.269393510E1,-4.134498596E0,8.451150894E0,-3.133999348E0
4.269631276E1,-4.242175579E0,8.539685249E0,-3.203391314E0
4.269869046E1,-4.368995190E0,8.566005707E0,-3.287140131E0
4.270106890E1,-4.462614059E0,8.563612938E0,-3.299104214E0
4.270344739E1,-4.548755646E0,8.580363274E0,-3.279961586E0
4.270582505E1,-4.625326157E0,8.568398476E0,-3.289532900E0
4.270820276E1,-4.723432064E0,8.594719887E0,-3.258426189E0
4.271058119E1,-4.802394867E0,8.635397911E0,-3.224926710E0
4.271295968E1,-4.855037212E0,8.628219604E0,-3.160320520E0
4.271533739E1,-4.917250633E0,8.671588898E0,-3.105285645E0
4.271771510E1,-4.969892502E0,8.705088615E0,-3.035893679E0
4.272009354E1,-5.006083965E0,8.724231720E0,-2.988037348E0
4.272247203E1,-4.998905659E0,8.752944946E0,-2.928216696E0
4.272484968E1,-5.001298428E0,8.793622971E0,-2.911466837E0
4.272722739E1,-5.041976452E0,8.786444664E0,-2.906681299E0
4.272960583E1,-5.044369221E0,8.807980537E0,-2.930609465E0
4.273198432E1,-5.001298428E0,8.834300995E0,-2.949752092E0
4.273436198E1,-4.910071850E0,8.839086533E0,-3.011965513E0
4.273673968E1,-4.831109047E0,8.810373306E0,-3.043072224E0
4.273911812E1,-4.733003139E0,8.776873589E0,-3.107678413E0
4.274149661E1,-4.642076015E0,8.705088615E0,-3.155534744E0
4.274387427E1,-4.539184570E0,8.625826836E0,-3.179463148E0
4.274625198E1,-4.441078663E0,8.549256325E0,-3.205784082E0
4.274863041E1,-4.323531628E0,8.470293045E0,-3.244069338E0
4.275100890E1,-4.167997837E0,8.379365921E0,-3.272783279E0
4.275338656E1,-4.026821613E0,8.293224335E0,-3.291925669E0
4.275576427E1,-3.919144392E0,8.187939644E0,-3.320639610E0
4.275814270E1,-3.844667673E0,8.097012520E0,-3.351746321E0
4.276052119E1,-3.775275946E0,8.022536278E0,-3.390031576E0
4.276289890E1,-3.658027649E0,7.910073280E0,-3.397209883E0
4.276527661E1,-3.624528170E0,7.852645874E0,-3.431008577E0
4.276765505E1,-3.581457376E0,7.780860901E0,-3.431008577E0
4.277003354E1,-3.569493294E0,7.725826263E0,-3.433401346E0
4.277241119E1,-3.559921980E0,7.689933777E0,-3.421138287E0
4.277478890E1,-3.626920938E0,7.651648521E0,-3.450151205E0
4.277716734E1,-3.772883177E0,7.603792191E0,-3.466900826E0
4.277954583E1,-3.863810301E0,7.615756035E0,-3.462115288E0
4.278192348E1,-3.919144392E0,7.668398380E0,-3.447758436E0
4.278430119E1,-3.971786499E0,7.747361660E0,-3.454936743E0
4.278667963E1,-4.036392689E0,7.826324463E0,-3.452543974E0
4.278905812E1,-4.089034557E0,7.876574039E0,-3.462115288E0
4.279143578E1,-4.172783375E0,7.974679470E0,-3.483650684E0
4.279381348E1,-4.261318207E0,8.044071198E0,-3.512364626E0
4.279619192E1,-4.364209175E0,8.116155624E0,-3.526721478E0
4.279857041E1,-4.441078663E0,8.197511673E0,-3.521935940E0
4.280094812E1,-4.563112736E0,8.264510155E0,-3.521935940E0
4.280332578E1,-4.601397991E0,8.271688461E0,-3.490829229E0
4.280570421E1,-4.670789719E0,8.331509590E0,-3.469293833E0
4.280808270E1,-4.744967461E0,8.338687897E0,-3.462115288E0
4.281046041E1,-4.833501816E0,8.302795410E0,-3.438187122E0
4.281283812E1,-4.862215519E0,8.317152023E0,-3.385245800E0
4.281521656E1,-4.867001057E0,8.305188179E0,-3.260818958E0
4.281759505E1,-4.910071850E0,8.317152023E0,-3.162713289E0
4.281997270E1,-4.936393261E0,8.333902359E0,-3.062214851E0
4.282235041E1,-4.948357105E0,8.341080666E0,-2.935395241E0
4.282472885E1,-4.969892502E0,8.345866203E0,-2.817847729E0
4.282710734E1,-4.941178799E0,8.362615585E0,-2.717349291E0
4.282948500E1,-4.910071850E0,8.374580383E0,-2.583351135E0
4.283186270E1,-4.876572609E0,8.451150894E0,-2.439781904E0
4.283424114E1,-4.902893543E0,8.479864120E0,-2.315355062E0
4.283661963E1,-4.917250633E0,8.515756607E0,-2.231307030E0
4.283899729E1,-4.922036171E0,8.599505424E0,-2.104487419E0
4.284137500E1,-4.941178799E0,8.683553696E0,-2.015953064E0
4.284375343E1,-4.945964336E0,8.793622971E0,-1.915454507E0
4.284613192E1,-4.969892502E0,8.865407944E0,-1.877169371E0
4.284850963E1,-4.977071285E0,8.958727837E0,-1.810170293E0
4.285088734E1,-4.934000492E0,9.056833267E0,-1.733300924E0
4.285326578E1,-4.953142643E0,9.200403214E0,-1.716551185E0
4.285564421E1,-4.950749874E0,9.322735786E0,-1.726122379E0
4.285802192E1,-4.955535889E0,9.499805450E0,-1.709372640E0
4.286039963E1,-4.934000492E0,9.693623543E0,-1.680658817E0
4.286277807E1,-4.893322468E0,9.887741089E0,-1.683051586E0
4.286515656E1,-4.826323509E0,1.010788059E1,-1.716551185E0
4.286753421E1,-4.685146809E0,1.035464096E1,-1.819741607E0
4.286991192E1,-4.532006264E0,1.064656544E1,-1.896311998E0
4.287229036E1,-4.330709934E0,1.092203903E1,-1.987239242E0
4.287466885E1,-4.158426762E0,1.128096199E1,-2.116451740E0
4.287704651E1,-3.981357813E0,1.160668564E1,-2.264806747E0
4.287942421E1,-3.837489367E0,1.197757244E1,-2.401496649E0
4.288180265E1,-3.725026608E0,1.237508011E1,-2.535494804E0
4.288418114E1,-3.591028690E0,1.274626732E1,-2.650350094E0
4.288655885E1,-3.437887907E0,1.308844090E1,-2.722134829E0
4.288893651E1,-3.258127213E0,1.340937805E1,-2.786741018E0
4.289131494E1,-3.116950512E0,1.363191032E1,-2.827419043E0
4.289369343E1,-2.973381281E0,1.378535080E1,-2.897109985E0
4.289607114E1,-2.856132984E0,1.382602787E1,-2.968894720E0
4.289844885E1,-2.777169704E0,1.378295708E1,-2.956930637E0
4.290082729E1,-2.681157827E0,1.368455315E1,-2.913859844E0
4.290320578E1,-2.583052158E0,1.349551964E1,-2.836990356E0
4.290558343E1,-2.453839540E0,1.327298737E1,-2.755634308E0
4.290796114E1,-2.286342144E0,1.307886982E1,-2.662314177E0
4.291033958E1,-2.164009094E0,1.285872936E1,-2.588136673E0
4.291271807E1,-2.001296997E0,1.260987663E1,-2.533101797E0
4.291509572E1,-1.809871197E0,1.238943768E1,-2.480459690E0
4.291747343E1,-1.706979871E0,1.215254784E1,-2.451745987E0
4.291985187E1,-1.632802367E0,1.193928814E1,-2.411067963E0
4.292223036E1,-1.584646821E0,1.169521999E1,-2.384746790E0
4.292460802E1,-1.567897081E0,1.137428284E1,-2.379961252E0
4.292698572E1,-1.628016710E0,1.106321526E1,-2.396710873E0
4.292936416E1,-1.706979871E0,1.073749256E1,-2.394318104E0
4.293174265E1,-1.752443433E0,1.046231747E1,-2.406282187E0
4.293412036E1,-1.831406593E0,1.019880867E1,-2.480459690E0
4.293649807E1,-1.888834357E0,9.918848038E0,-2.490031004E0
4.293887651E1,-2.001296997E0,9.573982239E0,-2.492423773E0
4.294125494E1,-2.010868311E0,9.308379173E0,-2.418246269E0
4.294363265E1,-1.982154489E0,9.042476654E0,-2.408675194E0
4.294601036E1,-1.915155411E0,8.817551613E0,-2.370389938E0
4.294838880E1,-1.752443433E0,8.611469269E0,-2.370389938E0
4.295076729E1,-1.589432478E0,8.491828918E0,-2.396710873E0
4.295314494E1,-1.366899967E0,8.448758125E0,-2.389532566E0
4.295552265E1,-1.187438250E0,8.496614456E0,-2.329711914E0
4.295790109E1,-1.045962572E0,8.503792763E0,-2.252842426E0
4.296027958E1,-9.885348678E-1,8.530113220E0,-2.126022816E0
4.296265724E1,-9.119645357E-1,8.534899712E0,-1.946561217E0
4.296503494E1,-8.665009141E-1,8.520542145E0,-1.745265007E0
4.296741338E1,-8.712865710E-1,8.496614456E0,-1.565803289E0
4.296979187E1,-8.353942037E-1,8.499007225E0,-1.410269856E0
4.297216953E1,-8.186444640E-1,8.499007225E0,-1.261914849E0
4.297454724E1,-7.588238716E-1,8.510971069E0,-1.094118118E0
4.297692572E1,-6.966105103E-1,8.501399994E0,-9.146564603E-1
4.297930416E1,-5.745765567E-1,8.475078583E0,-7.926225066E-1
4.298168187E1,-4.450650215E-1,8.460721970E0,-7.112665176E-1
4.298405958E1,-3.661018610E-1,8.465507507E0,-6.490531564E-1
4.298643802E1,-3.038884699E-1,8.515756607E0,-5.817549825E-1
4.298881651E1,-2.344966233E-1,8.597112656E0,-5.195416212E-1
4.299119416E1,-1.890329868E-1,8.726624489E0,-4.932205677E-1
4.299357187E1,-1.627119333E-1,8.846264839E0,-4.836492836E-1
4.299595031E1,-1.866401732E-1,8.941978455E0,-5.530411601E-1
4.299832880E1,-1.962114573E-1,9.061619759E0,-5.697908998E-1
4.300070645E1,-2.392822653E-1,9.183652878E0,-6.200401783E-1
4.300308416E1,-3.038884699E-1,9.308379173E0,-7.639086246E-1
4.300546260E1,-4.163511395E-1,9.327521324E0,-8.668000102E-1
4.300784109E1,-5.024927258E-1,9.435198784E0,-9.002995491E-1
4.301021874E1,-5.219344497E-1,9.715159416E0,-1.127617717E0
4.301259645E1,-5.482555032E-1,1.011266708E1,-1.297807217E0
4.301497489E1,-6.320042610E-1,1.039531898E1,-1.343270779E0
4.301735338E1,-7.085745931E-1,1.063699436E1,-1.544267893E0
4.301973109E1,-7.707880139E-1,1.084995556E1,-1.881955028E0
4.302210880E1,-7.827520967E-1,1.112303638E1,-2.262413740E0
4.302448724E1,-8.210372925E-1,1.129771233E1,-2.540280342E0
4.302686572E1,-8.521439433E-1,1.147508049E1,-2.863311291E0
4.302924338E1,-8.545367718E-1,1.153968620E1,-3.074178934E0
4.303162109E1,-7.779664397E-1,1.167368412E1,-3.296711445E0
4.303399953E1,-6.343970895E-1,1.186511040E1,-3.500400543E0
4.303637802E1,-5.338985324E-1,1.204008579E1,-3.928715706E0
4.303875567E1,-1.100698411E-1,1.215015507E1,-3.486043453E0
4.304113338E1,-4.977070987E-1,1.177896881E1,-3.866502285E0
4.304351182E1,-1.108475089E0,1.134317589E1,-4.972584724E0
4.304589031E1,-1.323829174E0,1.104407310E1,-5.346164227E0
4.304826796E1,-1.177866936E0,1.079252720E1,-5.193023205E0
4.305064567E1,-8.282157183E-1,1.060110188E1,-4.805087090E0
4.305302411E1,-7.372884750E-1,1.032562828E1,-4.608875751E0
4.305540260E1,-1.045962572E0,9.861420631E0,-4.524827480E0
4.305778031E1,-1.252044439E0,9.437591553E0,-4.029513359E0
4.306015802E1,-1.086939692E0,9.442377090E0,-3.074178934E0
4.306253645E1,-1.414756417E0,9.227023125E0,-3.212962627E0
4.306491494E1,-1.532004714E0,9.061619759E0,-3.267997503E0
4.306729260E1,-1.613360643E0,8.807980537E0,-3.366103172E0
4.306967031E1,-1.493719578E0,8.662017822E0,-3.502793312E0
4.307204875E1,-1.232901812E0,8.566005707E0,-3.428316593E0
4.307442724E1,-9.646066427E-1,8.453543663E0,-3.339782238E0
4.307680489E1,-7.971090674E-1,8.398508072E0,-3.196212769E0
4.307918260E1,-7.612167001E-1,8.319544792E0,-2.923431158E0
4.308156104E1,-7.205387354E-1,8.228617668E0,-2.832204819E0
4.308393953E1,-6.320042610E-1,8.309973717E0,-2.834597588E0
4.308631718E1,-4.857429862E-1,8.412865639E0,-2.820240498E0
4.308869489E1,-4.378865361E-1,8.412865639E0,-2.650350094E0
4.309107333E1,-3.780659735E-1,8.453543663E0,-2.564208508E0
4.309345182E1,-3.110669553E-1,8.534899712E0,-2.490031004E0
4.309582953E1,-2.656033039E-1,8.604290962E0,-2.432603359E0
4.309820724E1,-1.603191197E-1,8.729017258E0,-2.367997169E0
4.310058567E1,6.011966988E-2,9.056833267E0,-2.784348249E0
4.310296416E1,-2.871387079E-2,8.877371788E0,-2.332104683E0
4.310534182E1,-2.105683982E-1,8.688339233E0,-2.224128723E0
4.310771953E1,-2.416750938E-1,8.764909744E0,-2.295913219E0
4.311009796E1,-1.316052526E-1,9.004191399E0,-2.391925335E0
4.311247645E1,-1.435693540E-2,9.215059280E0,-2.490031004E0
4.311485411E1,3.110669367E-2,9.337093353E0,-2.559422970E0
4.311723182E1,2.871387079E-2,9.413662910E0,-2.652743101E0
4.311961026E1,1.674975827E-2,9.475876808E0,-3.344567776E0
4.312198874E1,-2.560320199E-1,9.588339806E0,-2.825026274E0
4.312436640E1,-3.326023519E-1,9.514162064E0,-2.628814697E0
4.312674411E1,-2.129612118E-1,9.739087105E0,-2.777169704E0
4.312912255E1,-1.316052526E-1,9.873384476E0,-2.961716175E0
4.313150104E1,1.007976532E-1,1.041206837E1,-2.334497690E0
4.313387875E1,-1.435693540E-2,1.032084274E1,-3.351746321E0
4.313625645E1,-1.339980662E-1,1.022752190E1,-3.840181351E0
4.313863489E1,-4.019941986E-1,9.832706451E0,-3.538685560E0
4.314101338E1,-5.721837282E-1,9.526125908E0,-3.636791229E0
4.314339104E1,-6.678966284E-1,9.320343018E0,-3.521935940E0
4.314576875E1,-6.726822853E-1,9.368199348E0,-3.366103172E0
4.314814718E1,-6.320042610E-1,9.444769859E0,-3.330210924E0
4.315052567E1,-5.554339290E-1,9.597910881E0,-3.296711445E0
4.315290333E1,-4.761717021E-1,9.973882675E0,-3.098107100E0
4.315528104E1,-5.673980713E-1,9.973882675E0,-2.252842426E0
4.315765948E1,-9.933205247E-1,1.031605625E1,-4.541577339E0
4.316003796E1,-1.216152072E0,9.859027863E0,-3.868895054E0
4.316241562E1,-1.488933921E0,9.222237587E0,-2.547458887E0
4.316479333E1,-1.426720500E0,8.891729355E0,-2.602493763E0
4.316717177E1,-1.311864972E0,9.186046600E0,-2.686242580E0
4.316955026E1,-1.192223907E0,9.688838005E0,-2.705385208E0
4.317192796E1,-1.153938770E0,1.003370380E1,-2.738884687E0
4.317430567E1,-1.254437327E0,1.004327488E1,-2.947359324E0
4.317668411E1,-1.331007600E0,1.003609657E1,-2.580958366E0
4.317906260E1,-1.441077471E0,9.971489906E0,-2.576172590E0
4.318144026E1,-1.560718536E0,9.947562218E0,-2.681456804E0
4.318381796E1,-1.960619092E0,1.013420200E1,-2.635993242E0
4.318619640E1,-2.307877541E0,1.044796085E1,-2.521137714E0
4.318857489E1,-1.922333837E0,1.061067295E1,-1.039083242E0
4.319095255E1,-2.130509377E0,1.014855862E1,-2.245664120E0
4.319333026E1,-2.037189484E0,9.887741089E0,-2.995215654E0
4.319570869E1,-1.618146300E0,1.014138031E1,-2.382354021E0
4.319808718E1,-1.654337764E0,9.760622978E0,-2.216950178E0
4.320046484E1,-1.695015788E0,9.557232857E0,-2.956930637E0
4.320284255E1,-1.553540111E0,9.631410599E0,-3.263211966E0
4.320522099E1,-1.086939692E0,9.506983757E0,-4.852943420E0
4.320759948E1,-1.216152072E0,9.270093918E0,-2.789133787E0
4.320997718E1,-1.599003673E0,8.772088051E0,-1.690230131E0
4.321235489E1,-2.130509377E0,8.807980537E0,-7.112665176E-1
4.321473333E1,-2.025225163E0,8.815158844E0,-6.104688644E-1
4.321711182E1,-1.850549221E0,9.523733139E0,-1.850848317E0
4.321948948E1,-1.697408557E0,9.808777809E0,-2.248056889E0
4.322186718E1,-1.567897081E0,9.727123260E0,-2.356033087E0
4.322424562E1,-1.493719578E0,9.552447319E0,-2.456531525E0
4.322662411E1,-1.960619092E0,9.727123260E0,-2.379961252E0
4.322900177E1,-2.037189484E0,9.581160545E0,-2.396710873E0
4.323137948E1,-1.778764486E0,9.387342453E0,-2.444567442E0
4.323375791E1,-1.421934843E0,9.258130074E0,-2.497209549E0
4.323613640E1,-1.144367456E0,9.135796547E0,-2.528316259E0
4.323851406E1,-9.741778970E-1,9.042476654E0,-2.561815739E0
4.324089177E1,-7.971090674E-1,8.918049812E0,-2.624029160E0
4.324327020E1,-1.010070205E0,8.975478172E0,-2.705385208E0
4.324564869E1,-1.199402332E0,9.119047165E0,-1.982453585E0
4.324802640E1,-1.163509965E0,9.227023125E0,-2.449352980E0
4.325040411E1,-1.170688510E0,9.092725754E0,-2.997608662E0
4.325278255E1,-9.191430211E-1,8.977870941E0,-2.906681299E0
4.325516098E1,-6.631109715E-1,8.827122688E0,-2.870789051E0
4.325753869E1,-5.219344497E-1,8.688339233E0,-2.923431158E0
4.325991640E1,-7.013961077E-1,8.772088051E0,-3.009572744E0
4.326229484E1,-6.128616929E-1,9.227023125E0,-4.218546391E0
4.326467333E1,-6.367899179E-1,9.449555397E0,-5.705386639E0
4.326705099E1,-6.248258352E-1,8.518149376E0,-3.263211966E0
4.326942869E1,-4.354937077E-1,7.433602810E0,-1.429412484E0
4.327180713E1,-8.138588071E-1,7.843074322E0,-9.481559992E-1
4.327418562E1,-6.774678826E-1,8.539685249E0,-1.503589988E0
4.327656328E1,-4.474578202E-1,8.901300430E0,-2.135594130E0
4.327894099E1,-3.541377485E-1,8.961120605E0,-2.681456804E0
4.328131942E1,-3.517449200E-1,8.944371223E0,-2.983251572E0
4.328369791E1,-5.171487927E-1,8.925228119E0,-3.174677372E0
4.328607562E1,-1.139581800E0,9.195617676E0,-3.131606579E0
4.328845333E1,-2.108973980E0,9.624231339E0,-2.712563515E0
4.329083177E1,-1.185045362E0,9.456734657E0,-2.470888376E0
4.329321026E1,-3.254238665E-1,9.279664993E0,-2.942573547E0
4.329558791E1,-7.657032460E-2,9.104690552E0,-3.059821844E0
4.329796562E1,-7.851449251E-1,9.332307816E0,-2.820240498E0
4.330034406E1,-3.828516304E-1,9.138189316E0,-2.676671267E0
4.330272255E1,-7.896314561E-2,9.044869423E0,-2.918645382E0
4.330510020E1,-5.024927482E-2,8.958727837E0,-3.004786968E0
4.330747791E1,-8.614161611E-2,9.030512810E0,-2.956930637E0
4.330985635E1,3.759722710E-1,9.521340370E0,-5.985346794E0
4.331223484E1,-7.133602500E-1,9.863813400E0,-4.151547432E0
4.331461250E1,-1.173081279E0,8.874979019E0,-1.874776483E0
4.331699020E1,-1.261615753E0,7.929215908E0,3.182454109E-1
4.331936864E1,-1.829013824E0,8.714659691E0,-4.118646085E-1
4.332174713E1,-1.472184181E0,9.676874161E0,-1.369591832E0
4.332412484E1,-1.050748229E0,1.000259686E1,-2.109273195E0
4.332650255E1,-8.425726891E-1,9.966704369E0,-2.547458887E0
4.332888099E1,-1.364507079E0,1.044078255E1,-2.173879385E0
4.333125948E1,-1.259222865E0,1.017248726E1,-1.690230131E0
4.333363713E1,-8.593224287E-1,9.717552185E0,-2.705385208E0
4.333601484E1,-7.612167001E-1,9.337093353E0,-3.050250769E0
4.333839328E1,-8.856434822E-1,9.346664429E0,-2.966501951E0
4.334077177E1,-1.503290772E0,9.557232857E0,-2.018345833E0
4.334314942E1,-1.065105200E0,9.341878891E0,-2.403889418E0
4.334552713E1,-8.784649968E-1,9.123832703E0,-2.755634308E0
4.334790557E1,-7.372884750E-1,9.037691116E0,-2.779562712E0
4.335028406E1,-8.330013752E-1,9.183652878E0,-2.659921408E0
4.335266203E1,-1.589432478E0,9.593125343E0,-1.814955950E0
4.335503989E1,-1.333400369E0,9.509376526E0,-2.214557409E0
4.335741807E1,-1.022034407E0,9.310771942E0,-2.616850615E0
4.335979635E1,-8.282157183E-1,9.162117958E0,-2.762812853E0
4.336217406E1,-7.660023570E-1,9.095118523E0,-2.846561670E0
4.336455177E1,-1.060319543E0,9.463912964E0,-2.573779821E0
4.336693020E1,-1.622931957E0,9.619445801E0,-1.723729610E0
4.336930869E1,-1.194616675E0,9.533304214E0,-2.418246269E0
4.337168635E1,-1.264008522E0,9.545269012E0,-2.432603359E0
4.337406406E1,-6.631109715E-1,9.142974854E0,-2.913859844E0
4.337644250E1,-8.880363107E-1,9.166903496E0,-3.019144058E0
4.337882099E1,-6.343970895E-1,9.013762474E0,-2.841775894E0
4.338119864E1,-4.953143001E-1,8.860622406E0,-3.014358282E0
4.338357635E1,-3.732803464E-1,8.693124771E0,-2.971287489E0
4.338595479E1,-2.225325108E-1,8.580363274E0,-3.002394199E0
4.338833328E1,-3.732803464E-1,8.618648529E0,-3.043072224E0
4.339071093E1,-6.296114326E-1,8.652147293E0,-3.078964472E0
4.339308864E1,-2.392822653E-1,9.162117958E0,-6.435496330E0
4.339546708E1,-2.177468538E-1,8.874979019E0,-4.405186653E0
4.339784557E1,-1.419542074E0,8.195118904E0,-1.101296663E0
4.340022328E1,-2.027618170E0,7.632505894E0,-1.295414329E0
4.340260098E1,-2.018046856E0,8.676374435E0,-4.405784607E-1
4.340497942E1,-2.212164640E0,9.509376526E0,-1.515554070E0
4.340735791E1,-1.505683661E0,9.509376526E0,-2.916252613E0
4.340973557E1,-1.175474167E0,9.487840652E0,-3.450151205E0
4.341211328E1,-1.335793257E0,9.396913528E0,-2.707777977E0
4.341449171E1,-7.468597889E-1,9.186046600E0,-3.203391314E0
4.341687020E1,-6.966105103E-1,8.750552177E0,-3.342175007E0
4.341924786E1,-7.229315639E-1,8.515756607E0,-3.399602890E0
4.342162557E1,-6.870391965E-1,8.264510155E0,-3.483650684E0
4.342400401E1,-6.224330068E-1,8.123333931E0,-3.493221998E0
4.342638250E1,-5.889334679E-1,7.960322857E0,-3.538685560E0
4.342876015E1,-5.099703074E-1,7.874181271E0,-3.548256874E0
4.343113786E1,-5.195416212E-1,7.792825222E0,-3.502793312E0
4.343351635E1,-5.434698462E-1,7.800003529E0,-3.397209883E0
4.343589479E1,-7.372884750E-1,7.895716667E0,-3.282354355E0
4.343827250E1,-9.693922997E-1,7.984251022E0,-3.150749207E0
4.344065020E1,-1.163509965E0,8.087141991E0,-3.035893679E0
4.344302864E1,-1.323829174E0,8.166404724E0,-2.952144861E0
4.344540713E1,-1.647159338E0,8.376973152E0,-2.760420084E0
4.344778479E1,-1.553540111E0,8.477471352E0,-2.767598391E0
4.345016250E1,-1.690230131E0,8.616254807E0,-2.647957325E0
4.345254093E1,-1.347757339E0,8.628219604E0,-2.683849812E0
4.345491942E1,-2.231307030E0,9.418449402E0,-1.951346874E0
4.345729708E1,-2.319841623E0,9.573982239E0,-1.697408557E0
4.345967479E1,-1.857727647E0,9.504590988E0,-2.276770830E0
4.346205323E1,-8.306085467E-1,9.023334503E0,-2.865704298E0
4.346443171E1,-6.056832075E-1,8.891729355E0,-3.212962627E0
4.346680937E1,-9.502496719E-1,8.963513374E0,-2.497209549E0
4.346918708E1,-5.530411601E-1,8.786444664E0,-2.475674152E0
4.347156557E1,-5.434698462E-1,8.601898193E0,-2.475674152E0
4.347394401E1,-5.913262963E-1,8.609076500E0,-2.568994284E0
4.347632171E1,-9.741778970E-1,8.827122688E0,-2.578565598E0
4.347869942E1,-1.218544960E0,9.131011009E0,-2.490031004E0
4.348107786E1,-1.244866014E0,9.423234940E0,-2.367997169E0
4.348345635E1,-1.220937729E0,9.664909363E0,-2.356033087E0
4.348583401E1,-1.192223907E0,9.887741089E0,-2.360818624E0
4.348821171E1,-1.144367456E0,1.000977516E1,-2.437388897E0
4.349059015E1,-1.108475089E0,1.010548782E1,-2.480459690E0
4.349296864E1,-1.079761267E0,1.022034359E1,-2.549851656E0
4.349534630E1,-8.114659786E-1,1.049820995E1,-4.292723656E0
4.349772401E1,-6.726822853E-1,1.024666500E1,-5.197809219E0
4.350010244E1,-1.161117196E0,9.885348320E0,-1.786242127E0
4.350248093E1,-1.630409479E0,9.995418549E0,-9.768698215E-1
4.350485859E1,-1.637588024E0,1.040249729E1,-1.374377489E0
4.350723630E1,-1.287936807E0,1.068963623E1,-2.626421928E0
4.350961479E1,-1.086939692E0,1.065135098E1,-3.198605776E0
4.351199323E1,-1.108475089E0,1.050538826E1,-3.346960783E0
4.351437093E1,-1.264008522E0,1.033280659E1,-3.346960783E0
4.351674864E1,-1.381256819E0,1.022512913E1,-3.462115288E0
4.351912708E1,-1.376471281E0,1.012702370E1,-3.498007536E0
4.352150557E1,-1.357328653E0,1.006002426E1,-3.553042412E0
4.352388323E1,-1.307079315E0,9.973882675E0,-3.555435419E0
4.352626093E1,-1.302293777E0,9.897313118E0,-3.576970816E0
4.352863937E1,-1.287936807E0,9.832706451E0,-3.632005692E0
4.353101786E1,-1.290329576E0,9.794421196E0,-3.600898981E0
4.353339552E1,-1.271187067E0,9.743872643E0,-3.643969774E0
4.353577322E1,-1.182652593E0,9.676874161E0,-3.667897940E0
4.353815166E1,-1.122832060E0,9.655338287E0,-3.725325823E0
4.354053015E1,-1.144367456E0,9.602696419E0,-3.730111361E0
4.354290781E1,-1.153938770E0,9.578767776E0,-3.727718592E0
4.354528552E1,-1.029212832E0,9.554840088E0,-3.787539244E0
4.354766401E1,-9.837492108E-1,9.506983757E0,-3.801896095E0
4.355004244E1,-1.019641519E0,9.478269577E0,-3.792324781E0
4.355242015E1,-1.103689432E0,9.490233421E0,-3.789932013E0
4.355479786E1,-1.180259824E0,9.454340935E0,-3.725325823E0
4.355717630E1,-1.211366415E0,9.437591553E0,-3.627219915E0
4.355955479E1,-1.206580877E0,9.428020477E0,-3.574577808E0
4.356193244E1,-1.247258782E0,9.384949684E0,-3.450151205E0
4.356431015E1,-1.271187067E0,9.392127991E0,-3.325425386E0
4.356668859E1,-1.264008522E0,9.384949684E0,-3.184248686E0
4.356906708E1,-1.304686546E0,9.372985840E0,-3.016751051E0
4.357144474E1,-1.314257860E0,9.358628273E0,-2.873181820E0
4.357382244E1,-1.331007600E0,9.349057198E0,-2.731706142E0
4.357620088E1,-1.362114310E0,9.296415329E0,-2.602493763E0
4.357857937E1,-1.333400369E0,9.327521324E0,-2.466102839E0
4.358095703E1,-1.340578914E0,9.298808098E0,-2.384746790E0
4.358333474E1,-1.347757339E0,9.313164711E0,-2.264806747E0
4.358571317E1,-1.338186026E0,9.339486122E0,-2.216950178E0
4.358809166E1,-1.350150228E0,9.351449966E0,-2.140379906E0
4.359046937E1,-1.357328653E0,9.404091835E0,-2.128415823E0
4.359284708E1,-1.374078393E0,9.461520195E0,-2.118844509E0
4.359522552E1,-1.369292736E0,9.518947601E0,-2.102094650E0
4.359760401E1,-1.369292736E0,9.545269012E0,-2.123630047E0
4.359998166E1,-1.357328653E0,9.597910881E0,-2.126022816E0
4.360235937E1,-1.366899967E0,9.652945518E0,-2.157129526E0
4.360473781E1,-1.352542996E0,9.691230774E0,-2.161915302E0
4.360711630E1,-1.323829174E0,9.724730492E0,-2.190629244E0
4.360949395E1,-1.283151150E0,9.719944954E0,-2.224128723E0
4.361187166E1,-1.278365493E0,9.765408516E0,-2.267199516E0
4.361425010E1,-1.237687469E0,9.758230209E0,-2.320140600E0
4.361662859E1,-1.151545882E0,9.787242889E0,-2.353640079E0
4.361900630E1,-1.108475089E0,9.760622978E0,-2.379961252E0
4.362138401E1,-1.010070205E0,9.736694336E0,-2.346461773E0
4.362376244E1,-9.143573642E-1,9.681659698E0,-2.365604401E0
4.362614088E1,-8.569296002E-1,9.619445801E0,-2.384746790E0
4.362851859E1,-8.138588071E-1,9.557232857E0,-2.356033087E0
4.363089630E1,-7.372884750E-1,9.456734657E0,-2.360818624E0
4.363327474E1,-7.731808424E-1,9.329915047E0,-2.353640079E0
4.363565323E1,-7.444669604E-1,9.224630356E0,-2.358425856E0
4.363803088E1,-6.343970895E-1,9.052047729E0,-2.322533369E0
4.364040859E1,-5.506483316E-1,8.898907661E0,-2.346461773E0
4.364278703E1,-5.434698462E-1,8.767302513E0,-2.305484533E0
4.364516552E1,-4.905286431E-1,8.621041298E0,-2.262413740E0
4.364754317E1,-5.099703074E-1,8.508578300E0,-2.228914261E0
4.364992088E1,-5.123631358E-1,8.384151459E0,-2.209771633E0
4.365229932E1,-4.761717021E-1,8.266902924E0,-2.193022013E0
4.365467781E1,-4.642075896E-1,8.202297211E0,-1.994417667E0
4.365705546E1,-3.948157430E-1,8.120941162E0,-1.834098577E0
4.365943317E1,-3.780659735E-1,8.092226982E0,-1.774278045E0
4.366181161E1,-3.206382394E-1,8.010572433E0,-1.661516190E0
4.366419010E1,-2.799602449E-1,7.955537319E0,-1.589731574E0
4.366656781E1,-1.698904037E-1,7.893323898E0,-1.534696579E0
4.366894552E1,-9.092725813E-2,7.828717709E0,-1.467697620E0
4.367132395E1,-2.871387079E-2,7.795217991E0,-1.450947881E0
4.367370244E1,1.151545867E-1,7.768897057E0,-1.352842093E0
4.367608010E1,3.185445070E-1,7.761718273E0,-1.355234981E0
4.367845781E1,4.118646085E-1,7.737790108E0,-1.422233939E0
4.368083624E1,4.597210586E-1,7.713861942E0,-1.479661703E0
4.368321474E1,5.171487927E-1,7.656434059E0,-1.527518153E0
4.368559239E1,6.032904387E-1,7.642077446E0,-1.529910922E0
4.368797010E1,7.040880919E-1,7.651648521E0,-1.498804331E0
4.369034854E1,8.428717852E-1,7.685148239E0,-1.453340650E0
4.369272703E1,9.816554785E-1,7.764111042E0,-1.458126307E0
4.369510468E1,1.096511006E0,7.797610760E0,-1.441376567E0
4.369748239E1,1.122832060E0,7.917252064E0,-1.410269856E0
4.369986083E1,1.072582722E0,8.044071198E0,-1.400698543E0
4.370223932E1,9.864411354E-1,8.254939079E0,-1.474876046E0
4.370461703E1,8.213363886E-1,8.515756607E0,-1.465304732E0
4.370699474E1,6.825526357E-1,8.903693199E0,-1.398305774E0
4.370937317E1,4.860421121E-1,9.212666512E0,-1.348056436E0
4.371175166E1,3.185445070E-1,9.626625061E0,-1.350449324E0
4.371412932E1,2.204387933E-1,1.009830952E1,-1.300199986E0
4.371650703E1,1.127617657E-1,1.057238770E1,-1.254736423E0
4.371888546E1,-1.435693651E-1,1.098903847E1,-1.257129192E0
4.372126395E1,-3.972085714E-1,1.143171024E1,-1.110867858E0
4.372364161E1,-6.702894568E-1,1.181007481E1,-1.036690354E0
4.372601932E1,-1.031605721E0,1.204965687E1,-8.931210637E-1
4.372839776E1,-1.400399446E0,1.227936745E1,-7.639086246E-1
4.373077624E1,-1.759621978E0,1.243490124E1,-6.562315822E-1
4.373315390E1,-2.187937260E0,1.253300667E1,-4.812564552E-1
4.373553161E1,-2.621337175E0,1.262184048E1,-4.381856322E-1
4.373791005E1,-2.982952595E0,1.268166065E1,-3.065803945E-1
4.374028854E1,-3.274876833E0,1.271516037E1,-2.467598319E-1
4.374266624E1,-3.500101328E0,1.272473145E1,-1.462612897E-1
4.374504395E1,-3.710669756E0,1.283240891E1,-1.438684613E-1
4.374742239E1,-3.923929930E0,1.282523060E1,-1.055833027E-1
4.374980083E1,-4.124927044E0,1.290897942E1,4.785645287E-3
4.375217854E1,-4.297210217E0,1.296401405E1,2.392822690E-2
4.375455624E1,-4.409673214E0,1.303340626E1,3.349951655E-2
4.375693468E1,-4.567898273E0,1.305494118E1,-4.067798331E-2
4.375931317E1,-4.682754040E0,1.298554897E1,-4.546362907E-2
4.376169083E1,-4.840680122E0,1.301187038E1,-1.247258782E-1
4.376406854E1,-4.965106964E0,1.297119236E1,-9.361918271E-2
4.376644698E1,-5.097011566E0,1.301426315E1,-4.307080805E-2
4.376882546E1,-5.171188831E0,1.303101349E1,3.828516230E-2
4.377120312E1,-5.252544880E0,1.294487095E1,8.135596663E-2
4.377358083E1,-5.247759342E0,1.286112213E1,7.417750359E-2
4.377595927E1,-5.240580559E0,1.272473145E1,1.292124242E-1
4.377833776E1,-5.226223946E0,1.263141155E1,4.067798331E-2
4.378071546E1,-5.130510807E0,1.247797203E1,-5.503492057E-2
4.378309317E1,-5.082654476E0,1.219801140E1,-6.729813665E-2
4.378547161E1,-5.020441055E0,1.211904812E1,-3.592225015E-1
4.378785005E1,-5.065904617E0,1.193450165E1,-3.903291821E-1
4.379022776E1,-5.089832783E0,1.180768204E1,-6.514459848E-1
4.379260546E1,-4.957928658E0,1.159232807E1,-8.093722463E-1
4.379498390E1,-4.766502857E0,1.133839035E1,-9.266205430E-1
4.379736239E1,-4.608576298E0,1.088584709E1,-7.184450030E-1
4.379974005E1,-4.539184570E0,1.066092205E1,-6.346961856E-1
4.380211776E1,-4.347459793E0,1.042403316E1,-1.182652593E0
4.380449619E1,-4.249353886E0,1.021077251E1,-1.470090389E0
4.380687468E1,-4.177569389E0,1.002652550E1,-1.551446438E0
4.380925234E1,-4.074677944E0,9.808777809E0,-1.537089467E0
4.381163005E1,-3.990929127E0,9.461520195E0,-1.618445396E0
4.381400848E1,-3.552743435E0,9.138189316E0,-1.668694735E0
4.381638698E1,-2.992523909E0,9.032905579E0,-1.649552107E0
4.381876463E1,-2.880061150E0,9.243772507E0,-1.412662625E0
4.382114234E1,-3.018844843E0,9.095118523E0,-1.489233017E0
4.382352078E1,-3.047558784E0,8.733802795E0,-1.824527264E0
4.382589927E1,-2.841775894E0,8.707481384E0,-1.592124343E0
4.382827698E1,-2.743371248E0,8.901300430E0,-1.324128270E0
4.383065468E1,-2.520838737E0,9.162117958E0,-1.651944876E0
4.383303312E1,-2.434697151E0,9.212666512E0,-2.181057930E0
4.383541161E1,-2.362912416E0,9.157332420E0,-2.353640079E0
4.383778927E1,-2.260020971E0,9.258130074E0,-2.652743101E0
4.384016698E1,-2.233700037E0,9.135796547E0,-2.760420084E0
4.384254541E1,-2.006082773E0,9.164510727E0,-2.580958366E0
4.384492390E1,-1.879263043E0,9.329915047E0,-2.676671267E0
4.384730156E1,-2.015654087E0,9.152546883E0,-2.580958366E0
4.384967927E1,-2.075474501E0,8.925228119E0,-2.506780863E0
4.385205770E1,-2.200200319E0,8.918049812E0,-1.872383714E0
4.385443619E1,-2.173580170E0,9.320343018E0,-2.451745987E0
4.385681385E1,-2.108973980E0,9.202795982E0,-2.475674152E0
4.385919156E1,-1.912762642E0,9.147761345E0,-2.497209549E0
4.386157000E1,-1.819442511E0,9.190832138E0,-2.264806747E0
4.386394848E1,-1.762014747E0,9.478269577E0,-1.869990945E0
4.386632614E1,-2.006082773E0,9.607481956E0,-2.592922449E0
4.386870385E1,-2.219342947E0,9.332307816E0,-3.028715372E0
4.387108229E1,-2.319841623E0,9.171689034E0,-2.923431158E0
4.387346078E1,-2.336591244E0,9.092725754E0,-2.925823927E0
4.387583848E1,-2.420340061E0,9.037691116E0,-2.856132984E0
4.387821619E1,-2.370090723E0,9.102297783E0,-2.793919563E0
4.388059463E1,-2.384447813E0,9.095118523E0,-2.712563515E0
4.388297312E1,-2.482553482E0,9.011369705E0,-2.726920605E0
4.388535078E1,-2.504088879E0,8.894122124E0,-2.848954439E0
4.388772849E1,-2.511267424E0,8.721838951E0,-2.657528639E0
4.389010692E1,-2.458625317E0,8.784051895E0,-2.123630047E0
4.389248541E1,-2.233700037E0,9.351449966E0,-2.173879385E0
4.389486307E1,-2.279163599E0,9.286844254E0,-2.377568483E0
4.389724078E1,-2.504088879E0,8.896514893E0,-2.463710070E0
4.389961921E1,-2.630908489E0,8.537292480E0,-2.281556368E0
4.390199770E1,-2.590230465E0,8.403293610E0,-2.126022816E0
4.390437536E1,-2.470589399E0,8.448758125E0,-1.879562140E0
4.390675307E1,-2.353341103E0,8.709874153E0,-1.371984720E0
4.390913151E1,-2.216950178E0,9.011369705E0,-1.774278045E0
4.391151000E1,-2.008475542E0,9.573982239E0,-2.102094650E0
4.391388765E1,-2.216950178E0,9.212666512E0,-2.171486616E0
4.391626536E1,-2.362912416E0,8.879764557E0,-1.850848317E0
4.391864385E1,-2.379662037E0,8.628219604E0,-1.599302888E0
4.392102229E1,-2.362912416E0,8.499007225E0,-1.269093275E0
4.392340000E1,-2.178365946E0,8.611469269E0,-1.304985642E0
4.392577770E1,-1.723729610E0,8.836693764E0,-1.520339727E0
4.392815614E1,-1.805085540E0,8.113762856E0,-1.575374603E0
4.393053463E1,-1.977368832E0,7.733004570E0,-7.878368497E-1
4.393291229E1,-2.044367790E0,7.878966808E0,-9.816554785E-1
4.393529000E1,-1.912762642E0,7.972286701E0,-6.658028960E-1
4.393766843E1,-1.534397483E0,7.445566654E0,-1.151545882E0
4.394004692E1,-1.618146300E0,7.711469173E0,-1.357627749E0
4.394242458E1,-1.730908036E0,7.914859295E0,-1.319342613E0
4.394480229E1,-1.773978829E0,8.192725182E0,-1.082154036E0
4.394718072E1,-1.783550143E0,8.295617104E0,-1.043868899E0
4.394955921E1,-1.845763564E0,8.436793327E0,-1.074975610E0
4.395193687E1,-1.862513304E0,8.621041298E0,-1.115653515E0
4.395431458E1,-1.826620936E0,8.736195564E0,-1.139581800E0
4.395669307E1,-1.718943954E0,8.731410027E0,-1.144367456E0
4.395907151E1,-1.567897081E0,8.666803360E0,-1.122832060E0
4.396144921E1,-1.529611826E0,8.489435196E0,-1.017547846E0
4.396382692E1,-1.601396561E0,8.300402641E0,-9.649057388E-1
4.396620536E1,-1.683051586E0,8.209475517E0,-9.433703423E-1
4.396858385E1,-1.771586061E0,8.199904442E0,-1.029511929E0
4.397096151E1,-1.857727647E0,8.250153542E0,-1.130010486E0
4.397333921E1,-1.845763564E0,8.276473999E0,-1.316949725E0
4.397571765E1,-1.826620936E0,8.333902359E0,-1.482054472E0
4.397809614E1,-1.785943031E0,8.396115303E0,-1.663909078E0
4.398047380E1,-1.728515267E0,8.458329201E0,-1.867598057E0
4.398285151E1,-1.659123421E0,8.477471352E0,-2.035095692E0
4.398522994E1,-1.647159338E0,8.496614456E0,-2.190629244E0
4.398760843E1,-1.553540111E0,8.534899712E0,-2.332104683E0
4.398998609E1,-1.481755376E0,8.582756042E0,-2.444567442E0
4.399236380E1,-1.455434322E0,8.577970505E0,-2.525923491E0
4.399474224E1,-1.450648785E0,8.652147293E0,-2.628814697E0
4.399712072E1,-1.431506157E0,8.671588898E0,-2.688635349E0
4.399949838E1,-1.426720500E0,8.669196129E0,-2.758027315E0
4.400187609E1,-1.438684583E0,8.671588898E0,-2.801098108E0
4.400425458E1,-1.462612867E0,8.683553696E0,-2.813062191E0
4.400663302E1,-1.508076429E0,8.695517540E0,-2.829811811E0
4.400901072E1,-1.522433400E0,8.683553696E0,-2.836990356E0
4.401138843E1,-1.548754454E0,8.700303078E0,-2.791526794E0
4.401376687E1,-1.570289850E0,8.690732002E0,-2.760420084E0
4.401614536E1,-1.599003673E0,8.702695847E0,-2.738884687E0
4.401852302E1,-1.628016710E0,8.719446182E0,-2.667099953E0
4.402090073E1,-1.649552107E0,8.695517540E0,-2.597707987E0
4.402327916E1,-1.706979871E0,8.676374435E0,-2.540280342E0
4.402565765E1,-1.740479350E0,8.652147293E0,-2.490031004E0
4.402803531E1,-1.773978829E0,8.601898193E0,-2.454138756E0
4.403041302E1,-1.793121457E0,8.558827400E0,-2.382354021E0
4.403279145E1,-1.797907114E0,8.544470787E0,-2.332104683E0
4.403516994E1,-1.829013824E0,8.506185532E0,-2.293520451E0
4.403754760E1,-1.843370795E0,8.479864120E0,-2.298306227E0
4.403992531E1,-1.907976985E0,8.472685814E0,-2.260020971E0
4.404230375E1,-1.946262121E0,8.470293045E0,-2.271985054E0
4.404468224E1,-1.998904228E0,8.482256889E0,-2.346461773E0
4.404705994E1,-2.097009897E0,8.508578300E0,-2.375175476E0
4.404943760E1,-2.185544491E0,8.508578300E0,-2.384746790E0
4.405181604E1,-2.236092806E0,8.508578300E0,-2.377568483E0
4.405419453E1,-2.338984251E0,8.525327682E0,-2.382354021E0
4.405657224E1,-2.408375978E0,8.551649094E0,-2.406282187E0
4.405894994E1,-2.504088879E0,8.558827400E0,-2.379961252E0
4.406132838E1,-2.585444927E0,8.556434631E0,-2.406282187E0
4.406370687E1,-2.671586514E0,8.542078018E0,-2.413460732E0
4.406608453E1,-2.736192703E0,8.494221687E0,-2.408675194E0
4.406846224E1,-2.805883646E0,8.463114738E0,-2.432603359E0
4.407084067E1,-2.851347208E0,8.410472870E0,-2.420639277E0
4.407321916E1,-2.880061150E0,8.357830048E0,-2.391925335E0
4.407559682E1,-2.930310488E0,8.331509590E0,-2.384746790E0
4.407797453E1,-2.959024191E0,8.293224335E0,-2.370389938E0
4.408035296E1,-2.987738132E0,8.238189697E0,-2.372782707E0
4.408273145E1,-3.026023388E0,8.211868286E0,-2.363211393E0
4.408510911E1,-3.028416157E0,8.175975800E0,-2.353640079E0
4.408748682E1,-3.037987471E0,8.164011955E0,-2.356033087E0
4.408986526E1,-3.066701412E0,8.137690544E0,-2.339283228E0
4.409224375E1,-3.040380239E0,8.111370087E0,-2.367997169E0
4.409462140E1,-3.061915636E0,8.075178146E0,-2.396710873E0
4.409699911E1,-3.052344322E0,8.053643227E0,-2.377568483E0
4.409937755E1,-3.026023388E0,8.063214302E0,-2.403889418E0
4.410175604E1,-2.985345364E0,8.070392609E0,-2.480459690E0
4.410413375E1,-2.956631422E0,8.070392609E0,-2.530709028E0
4.410651145E1,-2.951845884E0,8.058428764E0,-2.557030201E0
4.410888989E1,-2.884846687E0,8.034500122E0,-2.616850615E0
4.411126833E1,-2.853740215E0,8.020143509E0,-2.719742060E0
4.411364604E1,-2.796312332E0,8.034500122E0,-2.829811811E0
4.411602374E1,-2.729014158E0,8.034500122E0,-2.968894720E0
4.411840218E1,-2.738585472E0,7.991429329E0,-3.028715372E0
4.412078067E1,-2.729014158E0,7.989036560E0,-3.143570662E0
4.412315833E1,-2.671586514E0,8.003393173E0,-3.258426189E0
4.412553604E1,-2.623729944E0,8.048856735E0,-3.358924866E0
4.412791448E1,-2.599801779E0,8.072785378E0,-3.478864908E0
4.413029296E1,-2.611765862E0,8.099405289E0,-3.565006733E0
4.413267062E1,-2.621337175E0,8.132905006E0,-3.584149122E0
4.413504833E1,-2.623729944E0,8.156833649E0,-3.667897940E0
4.413742677E1,-2.621337175E0,8.190332413E0,-3.715754509E0
4.413980526E1,-2.676372051E0,8.231010437E0,-3.742075443E0
4.414218291E1,-2.717050076E0,8.278866768E0,-3.746861219E0
4.414456062E1,-2.777169704E0,8.317152023E0,-3.770789385E0
4.414693906E1,-2.822633505E0,8.386544228E0,-3.777967930E0
4.414931755E1,-2.918346405E0,8.427222252E0,-3.797110319E0
4.415169520E1,-3.030808926E0,8.489435196E0,-3.861716747E0
4.415407291E1,-3.181556702E0,8.558827400E0,-3.919144392E0
4.415645140E1,-3.323032379E0,8.649754524E0,-3.957429647E0
4.415882984E1,-3.433102369E0,8.726624489E0,-3.967000723E0
4.416120755E1,-3.564707518E0,8.827122688E0,-3.996013880E0
4.416358526E1,-3.693919897E0,8.886942863E0,-4.043870449E0
4.416596369E1,-3.823132277E0,8.970691681E0,-4.079762459E0
4.416834218E1,-3.933501244E0,9.071190834E0,-4.141975880E0
4.417071984E1,-4.024428368E0,9.080761909E0,-4.156332970E0
4.417309755E1,-4.124927044E0,9.119047165E0,-4.156332970E0
4.417547599E1,-4.213461399E0,9.109476089E0,-4.132404804E0
4.417785448E1,-4.237389565E0,9.099904060E0,-4.084548473E0
4.418023213E1,-4.311567307E0,9.099904060E0,-4.082155228E0
4.418260984E1,-4.421637058E0,9.035298347E0,-4.094119549E0
4.418498828E1,-4.496113777E0,8.999405861E0,-4.091726780E0
4.418736677E1,-4.558327198E0,8.944371223E0,-4.058227062E0
4.418974442E1,-4.563112736E0,8.870193481E0,-4.007977962E0
4.419212213E1,-4.522434711E0,8.788837433E0,-3.921537161E0
4.419450057E1,-4.520041943E0,8.743373871E0,-3.830610037E0
4.419687906E1,-4.488935471E0,8.673981667E0,-3.713361740E0
4.419925671E1,-4.457828522E0,8.582756042E0,-3.627219915E0
4.420163442E1,-4.419244289E0,8.515756607E0,-3.550649643E0
4.420401286E1,-4.357030869E0,8.429615021E0,-3.505186081E0
4.420639135E1,-4.335495472E0,8.369794846E0,-3.445365429E0
4.420876901E1,-4.299602985E0,8.307580948E0,-3.425923824E0
4.421114671E1,-4.234996796E0,8.233403206E0,-3.387638569E0
4.421352520E1,-4.179962158E0,8.130512238E0,-3.339782238E0
4.421590364E1,-4.141676903E0,8.077570915E0,-3.358924866E0
4.421828135E1,-4.117748737E0,8.046463966E0,-3.313461065E0
4.422065906E1,-4.112963200E0,8.001000404E0,-3.313461065E0
4.422303750E1,-4.129712582E0,7.974679470E0,-3.318246841E0
4.422541599E1,-4.144069672E0,7.972286701E0,-3.265604734E0
4.422779364E1,-4.144069672E0,8.036892891E0,-3.279961586E0
4.423017135E1,-4.134498596E0,8.106583595E0,-3.232105255E0
4.423254979E1,-4.132105827E0,8.178368568E0,-3.215355396E0
4.423492828E1,-4.151247978E0,8.307580948E0,-3.208176851E0
4.423730593E1,-4.122534275E0,8.412865639E0,-3.184248686E0
4.423968364E1,-4.108177185E0,8.589934349E0,-3.177070379E0
4.424206208E1,-4.086641788E0,8.776873589E0,-3.157927752E0
4.424444057E1,-4.129712582E0,9.028120041E0,-3.129213810E0
4.424681823E1,-4.139284134E0,9.265308380E0,-3.114856958E0
4.424919593E1,-4.189533234E0,9.499805450E0,-3.100499868E0
4.425157437E1,-4.227818489E0,9.789635658E0,-3.095714331E0
4.425395286E1,-4.194318771E0,1.006480980E1,-3.098107100E0
4.425633052E1,-4.167997837E0,1.039292622E1,-3.100499868E0
4.425870822E1,-4.100998878E0,1.073509979E1,-3.126821041E0
4.426108666E1,-4.019642830E0,1.110867882E1,-3.191427231E0
4.426346515E1,-3.902394533E0,1.145324516E1,-3.256033421E0
4.426584281E1,-3.725026608E0,1.181007481E1,-3.289532900E0
4.426822052E1,-3.519243956E0,1.220040417E1,-3.301496983E0
4.427059895E1,-3.320639610E0,1.263858986E1,-3.344567776E0
4.427297744E1,-3.145664454E0,1.306690502E1,-3.399602890E0
4.427535515E1,-2.987738132E0,1.347159195E1,-3.459722519E0
4.427773286E1,-2.813062191E0,1.380449295E1,-3.529114246E0
4.428011130E1,-2.657229662E0,1.408684635E1,-3.605684519E0
4.428248974E1,-2.506481647E0,1.430967808E1,-3.608077526E0
4.428486744E1,-2.382055044E0,1.444128323E1,-3.572185040E0
4.428724515E1,-2.240878344E0,1.448435402E1,-3.524328709E0
4.428962359E1,-2.140080690E0,1.447238922E1,-3.346960783E0
4.429200208E1,-2.051546335E0,1.439342594E1,-3.078964472E0
4.429437974E1,-2.018046856E0,1.429771328E1,-2.820240498E0
4.429675744E1,-1.982154489E0,1.417298794E1,-2.545065880E0
4.429913588E1,-1.922333837E0,1.405813217E1,-2.231307030E0
4.430151437E1,-1.819442511E0,1.396481228E1,-1.881955028E0
4.430389203E1,-1.704586983E0,1.385713482E1,-1.604088426E0
4.430626974E1,-1.570289850E0,1.374945831E1,-1.410269856E0
4.430864817E1,-1.491326690E0,1.356251907E1,-1.288235903E0
4.431102666E1,-1.426720500E0,1.327777290E1,-1.230808139E0
4.431340432E1,-1.354935765E0,1.288744354E1,-1.216451168E0
4.431578203E1,-1.328614831E0,1.244207954E1,-1.177866936E0
4.431816046E1,-1.316650629E0,1.196560860E1,-1.185344458E0
4.432053895E1,-1.381256819E0,1.146550846E1,-1.153938770E0
4.432291661E1,-1.431506157E0,1.090528965E1,-1.101296663E0
4.432529432E1,-1.457827210E0,1.040728283E1,-9.912267923E-1
4.432767276E1,-1.455434322E0,9.993025780E0,-9.792626500E-1
4.433005124E1,-1.486541033E0,9.617053032E0,-1.000798106E0
4.433242890E1,-1.472184181E0,9.327521324E0,-1.120439172E0
4.433480661E1,-1.419542074E0,9.030512810E0,-1.259521961E0
4.433718510E1,-1.350150228E0,8.817551613E0,-1.388734460E0
4.433956354E1,-1.206580877E0,8.736195564E0,-1.558624864E0
4.434194124E1,-1.065105200E0,8.688339233E0,-1.735693693E0
4.434431895E1,-9.646066427E-1,8.630612373E0,-1.822134495E0
4.434669739E1,-8.641080856E-1,8.618648529E0,-1.874776483E0
4.434907588E1,-7.971090674E-1,8.568398476E0,-1.793420553E0
4.435145354E1,-7.636095285E-1,8.515756607E0,-1.639980793E0
4.435383124E1,-7.707880139E-1,8.420043945E0,-1.417448282E0
4.435620968E1,-8.114659786E-1,8.314759254E0,-1.149153113E0
4.435858817E1,-8.473583460E-1,8.336295128E0,-8.883354068E-1
4.436096583E1,-8.306085467E-1,8.343473434E0,-5.985047817E-1
4.436334354E1,-8.353942037E-1,8.250153542E0,-2.922234535E-1
4.436572198E1,-8.282157183E-1,8.104190826E0,-2.392822690E-2
4.436810046E1,-7.875377536E-1,8.008178711E0,2.177468538E-1
4.437047812E1,-6.990033388E-1,7.943572998E0,5.171487927E-1
4.437285583E1,-6.296114326E-1,7.919644833E0,7.492526174E-1
4.437523427E1,-4.857429862E-1,7.898109436E0,8.856434822E-1
4.437761276E1,-3.948157430E-1,7.874181271E0,9.981061220E-1
4.437999041E1,-3.613162339E-1,7.835896015E0,1.031605721E0
4.438236812E1,-3.541377485E-1,7.759325504E0,1.005284667E0
4.438474656E1,-2.584248483E-1,7.790432453E0,9.095717072E-1
4.438712505E1,-1.363908947E-1,7.878966808E0,7.875377536E-1
4.438950270E1,-7.178467698E-3,8.051250458E0,5.769693851E-1
4.439188041E1,1.677966863E-1,8.264510155E0,3.972085714E-1
4.439425885E1,4.286143482E-1,8.580363274E0,3.206382394E-1
4.439663734E1,5.817549825E-1,8.755337715E0,3.828516304E-1
4.439901500E1,7.806583643E-1,9.109476089E0,6.104688644E-1
4.440139270E1,1.438684613E-1,9.229415894E0,-4.549354017E-1
4.440377119E1,-2.225325108E-1,9.358628273E0,-1.625623941E0
4.440614963E1,1.773679852E-1,9.835099220E0,-1.706979871E0
4.440852734E1,5.024927482E-2,1.005284595E1,-2.204986095E0
4.441090505E1,-2.057827413E-1,1.029691410E1,-2.829811811E0
4.441328348E1,-1.986042857E-1,1.072792149E1,-2.645564556E0
4.441566192E1,-1.603191197E-1,1.116849995E1,-3.524328709E0
4.441803963E1,-2.823530734E-1,1.120439243E1,-3.021536827E0
4.442041734E1,-6.918248534E-1,1.134078312E1,-3.311068296E0
4.442279578E1,-6.966105103E-1,1.155165005E1,-3.945465326E0
4.442517427E1,-7.037889361E-1,1.165454197E1,-4.476971149E0
4.442755192E1,-5.841478109E-1,1.187468147E1,-4.551148891E0
4.442992963E1,-2.009970993E-1,1.248993587E1,-4.383651257E0
4.443230807E1,-4.211367965E-1,1.272233868E1,-4.826622486E0
4.443468656E1,-5.650052428E-1,1.307886982E1,-5.666802406E0
4.443706421E1,-6.487540603E-1,1.314856052E1,-6.157629967E0
4.443944192E1,-1.101296663E0,1.279173088E1,-6.614958286E0
4.444182036E1,-1.424327731E0,1.230329609E1,-6.610172749E0
4.444419885E1,-1.819442511E0,1.175504017E1,-6.684350014E0
4.444657651E1,-2.077867270E0,1.135035419E1,-6.715456963E0
4.444895421E1,-2.202593327E0,1.079252720E1,-6.516852379E0
4.445133265E1,-1.970190287E0,1.065374374E1,-5.765207291E0
4.445371114E1,-1.721336842E0,1.040010452E1,-5.413163185E0
4.445608880E1,-1.553540111E0,1.012223816E1,-4.939085007E0
4.445846651E1,-1.484148264E0,9.844670296E0,-4.630411148E0
4.446084494E1,-1.376471281E0,9.621838570E0,-4.266402721E0
4.446322343E1,-1.319043517E0,9.428020477E0,-3.909573078E0
4.446560109E1,-1.242473125E0,9.222237587E0,-3.418745279E0
4.446797880E1,-1.170688510E0,9.052047729E0,-2.885145903E0
4.447035724E1,-1.067797065E0,8.903693199E0,-2.530709028E0
4.447273572E1,-9.191430211E-1,8.865407944E0,-2.240878344E0
4.447511338E1,-7.085745931E-1,8.810373306E0,-2.106880426E0
4.447749109E1,-4.881358147E-1,8.695517540E0,-2.020738840E0
4.447986953E1,-2.560320199E-1,8.662017822E0,-2.049452543E0
4.448224802E1,-7.657032460E-2,8.683553696E0,-2.123630047E0
4.448462567E1,1.103689447E-1,8.705088615E0,-2.233700037E0
4.448700338E1,3.137588799E-1,8.853444099E0,-2.777169704E0
4.448938187E1,5.027918816E-1,8.654839516E0,-2.918645382E0
4.449176031E1,3.783650696E-1,8.400900841E0,-2.193022013E0
4.449413802E1,2.994019389E-1,8.309973717E0,-2.154736757E0
4.449651572E1,3.209373355E-1,8.398508072E0,-2.111665964E0
4.449889416E1,3.711866140E-1,8.494221687E0,-2.078166485E0
4.450127260E1,3.951148391E-1,8.530113220E0,-2.097309113E0
4.450365031E1,3.448655605E-1,8.515756607E0,-2.185843468E0
4.450602802E1,2.898306549E-1,8.570791245E0,-2.339283228E0
4.450840645E1,-6.221338734E-2,8.755337715E0,-2.432603359E0
4.451078494E1,5.503492057E-2,8.726624489E0,-2.533101797E0
4.451316260E1,2.443670183E-1,8.724231720E0,-2.750848770E0
4.451554031E1,2.898306549E-1,8.700303078E0,-2.964108944E0
4.451791874E1,3.664009571E-1,8.968298912E0,-3.701397419E0
4.452029724E1,1.342971772E-1,9.707980156E0,-5.530411243E0
4.452267489E1,4.785645381E-2,8.712266922E0,-3.450151205E0
4.452505260E1,-1.651047617E-1,8.142476082E0,-1.539482236E0
4.452743104E1,-4.067798555E-1,7.972286701E0,-1.702194214E0
4.452980953E1,-4.043870270E-1,8.312366486E0,-2.154736757E0
4.453218718E1,-4.115654826E-1,8.695517540E0,-2.509173632E0
4.453456489E1,-6.750751138E-1,9.631410599E0,-2.056631088E0
4.453694333E1,-1.197009563E0,9.686445236E0,-2.219342947E0
4.453932182E1,-1.132403374E0,9.672088623E0,-2.858525753E0
4.454169948E1,-1.005284667E0,9.540482521E0,-3.105285645E0
4.454407718E1,-7.444669604E-1,9.763015747E0,-5.104189873E0
4.454645562E1,-5.051847100E-1,9.801599503E0,-4.850550652E0
4.454883411E1,-8.521439433E-1,8.697910309E0,-3.119642496E0
4.455121177E1,-1.132403374E0,8.331509590E0,-2.202593327E0
4.455358948E1,-1.364507079E0,8.781659126E0,-1.261914849E0
4.455596791E1,-1.414756417E0,9.337093353E0,-1.281057477E0
4.455834640E1,-1.335793257E0,9.815957069E0,-1.594517231E0
4.456072406E1,-1.350150228E0,1.007198906E1,-1.936989903E0
4.456310177E1,-1.386042476E0,1.015813065E1,-2.281556368E0
4.456548020E1,-1.450648785E0,1.023230743E1,-2.305484533E0
4.456785869E1,-1.879263043E0,1.078774166E1,-2.094916344E0
4.457023635E1,-1.924726725E0,1.144606686E1,-1.383948803E0
4.457261406E1,-2.190629244E0,1.104646587E1,-1.594517231E0
4.457499250E1,-2.140080690E0,1.090768242E1,-2.382354021E0
4.457737098E1,-2.113759756E0,1.052692413E1,-2.700599432E0
4.457974864E1,-1.948654890E0,1.039292622E1,-2.760420084E0
4.458212635E1,-1.809871197E0,1.020837975E1,-2.624029160E0
4.458450484E1,-1.833799481E0,1.024187946E1,-3.306282759E0
4.458688328E1,-1.479362607E0,1.033549786E1,-6.500102520E0
4.458926098E1,-1.321436286E0,9.839884758E0,-3.651148319E0
4.459163869E1,-1.469791293E0,8.908478737E0,-1.620838284E0
4.459401713E1,-1.960619092E0,7.943572998E0,-1.043868899E0
4.459639557E1,-2.154437780E0,8.910871506E0,-1.113260746E0
4.459877328E1,-2.039582253E0,9.780064583E0,-1.637588024E0
4.460115099E1,-1.888834357E0,1.012223816E1,-2.228914261E0
4.460352942E1,-1.862513304E0,1.004088211E1,-2.741277456E0
4.460590791E1,-1.879263043E0,9.799206734E0,-3.112463951E0
4.460828557E1,-2.099402666E0,9.676874161E0,-3.361317635E0
4.461066328E1,-2.525624275E0,9.715159416E0,-3.471686602E0
4.461304171E1,-2.281556368E0,9.502198219E0,-3.603291750E0
4.461542020E1,-1.948654890E0,9.349057198E0,-3.579363585E0
4.461779786E1,-1.812264085E0,9.123832703E0,-3.648755312E0
4.462017557E1,-1.709372640E0,8.939585686E0,-3.687040567E0
4.462255401E1,-2.193022013E0,9.392127991E0,-3.320639610E0
4.462493250E1,-2.193022013E0,9.243772507E0,-2.798705101E0
4.462731015E1,-1.752443433E0,9.008976936E0,-3.710968733E0
4.462968786E1,-1.695015788E0,8.681160927E0,-3.993621111E0
4.463206630E1,-1.534397483E0,8.479864120E0,-4.067798615E0
4.463444479E1,-1.481755376E0,8.343473434E0,-3.940679789E0
4.463682244E1,-1.824228168E0,8.570791245E0,-3.438187122E0
4.463920015E1,-1.661516190E0,8.901300430E0,-4.386044025E0
4.464157859E1,-1.795514345E0,9.095118523E0,-6.081059456E0
4.464395708E1,-2.130509377E0,8.834300995E0,-3.938287020E0
4.464633474E1,-1.888834357E0,7.637291908E0,-1.723729610E0
4.464871244E1,-2.041975021E0,7.184749126E0,-1.589731574E0
4.465109088E1,-2.334198475E0,8.135297775E0,-2.286342144E0
4.465346937E1,-2.106581211E0,8.855836868E0,-2.573779821E0
4.465584703E1,-1.840977907E0,8.925228119E0,-2.906681299E0
4.465822474E1,-1.704586983E0,8.772088051E0,-3.117249727E0
4.466060317E1,-1.790728688E0,8.644968987E0,-3.239283562E0
4.466298166E1,-1.963011861E0,8.654839516E0,-3.251247883E0
4.466535932E1,-2.111366987E0,8.657232285E0,-3.224926710E0
4.466773703E1,-2.298306227E0,8.867800713E0,-3.112463951E0
4.467011546E1,-2.360519648E0,9.061619759E0,-2.911466837E0
4.467249395E1,-2.568695068E0,9.131011009E0,-2.928216696E0
4.467487161E1,-2.429911375E0,9.078369141E0,-2.870789051E0
4.467724932E1,-2.207378864E0,9.078369141E0,-2.834597588E0
4.467962776E1,-2.101795673E0,9.006584167E0,-2.691028118E0
4.468200625E1,-2.959024191E0,9.566803932E0,-2.118844509E0
4.468438390E1,-2.872882605E0,9.475876808E0,-1.834098577E0
4.468676161E1,-2.329412937E0,9.183652878E0,-2.810669184E0
4.468914010E1,-2.013261080E0,8.824729919E0,-3.047857761E0
4.469151854E1,-1.797907114E0,8.678768158E0,-2.956930637E0
4.469389619E1,-2.022832394E0,8.920442581E0,-2.614457846E0
4.469627390E1,-2.556730986E0,9.064012527E0,-1.874776483E0
4.469865234E1,-2.271985054E0,8.953942299E0,-2.216950178E0
4.470103083E1,-2.108973980E0,8.784051895E0,-2.286342144E0
4.470340854E1,-1.912762642E0,8.697910309E0,-2.193022013E0
4.470578625E1,-1.409970760E0,8.999405861E0,-3.425923824E0
4.470816468E1,-6.846463680E-1,8.906085968E0,-5.145166874E0
4.471054312E1,-1.864906192E0,8.642576218E0,-1.747956991E0
4.471292083E1,-2.065903187E0,7.709076405E0,1.698904037E-1
4.471529854E1,-2.175973177E0,7.737790108E0,4.785645287E-3
4.471767698E1,-2.338984251E0,8.623434067E0,-2.632104978E-2
4.472005541E1,-2.130509377E0,9.518947601E0,-6.514459848E-1
4.472243312E1,-1.711765528E0,9.739087105E0,-1.462911963E0
4.472481083E1,-2.190629244E0,1.009113121E1,-1.730908036E0
4.472718927E1,-1.951047778E0,1.001695347E1,-1.944168448E0
4.472956776E1,-1.386042476E0,9.811170578E0,-2.037488461E0
4.473194541E1,-2.183151484E0,1.010070229E1,-1.448554993E0
4.473432312E1,-1.383649707E0,9.698409081E0,-1.795813441E0
4.473670156E1,-1.153938770E0,9.475876808E0,-2.327319145E0
4.473908005E1,-1.041176915E0,9.188439369E0,-2.092523336E0
4.474145770E1,-8.760721684E-1,8.961120605E0,-2.351247311E0
4.474383541E1,-9.502496719E-1,8.872586250E0,-2.377568483E0
4.474621385E1,-9.741778970E-1,8.683553696E0,-2.344068766E0
4.474859234E1,-9.454640746E-1,8.503792763E0,-2.537887573E0
4.475097000E1,-8.401798606E-1,8.374580383E0,-2.518744946E0
4.475334770E1,-8.042874932E-1,8.305188179E0,-2.552244425E0
4.475572614E1,-8.904291391E-1,8.345866203E0,-2.738884687E0
4.475810463E1,-1.500898004E0,8.860622406E0,-2.121237278E0
4.476048229E1,-1.778764486E0,8.989834785E0,-2.348854542E0
4.476286000E1,-1.812264085E0,9.052047729E0,-2.868396044E0
4.476523843E1,-1.429113269E0,9.420842171E0,-4.208974838E0
4.476761692E1,-6.056832075E-1,9.298808098E0,-6.736992359E0
4.476999458E1,-1.459621787E-1,8.226224899E0,-2.801098108E0
4.477237229E1,-7.779664397E-1,6.351448536E0,-1.829312921E0
4.477475073E1,-2.362912416E0,7.230212688E0,-1.192523003E0
4.477712921E1,-1.840977907E0,8.415258408E0,-1.872383714E0
4.477950687E1,-1.144367456E0,8.827122688E0,-3.035893679E0
4.478188458E1,-6.583253145E-1,8.712266922E0,-3.655933857E0
4.478426302E1,-4.211367965E-1,8.448758125E0,-3.955036640E0
4.478664151E1,-4.187439680E-1,8.204689980E0,-4.091726780E0
4.478901916E1,-8.641080856E-1,8.506185532E0,-3.830610037E0
4.479139687E1,-1.572682738E0,8.527720451E0,-3.028715372E0
4.479377531E1,-1.510469317E0,8.281260490E0,-3.876073599E0
4.479615380E1,-1.764407635E0,8.195118904E0,-4.077369690E0
4.479853145E1,-1.582253933E0,8.003393173E0,-3.856930971E0
4.480090916E1,-1.273579836E0,7.859824181E0,-3.689433336E0
4.480328760E1,-1.723729610E0,8.400900841E0,-2.609672308E0
4.480566609E1,-1.541576028E0,8.269295692E0,-2.664707184E0
4.480804375E1,-1.386042476E0,8.058428764E0,-3.337389469E0
4.481042145E1,-1.465005636E0,7.965108395E0,-2.851347208E0
4.481279989E1,-1.146760225E0,7.883752346E0,-3.076571703E0
4.481517838E1,-1.082154036E0,7.649255753E0,-2.839383125E0
4.481755604E1,-7.205387354E-1,7.536793232E0,-3.035893679E0
4.481993374E1,-6.008976102E-1,7.397710323E0,-2.911466837E0
4.482231218E1,-4.378865361E-1,7.352246761E0,-2.748456001E0
4.482469067E1,-5.745765567E-1,7.491030216E0,-2.540280342E0
4.482706833E1,-7.564310431E-1,7.670791149E0,-2.372782707E0
4.482944604E1,-7.875377536E-1,7.886145115E0,-2.293520451E0
4.483182448E1,-7.085745931E-1,8.048856735E0,-2.226521492E0
4.483420296E1,-5.578267574E-1,8.204689980E0,-2.248056889E0
4.483658062E1,-4.785645306E-1,8.341080666E0,-2.231307030E0
4.483895833E1,-3.732803464E-1,8.489435196E0,-2.243271112E0
4.484133677E1,-3.134597540E-1,8.647361755E0,-2.288734913E0
4.484371526E1,-2.512463629E-1,8.819944382E0,-2.401496649E0
4.484609291E1,-2.105683982E-1,8.973084450E0,-2.454138756E0
4.484847062E1,-1.986042857E-1,9.107083321E0,-2.557030201E0
4.485084906E1,-1.914258152E-1,9.241379738E0,-2.647957325E0
4.485322755E1,-2.009970993E-1,9.329915047E0,-2.753241539E0
4.485560520E1,-2.536391914E-1,9.461520195E0,-2.894717216E0
4.485798291E1,-2.823530734E-1,9.583553314E0,-3.000001431E0
4.486036135E1,-3.134597540E-1,9.691230774E0,-3.122035265E0
4.486273984E1,-3.469592929E-1,9.787242889E0,-3.256033421E0
4.486511750E1,-4.091726840E-1,9.859027863E0,-3.394817114E0
4.486749520E1,-4.977070987E-1,9.945169449E0,-3.517150164E0
4.486987364E1,-5.985047817E-1,1.003131104E1,-3.639184237E0
4.487225213E1,-6.511468887E-1,1.008156013E1,-3.804288864E0
4.487462984E1,-6.966105103E-1,1.010788059E1,-3.880859137E0
4.487700750E1,-7.372884750E-1,1.012223816E1,-4.017549038E0
4.487938593E1,-7.851449251E-1,1.014138031E1,-4.094119549E0
4.488176442E1,-8.425726891E-1,1.011505985E1,-4.204189301E0
4.488414213E1,-9.047860503E-1,1.008156013E1,-4.254438877E0
4.488651984E1,-9.358927608E-1,9.990633011E0,-4.280759811E0
4.488889828E1,-9.287142754E-1,9.854242325E0,-4.264009953E0
4.489127671E1,-9.311071038E-1,9.734301567E0,-4.220939159E0
4.489365437E1,-9.095717072E-1,9.588339806E0,-4.177868366E0
4.489603208E1,-8.449655175E-1,9.456734657E0,-4.101297855E0
4.489841057E1,-7.636095285E-1,9.341878891E0,-3.996013880E0
4.490078901E1,-6.678966284E-1,9.267701149E0,-3.883252144E0
4.490316671E1,-5.961119533E-1,9.186046600E0,-3.746861219E0
4.490554442E1,-5.171487927E-1,9.104690552E0,-3.629612923E0
4.490792286E1,-4.761717021E-1,9.059226990E0,-3.486043453E0
4.491030130E1,-4.666004181E-1,9.032905579E0,-3.320639610E0
4.491267901E1,-3.780659735E-1,9.006584167E0,-3.203391314E0
4.491505671E1,-3.469592929E-1,9.020941734E0,-3.055036306E0
4.491743515E1,-4.666004181E-1,9.054440498E0,-2.911466837E0
4.491981359E1,-5.961119533E-1,9.227023125E0,-2.705385208E0
4.492219130E1,-5.889334679E-1,9.339486122E0,-2.523530483E0
4.492456901E1,-1.674975827E-2,9.253344536E0,-2.535494804E0
4.492694744E1,2.324029058E-1,9.200403214E0,-2.461317301E0
4.492932588E1,4.046861231E-1,9.181260109E0,-2.358425856E0
4.493170359E1,3.496512175E-1,9.301200867E0,-2.250449657E0
4.493408130E1,1.558325738E-1,9.511769295E0,-2.135594130E0
4.493645974E1,1.674975827E-2,9.763015747E0,-2.015953064E0
4.493883823E1,-5.024927482E-2,1.003609657E1,-2.025524378E0
4.494121588E1,-4.546362907E-2,1.028255749E1,-2.051845312E0
4.494359359E1,-4.546362907E-2,1.053170967E1,-2.114058733E0
4.494597203E1,-4.546362907E-2,1.078056335E1,-2.283949137E0
4.494835052E1,-1.028913707E-1,1.105603695E1,-2.418246269E0
4.495072817E1,-1.531406492E-1,1.127139091E1,-2.535494804E0
4.495310588E1,-2.392822653E-1,1.145833015E1,-2.671885490E0
4.495548432E1,-3.373879790E-1,1.161147118E1,-2.762812853E0
4.495786281E1,-4.043870270E-1,1.171914768E1,-2.877967358E0
4.496024046E1,-5.578267574E-1,1.179811096E1,-2.971287489E0
4.496261817E1,-6.966105103E-1,1.180768204E1,-3.050250769E0
4.496499661E1,-8.258228898E-1,1.180289650E1,-3.086143017E0
4.496737510E1,-9.478568435E-1,1.178375435E1,-3.133999348E0
4.496975276E1,-1.077368379E0,1.174307632E1,-3.150749207E0
4.497213046E1,-1.187438250E0,1.168804169E1,-3.174677372E0
4.497450890E1,-1.254437327E0,1.156600761E1,-3.172284603E0
4.497688739E1,-1.283151150E0,1.146072292E1,-3.189034462E0
4.497926505E1,-1.321436286E0,1.134796143E1,-3.174677372E0
4.498164276E1,-1.350150228E0,1.121396351E1,-3.184248686E0
4.498402119E1,-1.405185103E0,1.107278633E1,-3.217748165E0
4.498639968E1,-1.467398524E0,1.089811039E1,-3.200998545E0
4.498877734E1,-1.558325768E0,1.072074318E1,-3.177070379E0
4.499115505E1,-1.637588024E0,1.052692413E1,-3.165106058E0
4.499353348E1,-1.714158297E0,1.035464096E1,-3.129213810E0
4.499591198E1,-1.733300924E0,1.018445110E1,-3.131606579E0
4.499828963E1,-1.800299883E0,9.985847473E0,-3.148356438E0
4.500066734E1,-1.884048700E0,9.789635658E0,-3.177070379E0
4.500304578E1,-1.919941068E0,9.557232857E0,-3.241676569E0
4.500542427E1,-1.955833435E0,9.380164146E0,-3.244069338E0
4.500780192E1,-1.982154489E0,9.150154114E0,-3.272783279E0
4.501017963E1,-1.996511340E0,8.925228119E0,-3.282354355E0
4.501255807E1,-1.965404749E0,8.740981102E0,-3.299104214E0
4.501493656E1,-1.939083695E0,8.537292480E0,-3.301496983E0
4.501731421E1,-1.896012783E0,8.367402077E0,-3.334996462E0
4.501969192E1,-1.927119493E0,8.207082748E0,-3.354139090E0
4.502207036E1,-1.886441588E0,8.056035995E0,-3.404388428E0
4.502444885E1,-2.147259235E0,7.864609718E0,-3.512364626E0
4.502682651E1,-2.159223318E0,7.742575645E0,-4.235296249E0
4.502920421E1,-1.797907114E0,7.764111042E0,-3.622434378E0
4.503158265E1,-1.536790371E0,7.766504288E0,-3.229712248E0
4.503396114E1,-1.421934843E0,7.694719315E0,-3.212962627E0
4.503633880E1,-1.357328653E0,7.642077446E0,-3.277568817E0
4.503871651E1,-1.345364571E0,7.587042332E0,-3.342175007E0
4.504109494E1,-1.280758262E0,7.510172844E0,-3.344567776E0
4.504347343E1,-1.264008522E0,7.512565613E0,-3.428316593E0
4.504585109E1,-1.268794179E0,7.421638489E0,-3.433401346E0
4.504822880E1,-1.273579836E0,7.397710323E0,-3.275176048E0
4.505060724E1,-1.321436286E0,7.306783199E0,-3.279961586E0
4.505298573E1,-1.295115232E0,7.306783199E0,-3.117249727E0
4.505536338E1,-1.326221943E0,7.249355316E0,-2.966501951E0
4.505774109E1,-1.280758262E0,7.158428192E0,-2.784348249E0
4.506011953E1,-1.218544960E0,7.101000309E0,-2.482852697E0
4.506249802E1,-1.414756417E0,6.986145020E0,-2.621636391E0
4.506487567E1,-1.206580877E0,6.928418159E0,-2.389532566E0
4.506725338E1,-8.904291391E-1,6.928418159E0,-1.730908036E0
4.506963182E1,-8.569296002E-1,6.806384087E0,-1.410269856E0
4.507201031E1,-7.827520967E-1,6.713063717E0,-1.228415370E0
4.507438796E1,-7.516453862E-1,6.705885410E0,-9.505487680E-1
4.507676567E1,-8.090731502E-1,6.667600155E0,-7.040880919E-1
4.507914411E1,-7.731808424E-1,6.512066841E0,-7.399803996E-1
4.508152260E1,-6.655037999E-1,6.765706062E0,-6.251249313E-1
4.508390026E1,-5.219344497E-1,6.904489517E0,-4.286143482E-1
4.508627796E1,-4.833501875E-1,7.101000309E0,-3.065803945E-1
4.508865640E1,-5.024927258E-1,7.335496902E0,-8.404789865E-2
4.509103489E1,-5.865406394E-1,7.637291908E0,-2.153540403E-2
4.509341255E1,-7.157530785E-1,8.020143509E0,1.196411327E-1
4.509579026E1,-8.449655175E-1,8.448758125E0,3.086741269E-1
4.509816869E1,-1.045962572E0,9.025727272E0,4.881358147E-1
4.510054718E1,-1.208973646E0,9.576375008E0,6.631109715E-1
4.510292484E1,-1.273579836E0,1.020120144E1,8.353942037E-1
4.510530255E1,-1.386042476E0,1.080688477E1,8.976075649E-1
4.510768098E1,-1.644766450E0,1.129053402E1,1.063011408E0
4.511005948E1,-1.979761600E0,1.187468147E1,1.137188911E0
4.511243713E1,-2.226521492E0,1.233918858E1,1.220937729E0
4.511481484E1,-2.482553482E0,1.274866009E1,1.271187067E0
4.511719328E1,-2.784348249E0,1.305015564E1,1.278365493E0
4.511957177E1,-3.071486950E0,1.329930782E1,1.340578914E0
4.512194942E1,-3.351746321E0,1.354098320E1,1.304686546E0
4.512432713E1,-3.693919897E0,1.375424385E1,1.364507079E0
4.512670557E1,-4.156033993E0,1.393131256E1,1.156331539E0
4.512908406E1,-4.596612453E0,1.405573940E1,9.430712461E-1
4.513146171E1,-4.895715237E0,1.426421356E1,6.511468887E-1
4.513383942E1,-5.156831741E0,1.445324707E1,3.062812984E-1
4.513621786E1,-5.336293697E0,1.450828171E1,9.571290575E-3
4.513859635E1,-5.458327770E0,1.446042538E1,-2.443670183E-1
4.514097401E1,-5.583053589E0,1.415863037E1,-2.132603228E-1
4.514335171E1,-5.501398563E0,1.412513161E1,-4.740779996E-1
4.514573015E1,-5.609374523E0,1.417538071E1,-9.002995491E-1
4.514810864E1,-5.525326729E0,1.400309753E1,-1.257129192E0
4.515048630E1,-5.278865814E0,1.372313690E1,-1.594517231E0
4.515286401E1,-4.962714195E0,1.341177082E1,-1.824527264E0
4.515524244E1,-4.673182487E0,1.312194061E1,-1.989632010E0
4.515762088E1,-4.610969067E0,1.278455257E1,-1.984846354E0
4.515999859E1,-4.570291042E0,1.244207954E1,-2.509173632E0
4.516237630E1,-4.536791801E0,1.213101292E1,-2.674278498E0
4.516475474E1,-4.349852562E0,1.183639622E1,-2.714956284E0
4.516713322E1,-4.290031910E0,1.154207897E1,-2.848954439E0
4.516951088E1,-4.179962158E0,1.115414238E1,-2.961716175E0
4.517188859E1,-4.416851521E0,1.085234833E1,-2.624029160E0
4.517426703E1,-4.630111694E0,1.072313595E1,-2.925823927E0
4.517664552E1,-4.555934429E0,1.052453136E1,-3.093321562E0
4.517902317E1,-4.416851521E0,1.047188950E1,-3.107678413E0
4.518140088E1,-4.287639141E0,1.028495026E1,-2.937788010E0
4.518377932E1,-3.986143351E0,1.010548782E1,-2.870789051E0
4.518615776E1,-3.789632797E0,9.890133858E0,-2.978466034E0
4.518853546E1,-3.701098442E0,9.595518112E0,-3.009572744E0
4.519091317E1,-3.516851187E0,9.368199348E0,-3.038286448E0
4.519329161E1,-3.318246841E0,9.080761909E0,-3.078964472E0
4.519567005E1,-2.963809967E0,8.662017822E0,-3.210569859E0
4.519804776E1,-2.801098108E0,8.381758690E0,-3.294318676E0
4.520042546E1,-2.729014158E0,8.329116821E0,-3.124428272E0
4.520280390E1,-2.750848770E0,8.388936996E0,-2.446960211E0
4.520518234E1,-2.695514679E0,8.693124771E0,-2.679064035E0
4.520756005E1,-2.719442844E0,8.901300430E0,-2.786741018E0
4.520993776E1,-2.683550596E0,9.099904060E0,-2.860918522E0
4.521231619E1,-2.654836655E0,9.102297783E0,-2.813062191E0
4.521469463E1,-2.614158630E0,8.664410591E0,-3.150749207E0
4.521707234E1,-2.508874655E0,8.482256889E0,-2.494816780E0
4.521945000E1,-2.425125837E0,8.657232285E0,-2.334497690E0
4.522182843E1,-2.398804665E0,8.700303078E0,-2.904288530E0
4.522420692E1,-2.396411896E0,8.922835350E0,-3.172284603E0
4.522658463E1,-2.298306227E0,9.140582085E0,-3.011965513E0
4.522896229E1,-2.269592285E0,9.301200867E0,-2.844168901E0
4.523134072E1,-2.305484533E0,9.159725189E0,-2.980858803E0
4.523371921E1,-2.396411896E0,9.037691116E0,-2.707777977E0
4.523609692E1,-2.439482689E0,9.083154678E0,-2.231307030E0
4.523847458E1,-2.489732027E0,9.090332985E0,-2.549851656E0
4.524085302E1,-2.626122952E0,9.236594200E0,-2.877967358E0
4.524323151E1,-2.884846687E0,8.901300430E0,-3.081357241E0
4.524560916E1,-2.767598391E0,8.764909744E0,-2.626421928E0
4.524798687E1,-2.477767944E0,8.944371223E0,-1.982453585E0
4.525036531E1,-2.219342947E0,9.162117958E0,-1.963310957E0
4.525274380E1,-2.391626120E0,9.329915047E0,-2.056631088E0
4.525512145E1,-2.451446772E0,9.370592117E0,-2.204986095E0
4.525749916E1,-2.621337175E0,9.145368576E0,-2.250449657E0
4.525987760E1,-2.750848770E0,8.870193481E0,-2.423032045E0
4.526225609E1,-2.760420084E0,8.724231720E0,-2.276770830E0
4.526463375E1,-2.618944407E0,8.937192917E0,-1.922633052E0
4.526701145E1,-2.573480844E0,9.159725189E0,-2.334497690E0
4.526938989E1,-2.539981127E0,9.279664993E0,-2.612065077E0
4.527176838E1,-2.386840582E0,9.449555397E0,-2.468495607E0
4.527414604E1,-2.336591244E0,9.418449402E0,-1.872383714E0
4.527652375E1,-2.221735716E0,9.722337723E0,-2.231307030E0
4.527890218E1,-2.374876499E0,9.602696419E0,-2.545065880E0
4.528128067E1,-2.516052961E0,9.399306297E0,-2.545065880E0
4.528365833E1,-2.559123755E0,9.200403214E0,-2.827419043E0
4.528603604E1,-2.568695068E0,9.068798065E0,-2.705385208E0
4.528841448E1,-2.487339020E0,9.001798630E0,-2.528316259E0
4.529079296E1,-2.370090723E0,8.992227554E0,-2.432603359E0
4.529317062E1,-2.224128723E0,8.949156761E0,-2.228914261E0
4.529554833E1,-2.137687922E0,9.035298347E0,-1.726122379E0
4.529792677E1,-1.996511340E0,9.195617676E0,-2.001596212E0
4.530030526E1,-1.783550143E0,9.609874725E0,-2.339283228E0
4.530268291E1,-1.560718536E0,9.842277527E0,-2.430210590E0
4.530506062E1,-1.788335800E0,9.212666512E0,-2.078166485E0
4.530743906E1,-1.848156333E0,8.712266922E0,-1.589731574E0
4.530981755E1,-1.661516190E0,8.618648529E0,-1.242772222E0
4.531219520E1,-1.869691849E0,7.941180229E0,-1.944168448E0
4.531457291E1,-2.053939104E0,7.254140854E0,-1.628016710E0
4.531695135E1,-2.008475542E0,7.012465954E0,-1.228415370E0
4.531932984E1,-2.089831591E0,6.923632145E0,-1.106082320E0
4.532170750E1,-1.943869352E0,6.787241459E0,-1.019940615E0
4.532408520E1,-1.448255897E0,7.053143978E0,-6.200401783E-1
4.532646364E1,-1.249651670E0,7.096214771E0,-4.070789516E-1
4.532884213E1,-9.574281573E-1,6.672386169E0,-5.817549825E-1
4.533121979E1,-1.033998489E0,6.964310169E0,-6.323033571E-1
4.533359750E1,-1.177866936E0,7.347461224E0,-6.729813814E-1
4.533597593E1,-1.185045362E0,7.613363266E0,-7.280163169E-1
4.533835442E1,-1.101296663E0,7.929215908E0,-7.471588850E-1
4.534073208E1,-1.041176915E0,8.168797493E0,-7.854440212E-1
4.534310979E1,-9.454640746E-1,8.257331848E0,-9.457631707E-1
4.534548823E1,-7.995018363E-1,8.238189697E0,-1.063011408E0
4.534786671E1,-7.205387354E-1,8.250153542E0,-1.086939692E0
4.535024437E1,-6.942176819E-1,8.286046028E0,-1.177866936E0
4.535262208E1,-6.942176819E-1,8.319544792E0,-1.221236825E0
4.535500052E1,-7.444669604E-1,8.405686378E0,-1.345663667E0
4.535737901E1,-7.899305820E-1,8.513363838E0,-1.417448282E0
4.535975666E1,-8.138588071E-1,8.621041298E0,-1.508375525E0
4.536213437E1,-8.114659786E-1,8.721838951E0,-1.596910000E0
4.536451281E1,-8.090731502E-1,8.803194046E0,-1.671087503E0
4.536689130E1,-8.545367718E-1,8.898907661E0,-1.759921074E0
4.536926895E1,-8.928219676E-1,8.953942299E0,-1.824527264E0
4.537164666E1,-9.502496719E-1,9.004191399E0,-1.922633052E0
4.537402510E1,-1.000499010E0,9.056833267E0,-1.982453585E0
4.537640359E1,-1.070189953E0,9.123832703E0,-2.082952023E0
4.537878125E1,-1.125224829E0,9.188439369E0,-2.135594130E0
4.538115895E1,-1.189831018E0,9.241379738E0,-2.207378864E0
4.538353739E1,-1.275972724E0,9.298808098E0,-2.281556368E0
4.538591588E1,-1.388435364E0,9.349057198E0,-2.375175476E0
4.538829354E1,-1.476969719E0,9.406484604E0,-2.449352980E0
4.539067124E1,-1.601396561E0,9.461520195E0,-2.501995087E0
4.539304968E1,-1.726122379E0,9.511769295E0,-2.542673111E0
4.539542812E1,-1.829013824E0,9.526125908E0,-2.573779821E0
4.539780583E1,-1.929512382E0,9.538089752E0,-2.638386011E0
4.540018354E1,-2.041975021E0,9.521340370E0,-2.671885490E0
4.540256198E1,-2.166401863E0,9.504590988E0,-2.691028118E0
4.540494041E1,-2.295913219E0,9.511769295E0,-2.719742060E0
4.540731807E1,-2.370090723E0,9.518947601E0,-2.734098911E0
4.540969578E1,-2.499303341E0,9.514162064E0,-2.760420084E0
4.541207421E1,-2.638087034E0,9.459127426E0,-2.750848770E0
4.541445270E1,-2.769991398E0,9.384949684E0,-2.736491680E0
4.541683036E1,-2.908775091E0,9.358628273E0,-2.743670225E0
4.541920807E1,-2.992523909E0,9.286844254E0,-2.695813894E0
4.542158651E1,-3.138485909E0,9.231808662E0,-2.650350094E0
4.542396500E1,-3.286840916E0,9.157332420E0,-2.647957325E0
4.542634265E1,-3.392424345E0,9.102297783E0,-2.609672308E0
4.542872036E1,-3.452244759E0,9.016156197E0,-2.609672308E0
4.543109880E1,-3.519243956E0,8.963513374E0,-2.597707987E0
4.543347729E1,-3.598206997E0,8.851051331E0,-2.612065077E0
4.543585494E1,-3.691527128E0,8.786444664E0,-2.679064035E0
4.543823265E1,-3.751347780E0,8.729017258E0,-2.719742060E0
4.544061109E1,-3.777668715E0,8.649754524E0,-2.784348249E0
4.544298958E1,-3.784847260E0,8.568398476E0,-2.880360365E0
4.544536724E1,-3.799204111E0,8.527720451E0,-2.968894720E0
4.544774494E1,-3.825525284E0,8.499007225E0,-3.043072224E0
4.545012338E1,-3.856631994E0,8.446364403E0,-3.157927752E0
4.545250187E1,-3.815953970E0,8.403293610E0,-3.208176851E0
4.545487953E1,-3.815953970E0,8.365009308E0,-3.246462107E0
4.545725724E1,-3.803989887E0,8.314759254E0,-3.272783279E0
4.545963567E1,-3.801596880E0,8.305188179E0,-3.263211966E0
4.546201416E1,-3.789632797E0,8.293224335E0,-3.287140131E0
4.546439182E1,-3.760919094E0,8.274081230E0,-3.246462107E0
4.546676953E1,-3.710669756E0,8.329116821E0,-3.294318676E0
4.546914796E1,-3.667598963E0,8.262117386E0,-3.217748165E0
4.547152645E1,-3.713062525E0,8.214261055E0,-3.157927752E0
4.547390411E1,-3.722633839E0,8.226224899E0,-3.102892876E0
4.547628182E1,-3.643670797E0,8.250153542E0,-3.088535786E0
4.547866026E1,-3.607778311E0,8.245368004E0,-3.057429075E0
4.548103874E1,-3.533600807E0,8.204689980E0,-3.004786968E0
4.548341640E1,-3.449851990E0,8.209475517E0,-3.002394199E0
4.548579411E1,-3.413959742E0,8.183154106E0,-3.016751051E0
4.548817255E1,-3.354139090E0,8.183154106E0,-3.023929596E0
4.549055104E1,-3.282055378E0,8.159226418E0,-3.047857761E0
4.549292869E1,-3.217449188E0,8.152048111E0,-3.052643538E0
4.549530640E1,-3.164807081E0,8.142476082E0,-3.143570662E0
4.549768484E1,-3.076272726E0,8.149654388E0,-3.181855917E0
4.550006333E1,-3.040380239E0,8.113762856E0,-3.215355396E0
4.550244098E1,-2.985345364E0,8.053643227E0,-3.258426189E0
4.550481869E1,-2.920739174E0,8.029714584E0,-3.308675528E0
4.550719713E1,-2.880061150E0,7.972286701E0,-3.332603693E0
4.550957557E1,-2.844168901E0,7.917252064E0,-3.363710403E0
4.551195328E1,-2.817847729E0,7.850253105E0,-3.409173965E0
4.551433098E1,-2.762812853E0,7.819146156E0,-3.469293833E0
4.551670942E1,-2.726621389E0,7.790432453E0,-3.536292791E0
4.551908786E1,-2.712264538E0,7.716254711E0,-3.567399502E0
4.552146557E1,-2.717050076E0,7.673183918E0,-3.565006733E0
4.552384328E1,-2.719442844E0,7.642077446E0,-3.605684519E0
4.552622171E1,-2.733799934E0,7.663612843E0,-3.617648840E0
4.552860015E1,-2.750848770E0,7.630113125E0,-3.651148319E0
4.553097781E1,-2.779562712E0,7.646862984E0,-3.696611881E0
4.553335552E1,-2.841775894E0,7.651648521E0,-3.706183195E0
4.553573395E1,-2.932703257E0,7.620542049E0,-3.713361740E0
4.553811244E1,-2.994916677E0,7.587042332E0,-3.715754509E0
4.554049010E1,-3.052344322E0,7.594220638E0,-3.734897137E0
4.554286781E1,-3.109772205E0,7.668398380E0,-3.763610840E0
4.554524624E1,-3.160021305E0,7.744968891E0,-3.792324781E0
4.554762474E1,-3.219841957E0,7.780860901E0,-3.794717550E0
4.555000239E1,-3.289233923E0,7.881359577E0,-3.825824261E0
4.555238010E1,-3.361317635E0,7.991429329E0,-3.840181351E0
4.555475854E1,-3.406781197E0,8.116155624E0,-3.813860178E0
4.555713703E1,-3.454637766E0,8.242975235E0,-3.813860178E0
4.555951468E1,-3.497708559E0,8.386544228E0,-3.809074640E0
4.556189239E1,-3.516851187E0,8.534899712E0,-3.804288864E0
4.556427083E1,-3.564707518E0,8.690732002E0,-3.768396616E0
4.556664932E1,-3.595814228E0,8.822337151E0,-3.710968733E0
4.556902698E1,-3.622135162E0,8.898907661E0,-3.605684519E0
4.557140468E1,-3.619742393E0,8.949156761E0,-3.481257915E0
4.557378312E1,-3.650849104E0,9.018548965E0,-3.363710403E0
4.557616161E1,-3.614956856E0,9.075976372E0,-3.256033421E0
4.557853927E1,-3.586242914E0,9.114261627E0,-3.155534744E0
4.558091698E1,-3.538386583E0,9.171689034E0,-3.074178934E0
4.558329541E1,-3.466601849E0,9.169296265E0,-3.004786968E0
4.558567390E1,-3.435495138E0,9.166903496E0,-2.933002472E0
4.558805156E1,-3.361317635E0,9.181260109E0,-2.873181820E0
4.559042927E1,-3.325425386E0,9.157332420E0,-2.846561670E0
4.559280770E1,-3.253341436E0,9.135796547E0,-2.791526794E0
4.559518619E1,-3.207877874E0,9.119047165E0,-2.793919563E0
4.559756385E1,-3.195913792E0,9.068798065E0,-2.741277456E0
4.559994156E1,-3.152842999E0,9.013762474E0,-2.722134829E0
4.560232000E1,-3.148057222E0,8.965906143E0,-2.712563515E0
4.560469843E1,-3.121736288E0,8.872586250E0,-2.688635349E0
4.560707614E1,-3.109772205E0,8.788837433E0,-2.628814697E0
4.560945385E1,-3.121736288E0,8.733802795E0,-2.614457846E0
4.561183229E1,-3.119343519E0,8.673981667E0,-2.595315218E0
4.561421072E1,-3.109772205E0,8.625826836E0,-2.597707987E0
4.561658843E1,-3.076272726E0,8.599505424E0,-2.628814697E0
4.561896614E1,-3.069094181E0,8.549256325E0,-2.626421928E0
4.562134458E1,-3.061915636E0,8.537292480E0,-2.659921408E0
4.562372302E1,-3.006880760E0,8.484649658E0,-2.674278498E0
4.562610067E1,-2.997309446E0,8.501399994E0,-2.671885490E0
4.562847838E1,-2.966202736E0,8.506185532E0,-2.650350094E0
4.563085682E1,-2.956631422E0,8.515756607E0,-2.609672308E0
4.563323531E1,-2.942274570E0,8.577970505E0,-2.557030201E0
4.563561296E1,-2.908775091E0,8.657232285E0,-2.501995087E0
4.563799067E1,-2.892025232E0,8.714659691E0,-2.444567442E0
4.564036911E1,-2.870489836E0,8.815158844E0,-2.432603359E0
4.564274760E1,-2.841775894E0,8.973084450E0,-2.408675194E0
4.564512526E1,-2.784348249E0,9.181260109E0,-2.446960211E0
4.564750296E1,-2.705085993E0,9.384949684E0,-2.478066921E0
4.564988140E1,-2.633301258E0,9.617053032E0,-2.525923491E0
4.565225989E1,-2.554338217E0,9.916455269E0,-2.609672308E0
4.565463755E1,-2.434697151E0,1.022991467E1,-2.657528639E0
4.565701526E1,-2.374876499E0,1.060828018E1,-2.722134829E0
4.565939369E1,-2.327019930E0,1.095793152E1,-2.767598391E0
4.566177218E1,-2.295913219E0,1.130967617E1,-2.817847729E0
4.566414984E1,-2.238485575E0,1.164736366E1,-2.865704298E0
4.566652755E1,-2.200200319E0,1.198475170E1,-2.925823927E0
4.566890598E1,-2.130509377E0,1.227458191E1,-2.923431158E0
4.567128448E1,-2.068295956E0,1.254497051E1,-2.928216696E0
4.567366213E1,-2.041975021E0,1.274626732E1,-2.906681299E0
4.567603984E1,-2.020439625E0,1.288744354E1,-2.904288530E0
4.567841828E1,-2.018046856E0,1.300947762E1,-2.815454960E0
4.568079677E1,-1.996511340E0,1.309083366E1,-2.748456001E0
4.568317442E1,-2.022832394E0,1.312672615E1,-2.667099953E0
4.568555213E1,-2.025225163E0,1.319402409E1,-2.566601276E0
4.568793057E1,-2.010868311E0,1.317966747E1,-2.478066921E0
4.569030901E1,-1.982154489E0,1.316052437E1,-2.406282187E0
4.569268671E1,-1.943869352E0,1.312672615E1,-2.295913219E0
4.569506437E1,-1.855334878E0,1.309801197E1,-2.271985054E0
4.569744281E1,-1.785943031E0,1.300708485E1,-2.209771633E0
4.569982130E1,-1.778764486E0,1.288265800E1,-2.224128723E0
4.570219901E1,-1.783550143E0,1.267687511E1,-2.228914261E0
4.570457666E1,-1.821835399E0,1.249711418E1,-2.236092806E0
4.570695510E1,-1.829013824E0,1.232004547E1,-2.252842426E0
4.570933359E1,-1.857727647E0,1.207358456E1,-2.262413740E0
4.571171130E1,-1.855334878E0,1.181725407E1,-2.219342947E0
4.571408895E1,-1.896012783E0,1.147986603E1,-2.212164640E0
4.571646739E1,-1.953440547E0,1.113260746E1,-2.245664120E0
4.571884588E1,-2.080260277E0,1.081406307E1,-2.303091764E0
4.572122354E1,-2.128116608E0,1.046231747E1,-2.370389938E0
4.572360125E1,-2.200200319E0,1.015813065E1,-2.411067963E0
4.572597968E1,-2.248056889E0,9.923633575E0,-2.437388897E0
4.572835817E1,-2.269592285E0,9.684052467E0,-2.492423773E0
4.573073583E1,-2.279163599E0,9.456734657E0,-2.528316259E0
4.573311354E1,-2.267199516E0,9.255737305E0,-2.552244425E0
4.573549198E1,-2.233700037E0,9.123832703E0,-2.497209549E0
4.573787046E1,-2.164009094E0,8.956335068E0,-2.437388897E0
4.574024812E1,-2.092224360E0,8.843872070E0,-2.344068766E0
4.574262583E1,-2.073081732E0,8.714659691E0,-2.240878344E0
4.574500427E1,-2.099402666E0,8.566005707E0,-2.080559254E0
4.574738276E1,-2.149652004E0,8.420043945E0,-1.886740685E0
4.574976041E1,-2.197807550E0,8.341080666E0,-1.721336842E0
4.575213812E1,-2.226521492E0,8.240582466E0,-1.513161182E0
4.575451656E1,-2.250449657E0,8.185546875E0,-1.326521039E0
4.575689500E1,-2.224128723E0,8.156833649E0,-1.130010486E0
4.575927270E1,-2.207378864E0,8.089534760E0,-9.218349457E-1
4.576165041E1,-2.161616087E0,8.029714584E0,-7.543373108E-1
4.576402885E1,-2.082653046E0,8.024929047E0,-6.224330068E-1
4.576640729E1,-1.994118571E0,8.003393173E0,-4.860421121E-1
4.576878494E1,-1.843370795E0,7.950751305E0,-2.970091105E-1
4.577116265E1,-1.687837243E0,7.981858253E0,-1.175474152E-1
4.577354114E1,-1.610967875E0,7.948358536E0,4.546362907E-2
4.577591958E1,-1.374078393E0,8.034500122E0,1.220339537E-1
4.577829724E1,-8.401798606E-1,8.252546310E0,5.195416212E-1
4.578067494E1,-1.014855862E0,8.331509590E0,1.435693651E-1
4.578305338E1,-1.409970760E0,8.290831566E0,-9.074779749E-1
4.578543187E1,-9.957132936E-1,8.417651176E0,-7.567301393E-1
4.578780953E1,-7.875377536E-1,8.510971069E0,-6.200401783E-1
4.579018724E1,-7.755736113E-1,8.657232285E0,-1.177866936E0
4.579256567E1,-8.258228898E-1,8.934800148E0,-1.630409479E0
4.579494416E1,-6.535396576E-1,9.150154114E0,-1.568196177E0
4.579732182E1,-1.019641519E0,9.190832138E0,-1.642373681E0
4.579969953E1,-1.206580877E0,9.351449966E0,-1.848455548E0
4.580207796E1,-1.062712312E0,9.573982239E0,-1.814955950E0
4.580445645E1,-1.240080357E0,9.643374443E0,-2.137987137E0
4.580683411E1,-1.398006678E0,9.976275444E0,-2.454138756E0
4.580921182E1,-1.405185103E0,1.016770172E1,-2.966501951E0
4.581159026E1,-1.345364571E0,1.036421204E1,-3.351746321E0
4.581396875E1,-1.371685624E0,1.034985542E1,-3.730111361E0
4.581634640E1,-1.175474167E0,1.069681454E1,-3.401995659E0
4.581872411E1,-1.173081279E0,1.112303638E1,-3.581756353E0
4.582110255E1,-1.065105200E0,1.161147118E1,-3.565006733E0
4.582348104E1,-6.846463680E-1,1.199432278E1,-3.052643538E0
4.582585869E1,-1.026820064E0,1.193210888E1,-3.550649643E0
4.582823640E1,-1.374078393E0,1.184357452E1,-4.063013077E0
4.583061484E1,-1.649552107E0,1.145324516E1,-4.213760853E0
4.583299328E1,-2.018046856E0,1.106560802E1,-4.314259052E0
4.583537099E1,-2.252842426E0,1.073270702E1,-4.503292084E0
4.583774869E1,-2.238485575E0,1.051735306E1,-4.409972191E0
4.584012713E1,-2.106581211E0,1.031366348E1,-4.170690060E0
4.584250557E1,-1.986940145E0,1.011266708E1,-4.010370731E0
4.584488323E1,-1.903191328E0,9.894919395E0,-3.864109516E0
4.584726093E1,-1.750050664E0,9.751050949E0,-3.701397419E0
4.584963937E1,-1.565504193E0,9.652945518E0,-3.541078329E0
4.585201786E1,-1.460219979E0,9.506983757E0,-3.380460262E0
4.585439552E1,-1.285543919E0,9.363413811E0,-3.363710403E0
4.585677323E1,-1.165902853E0,9.215059280E0,-3.311068296E0
4.585915166E1,-1.000499010E0,9.102297783E0,-3.224926710E0
4.586153015E1,-8.210372925E-1,9.032905579E0,-3.067000389E0
4.586390781E1,-3.589234054E-1,9.274879456E0,-2.248056889E0
4.586628552E1,-7.372884750E-1,8.851051331E0,-2.662314177E0
4.586866395E1,-7.755736113E-1,8.640183449E0,-2.875574589E0
4.587104244E1,-6.128616929E-1,8.589934349E0,-2.621636391E0
4.587342010E1,-3.397808075E-1,8.592327118E0,-2.312962294E0
4.587579781E1,-1.316052526E-1,8.589934349E0,-2.104487419E0
4.587817625E1,1.175474152E-1,8.743373871E0,-2.638386011E0
4.588055474E1,1.606182158E-1,8.729017258E0,-2.356033087E0
4.588293239E1,1.127617657E-1,8.563612938E0,-1.975275040E0
4.588531010E1,-2.153540403E-2,8.455936432E0,-1.965703845E0
4.588768854E1,3.589234129E-2,8.642576218E0,-2.176272154E0
4.589006703E1,2.204387933E-1,8.851051331E0,-2.348854542E0
4.589244468E1,3.041875660E-1,8.937192917E0,-2.497209549E0
4.589482239E1,2.706880569E-1,8.956335068E0,-2.621636391E0
4.589720083E1,2.970091105E-1,8.980263710E0,-2.671885490E0
4.589957927E1,4.453641176E-1,9.365806580E0,-3.730111361E0
4.590195698E1,9.122636169E-2,9.909276962E0,-3.651148319E0
4.590433468E1,2.132603228E-1,9.473484039E0,-2.312962294E0
4.590671312E1,-5.024927482E-2,9.152546883E0,-1.824527264E0
4.590909156E1,-2.009970993E-1,9.114261627E0,-2.240878344E0
4.591146921E1,-2.536391914E-1,9.190832138E0,-2.659921408E0
4.591384692E1,-2.656033039E-1,9.310771942E0,-2.906681299E0
4.591622536E1,-2.009970993E-1,9.629017830E0,-2.870789051E0
4.591860385E1,1.701895148E-1,9.844670296E0,-1.879562140E0
4.592098151E1,-2.871387303E-1,9.741479874E0,-2.885145903E0
4.592335921E1,-6.248258352E-1,9.614660263E0,-3.373281717E0
4.592573765E1,-7.612167001E-1,9.830313683E0,-5.252843857E0
4.592811614E1,-8.784649968E-1,9.466305733E0,-5.437091351E0
4.593049380E1,-1.168295622E0,9.164510727E0,-3.938287020E0
4.593287151E1,-1.232901812E0,8.827122688E0,-3.138785124E0
4.593524994E1,-1.472184181E0,8.599505424E0,-2.473281384E0
4.593762843E1,-1.527219057E0,8.764909744E0,-2.626421928E0
4.594000609E1,-1.465005636E0,9.380164146E0,-2.836990356E0
4.594238380E1,-1.287936807E0,9.997811317E0,-2.952144861E0
4.594476224E1,-1.201795220E0,1.035464096E1,-2.971287489E0
4.594714073E1,-1.225723386E0,1.036181927E1,-3.081357241E0
4.594951838E1,-1.292722464E0,1.042881870E1,-2.868396044E0
4.595189609E1,-9.502496719E-1,1.096989536E1,-2.250449657E0
4.595427453E1,-1.041176915E0,1.083559799E1,-1.616052628E0
4.595665296E1,-2.101795673E0,1.101535892E1,-2.858525753E0
4.595903062E1,-1.922333837E0,1.084756279E1,-2.659921408E0
4.596140833E1,-1.951047778E0,1.064895821E1,-3.172284603E0
4.596378682E1,-1.606182218E0,1.073509979E1,-3.088535786E0
4.596616526E1,-1.319043517E0,1.089063358E1,-5.307878971E0
4.596854291E1,-1.266401410E0,1.026102161E1,-3.576970816E0
4.597092062E1,-1.390828133E0,9.760622978E0,-2.887538671E0
4.597329906E1,-1.443470240E0,9.559625626E0,-1.290628672E0
4.597567755E1,-1.405185103E0,9.808777809E0,-1.269093275E0
4.597805520E1,-1.354935765E0,1.006480980E1,-1.850848317E0
4.598043291E1,-1.299900889E0,1.021316528E1,-2.283949137E0
4.598281135E1,-1.283151150E0,1.024905777E1,-2.528316259E0
4.598518984E1,-1.259222865E0,1.013898754E1,-2.662314177E0
4.598756750E1,-1.271187067E0,9.981060982E0,-2.712563515E0
4.598994520E1,-1.278365493E0,9.880562782E0,-2.753241539E0
4.599232364E1,-1.462612867E0,9.923633575E0,-2.772384167E0
4.599470213E1,-1.939083695E0,1.003370380E1,-2.734098911E0
4.599707979E1,-1.695015788E0,9.794421196E0,-2.734098911E0
4.599945750E1,-1.374078393E0,9.612267494E0,-2.693420887E0
4.600183593E1,-1.118046403E0,9.451948166E0,-2.659921408E0
4.600421442E1,-9.143573642E-1,9.272486687E0,-2.664707184E0
4.600659208E1,-7.995018363E-1,9.145368576E0,-2.683849812E0
4.600896979E1,-7.277171612E-1,9.037691116E0,-2.741277456E0
4.601134823E1,-6.487540603E-1,8.956335068E0,-2.813062191E0
4.601372666E1,-5.530411601E-1,9.545269012E0,-1.968096614E0
4.601610437E1,-8.880363107E-1,9.222237587E0,-1.599302888E0
4.601848203E1,-1.476969719E0,9.126225471E0,-3.150749207E0
4.602086046E1,-1.460219979E0,8.846264839E0,-3.581756353E0
4.602323895E1,-1.151545882E0,8.712266922E0,-3.454936743E0
4.602561661E1,-8.904291391E-1,8.644968987E0,-3.358924866E0
4.602799432E1,-6.463612318E-1,8.563612938E0,-3.299104214E0
4.603037276E1,-5.769693851E-1,8.544470787E0,-3.224926710E0
4.603275124E1,-6.463612318E-1,8.575576782E0,-3.145963669E0
4.603512890E1,-7.803592682E-1,8.613862038E0,-3.100499868E0
4.603750661E1,-9.406784177E-1,8.717052460E0,-3.129213810E0
4.603988505E1,-7.875377536E-1,8.807980537E0,-5.255236626E0
4.604226354E1,-8.090731502E-1,8.051250458E0,-4.472185612E0
4.604464119E1,-1.180259824E0,7.941180229E0,-2.588136673E0
4.604701890E1,-1.421934843E0,8.611469269E0,-1.740479350E0
4.604939734E1,-1.319043517E0,9.212666512E0,-2.032702923E0
4.605177583E1,-1.175474167E0,9.339486122E0,-2.552244425E0
4.605415348E1,-1.101296663E0,9.325128555E0,-2.875574589E0
4.605653119E1,-1.024427176E0,9.207581520E0,-3.064607620E0
4.605890963E1,-1.053141117E0,9.107083321E0,-3.244069338E0
4.606128807E1,-1.146760225E0,9.111868858E0,-3.308675528E0
4.606366578E1,-1.455434322E0,9.308379173E0,-3.318246841E0
4.606604348E1,-1.788335800E0,9.600303650E0,-3.275176048E0
4.606842192E1,-2.140080690E0,9.959526062E0,-1.858026743E0
4.607080036E1,-1.510469317E0,9.748658180E0,-2.676671267E0
4.607317802E1,-1.165902853E0,9.334700584E0,-3.670290947E0
4.607555572E1,-8.976075649E-1,9.049654961E0,-3.761218071E0
4.607793416E1,-7.707880139E-1,8.894122124E0,-3.658326626E0
4.608031265E1,-7.133602500E-1,8.846264839E0,-3.545864105E0
4.608269031E1,-7.396813035E-1,8.920442581E0,-3.373281717E0
4.608506802E1,-9.047860503E-1,9.023334503E0,-3.167499065E0
4.608744645E1,-1.194616675E0,9.068798065E0,-3.153141975E0
4.608982494E1,-1.374078393E0,9.186046600E0,-2.679064035E0
4.609220260E1,-1.481755376E0,9.827920914E0,-2.142772675E0
4.609458031E1,-1.352542996E0,1.014377308E1,-4.201796532E0
4.609695874E1,-2.240878344E0,1.042881870E1,-3.835395575E0
4.609933724E1,-2.193022013E0,9.741479874E0,-2.691028118E0
4.610171489E1,-1.943869352E0,9.052047729E0,-1.120439172E0
4.610409260E1,-1.912762642E0,8.621041298E0,-1.115653515E0
4.610647104E1,-1.584646821E0,8.855836868E0,-2.214557409E0
4.610884953E1,-1.278365493E0,9.334700584E0,-2.564208508E0
4.611122718E1,-8.928219676E-1,9.772586823E0,-2.600100994E0
4.611360489E1,-9.071788788E-1,1.030887794E1,-2.255235434E0
4.611598333E1,-1.510469317E0,1.016291618E1,-1.403091431E0
4.611836177E1,-1.618146300E0,9.825528145E0,-2.930609465E0
4.612073942E1,-1.498505235E0,9.394520760E0,-3.306282759E0
4.612311713E1,-1.185045362E0,9.188439369E0,-3.172284603E0
4.612549557E1,-9.885348678E-1,9.111868858E0,-3.064607620E0
4.612787406E1,-9.263214469E-1,9.092725754E0,-2.916252613E0
4.613025171E1,-9.598209858E-1,9.456734657E0,-2.559422970E0
4.613262942E1,-1.197009563E0,9.545269012E0,-1.379163146E0
4.613500786E1,-1.900798440E0,9.590732574E0,-2.600100994E0
4.613738635E1,-2.264806747E0,9.425627708E0,-3.119642496E0
4.613976401E1,-1.900798440E0,9.303593636E0,-3.059821844E0
4.614214171E1,-1.510469317E0,9.274879456E0,-2.868396044E0
4.614452015E1,-1.421934843E0,9.777671814E0,-1.891526341E0
4.614689864E1,-1.539183140E0,9.423234940E0,-2.499602318E0
4.614927630E1,-1.438684583E0,9.099904060E0,-3.421138287E0
4.615165401E1,-1.252044439E0,8.882157326E0,-3.363710403E0
4.615403244E1,-1.036391258E0,8.786444664E0,-3.284747362E0
4.615641093E1,-9.382855892E-1,8.781659126E0,-3.122035265E0
4.615878859E1,-8.832506537E-1,9.289237022E0,-1.874776483E0
4.616116630E1,-1.532004714E0,9.138189316E0,-2.530709028E0
4.616354474E1,-1.338186026E0,9.466305733E0,-7.000501633E0
4.616592317E1,-1.524826288E0,9.195617676E0,-4.840979099E0
4.616830083E1,-1.347757339E0,8.374580383E0,-2.137987137E0
4.617067854E1,-1.338186026E0,7.368996620E0,-1.388734460E0
4.617305698E1,-1.967797518E0,7.594220638E0,-1.307378531E0
4.617543546E1,-1.539183140E0,8.690732002E0,-1.807777524E0
4.617781312E1,-1.043569803E0,9.166903496E0,-2.523530483E0
4.618019083E1,-8.306085467E-1,9.138189316E0,-3.078964472E0
4.618256927E1,-8.784649968E-1,8.999405861E0,-3.291925669E0
4.618494776E1,-1.033998489E0,8.882157326E0,-3.423531055E0
4.618732541E1,-1.158724308E0,8.800801277E0,-3.495614767E0
4.618970312E1,-1.120439172E0,8.678768158E0,-3.471686602E0
4.619208156E1,-9.957132936E-1,8.611469269E0,-3.483650684E0
4.619446005E1,-8.617152572E-1,8.546863556E0,-3.421138287E0
4.619683770E1,-1.309472203E0,9.270093918E0,-2.561815739E0
4.619921541E1,-1.675873160E0,9.040083885E0,-1.881955028E0
4.620159385E1,-1.165902853E0,8.781659126E0,-3.605684519E0
4.620397234E1,-8.162516356E-1,8.422436714E0,-3.947858334E0
4.620635000E1,-4.402793646E-1,8.238189697E0,-3.844966888E0
4.620872770E1,-3.397808075E-1,8.211868286E0,-3.665505171E0
4.621110614E1,-1.134796143E0,8.898907661E0,-2.324926376E0
4.621348458E1,-1.132403374E0,8.702695847E0,-2.647957325E0
4.621586224E1,-8.688937426E-1,8.427222252E0,-3.581756353E0
4.621823994E1,-6.631109715E-1,8.286046028E0,-3.792324781E0
4.622061838E1,-5.793621540E-1,8.199904442E0,-3.665505171E0
4.622299687E1,-5.410770178E-1,8.166404724E0,-3.445365429E0
4.622537453E1,-5.051847100E-1,8.125726700E0,-3.208176851E0
4.622775224E1,-5.817549825E-1,8.147261620E0,-3.150749207E0
4.623013067E1,-9.358927608E-1,8.800801277E0,-2.492423773E0
4.623250916E1,-1.524826288E0,8.817551613E0,-1.723729610E0
4.623488682E1,-1.558325768E0,8.877371788E0,-3.069393158E0
4.623726453E1,-1.462612867E0,8.822337151E0,-3.452543974E0
4.623964296E1,-9.837492108E-1,8.697910309E0,-3.349353552E0
4.624202145E1,-4.977070987E-1,8.585148811E0,-3.160320520E0
4.624439911E1,-2.129612118E-1,8.542078018E0,-3.040679455E0
4.624677682E1,-8.614161611E-2,8.470293045E0,-3.016751051E0
4.624915526E1,-2.321037948E-1,8.568398476E0,-2.961716175E0
4.625153369E1,-4.307080805E-1,8.819944382E0,-2.793919563E0
4.625391140E1,-5.051847100E-1,9.157332420E0,-2.547458887E0
4.625628911E1,-1.579262912E-1,9.224630356E0,-6.140880108E0
4.625866755E1,-3.852444589E-1,8.391329765E0,-3.710968733E0
4.626104598E1,-8.665009141E-1,8.216653824E0,-1.091725349E0
4.626342364E1,-1.192223907E0,9.126225471E0,-0.000000000E0
4.626580135E1,-8.712865710E-1,1.000498962E1,-9.146564603E-1
4.626817979E1,-4.594219327E-1,1.020598698E1,-2.142772675E0
4.627055828E1,-1.818545163E-1,1.007198906E1,-2.691028118E0
4.627293593E1,-5.742774159E-2,9.851848602E0,-2.885145903E0
4.627531354E1,-6.460621208E-2,9.734301567E0,-2.865704298E0
4.627769140E1,-9.092725813E-2,9.684052467E0,-2.906681299E0
4.628006927E1,-1.292124242E-1,9.703194618E0,-2.933002472E0
4.628244713E1,-1.627119333E-1,9.626625061E0,-2.921038151E0
4.628482500E1,-1.507478207E-1,9.605089188E0,-2.935395241E0
4.628720286E1,-1.770688742E-1,9.566803932E0,-2.892324448E0
4.628958072E1,-2.129612118E-1,9.528518677E0,-3.031108141E0
4.629195859E1,-1.938186288E-1,9.545269012E0,-3.019144058E0
4.629433645E1,-2.153540403E-1,9.480662346E0,-3.150749207E0
4.629671573E1,-2.297109663E-1,9.444769859E0,-3.236890793E0
4.629909500E1,-2.512463629E-1,9.392127991E0,-3.287140131E0
4.630147286E1,-2.488535494E-1,9.317950249E0,-3.289532900E0
4.630385073E1,-2.344966233E-1,9.274879456E0,-3.244069338E0
4.630622859E1,-2.464607358E-1,9.219844818E0,-3.270390272E0
4.630860645E1,-2.632105052E-1,9.178867340E0,-3.217748165E0
4.631098432E1,-2.584248483E-1,9.123832703E0,-3.260818958E0
4.631336218E1,-2.919243574E-1,9.071190834E0,-3.263211966E0
4.631574005E1,-2.967100143E-1,8.994620323E0,-3.241676569E0
4.631811791E1,-3.182454109E-1,8.941978455E0,-3.224926710E0
4.632049640E1,-3.302095234E-1,8.884550095E0,-3.232105255E0
4.632287494E1,-3.349951804E-1,8.841479301E0,-3.179463148E0
4.632525281E1,-3.780659735E-1,8.796015739E0,-3.177070379E0
4.632763067E1,-4.331009090E-1,8.731410027E0,-3.133999348E0
4.633000854E1,-4.546363056E-1,8.714659691E0,-3.071786165E0
4.633238640E1,-4.522434771E-1,8.712266922E0,-3.011965513E0
4.633476427E1,-4.666004181E-1,8.705088615E0,-2.952144861E0
4.633714213E1,-5.024927258E-1,8.717052460E0,-2.925823927E0
4.633952000E1,-5.315057039E-1,8.755337715E0,-2.873181820E0
4.634189786E1,-5.506483316E-1,8.805587769E0,-2.801098108E0
4.634427572E1,-5.865406394E-1,8.865407944E0,-2.760420084E0
4.634665359E1,-6.080760360E-1,8.977870941E0,-2.746062994E0
4.634903265E1,-5.937191248E-1,9.052047729E0,-2.710170746E0
4.635141187E1,-6.032904387E-1,9.152546883E0,-2.681456804E0
4.635379031E1,-6.176473498E-1,9.260522842E0,-2.693420887E0
4.635616880E1,-6.080760360E-1,9.368199348E0,-2.638386011E0
4.635854645E1,-6.032904387E-1,9.516554832E0,-2.640778780E0
4.636092416E1,-6.176473498E-1,9.650552750E0,-2.640778780E0
4.636330260E1,-6.343970895E-1,9.753444672E0,-2.674278498E0
4.636568109E1,-6.774678826E-1,9.918848038E0,-2.633600473E0
4.636805875E1,-7.492526174E-1,1.003370380E1,-2.609672308E0
4.637043645E1,-8.234301209E-1,1.013659477E1,-2.576172590E0
4.637281489E1,-8.688937426E-1,1.026102161E1,-2.533101797E0
4.637519333E1,-9.598209858E-1,1.034746265E1,-2.468495607E0
4.637757104E1,-1.010070205E0,1.041924667E1,-2.411067963E0
4.637994874E1,-1.089332461E0,1.052213860E1,-2.356033087E0
4.638232718E1,-1.115653515E0,1.059870911E1,-2.264806747E0
4.638470562E1,-1.134796143E0,1.069920731E1,-2.207378864E0
4.638708328E1,-1.098903775E0,1.077577782E1,-2.123630047E0
4.638946098E1,-1.077368379E0,1.087388325E1,-2.068595171E0
4.639183942E1,-1.062712312E0,1.096750259E1,-2.001596212E0
4.639421791E1,-1.045962572E0,1.105364418E1,-1.922633052E0
4.639659557E1,-9.861420393E-1,1.114457130E1,-1.886740685E0
4.639897328E1,-9.334999323E-1,1.123071289E1,-1.822134495E0
4.640135171E1,-8.784649968E-1,1.132642555E1,-1.695015788E0
4.640373020E1,-8.569296002E-1,1.139342499E1,-1.623231053E0
4.640610786E1,-8.282157183E-1,1.145085239E1,-1.553839207E0
4.640848557E1,-8.114659786E-1,1.152532959E1,-1.450947881E0
4.641086401E1,-7.779664397E-1,1.154207897E1,-1.352842093E0
4.641324250E1,-7.468597889E-1,1.157079315E1,-1.293021560E0
4.641562015E1,-7.301099896E-1,1.153011513E1,-1.206879973E0
4.641799786E1,-6.942176819E-1,1.151575851E1,-1.120439172E0
4.642037630E1,-6.583253145E-1,1.143171024E1,-1.079761267E0
4.642275474E1,-5.961119533E-1,1.136710358E1,-1.022333503E0
4.642513239E1,-5.362913609E-1,1.126181984E1,-9.625129104E-1
4.642751010E1,-5.171487927E-1,1.113260746E1,-9.314061999E-1
4.642988854E1,-5.219344497E-1,1.101775169E1,-8.787640929E-1
4.643226703E1,-5.195416212E-1,1.086191940E1,-8.691928387E-1
4.643464468E1,-5.386841893E-1,1.072792149E1,-8.691928387E-1
4.643702239E1,-5.458626747E-1,1.057717323E1,-8.691928387E-1
4.643940083E1,-5.865406394E-1,1.041924667E1,-8.715856671E-1
4.644177932E1,-5.985047817E-1,1.026580715E1,-9.098708034E-1
4.644415698E1,-6.200401783E-1,1.012702370E1,-9.361918569E-1
4.644653468E1,-6.798607111E-1,1.000977516E1,-9.529415965E-1
4.644891312E1,-6.607181430E-1,9.854242325E0,-9.601200819E-1
4.645129161E1,-7.037889361E-1,9.724730492E0,-9.768698215E-1
4.645366927E1,-7.277171612E-1,9.595518112E0,-1.077368379E0
4.645604698E1,-7.301099896E-1,9.416056633E0,-1.122832060E0
4.645842541E1,-8.306085467E-1,9.291629791E0,-1.173081279E0
4.646080385E1,-9.071788788E-1,9.157332420E0,-1.252343535E0
4.646318151E1,-8.449655175E-1,9.025727272E0,-1.316949725E0
4.646555921E1,-9.071788788E-1,8.958727837E0,-1.362413406E0
4.646793765E1,-8.976075649E-1,8.822337151E0,-1.403091431E0
4.647031614E1,-1.033998489E0,8.721838951E0,-1.558624864E0
4.647269380E1,-1.029212832E0,8.606683731E0,-1.668694735E0
4.647507151E1,-1.057926655E0,8.549256325E0,-1.635195136E0
4.647744994E1,-1.050748229E0,8.503792763E0,-1.616052628E0
4.647982843E1,-1.094118118E0,8.410472870E0,-1.628016710E0
4.648220609E1,-1.165902853E0,8.355437279E0,-1.620838284E0
4.648458380E1,-1.223330617E0,8.290831566E0,-1.656730533E0
4.648696224E1,-1.292722464E0,8.233403206E0,-1.671087503E0
4.648934073E1,-1.335793257E0,8.202297211E0,-1.711765528E0
4.649171838E1,-1.357328653E0,8.187939644E0,-1.642373681E0
4.649409609E1,-1.462612867E0,8.156833649E0,-1.620838284E0
4.649647453E1,-1.503290772E0,8.135297775E0,-1.635195136E0
4.649885296E1,-1.493719578E0,8.104190826E0,-1.587338686E0
4.650123062E1,-1.558325768E0,8.120941162E0,-1.568196177E0
4.650360833E1,-1.567897081E0,8.101798058E0,-1.522732496E0
4.650598677E1,-1.560718536E0,8.111370087E0,-1.465304732E0
4.650836526E1,-1.594218135E0,8.123333931E0,-1.410269856E0
4.651074291E1,-1.606182218E0,8.159226418E0,-1.343270779E0
4.651312062E1,-1.529611826E0,8.223832130E0,-1.252343535E0
4.651549906E1,-1.469791293E0,8.305188179E0,-1.199701428E0
4.651787755E1,-1.445863128E0,8.365009308E0,-1.146760225E0
4.652025520E1,-1.503290772E0,8.393722534E0,-1.063011408E0
4.652263291E1,-1.517647743E0,8.427222252E0,-1.046261668E0
4.652501135E1,-1.651944876E0,8.611469269E0,-9.768698215E-1
4.652738979E1,-1.778764486E0,8.736195564E0,-8.356932998E-1
4.652976750E1,-1.728515267E0,8.644968987E0,-8.476574421E-1
4.653214520E1,-1.934298038E0,8.975478172E0,-9.433703423E-1
4.653452364E1,-2.137687922E0,9.090332985E0,-8.117650747E-1
4.653690208E1,-3.394817114E0,8.693124771E0,-2.130808592E0
4.653927974E1,-3.466601849E0,8.997013092E0,-2.542673111E0
4.654165744E1,-2.650051117E0,9.514162064E0,-9.146564603E-1
4.654403588E1,-2.097009897E0,9.698409081E0,2.632105052E-1
4.654641437E1,-1.778764486E0,9.959526062E0,7.468597889E-1
4.654879203E1,-1.711765528E0,1.017248726E1,9.550353289E-1
4.655116974E1,-1.752443433E0,1.024666500E1,1.055533886E0
4.655354817E1,-1.972583175E0,1.045513916E1,9.861420393E-1
4.655592666E1,-2.204986095E0,1.051496029E1,7.396813035E-1
4.655830432E1,-2.437089920E0,1.052692413E1,4.259224236E-1
4.656068203E1,-2.673979282E0,1.071356392E1,2.703889608E-1
4.656306046E1,-2.825026274E0,1.080688477E1,1.938186288E-1
4.656543890E1,-2.858525753E0,1.078534889E1,1.435693651E-1
4.656781661E1,-2.853740215E0,1.099382401E1,-4.067798331E-2
4.657019427E1,-2.791526794E0,1.118524933E1,3.349951655E-2
4.657257270E1,-2.911167860E0,1.128335476E1,7.417750359E-2
4.657495119E1,-3.040380239E0,1.133121204E1,2.392822644E-3
4.657732885E1,-3.119343519E0,1.139342499E1,4.307080805E-2
4.657970656E1,-3.138485909E0,1.139342499E1,-1.127617657E-1
4.658208500E1,-2.760420084E0,1.117328548E1,-3.735794425E-1
4.658446348E1,-2.738585472E0,1.133121204E1,-3.735794425E-1
4.658684114E1,-2.978166819E0,1.136231804E1,-3.640081584E-1
4.658921885E1,-3.066701412E0,1.163779163E1,-4.501497746E-1
4.659159729E1,-3.157628536E0,1.181964684E1,-5.458626747E-1
4.659397578E1,-3.255734205E0,1.185793209E1,-6.128616929E-1
4.659635343E1,-3.272484064E0,1.184118176E1,-6.993024349E-1
4.659873114E1,-3.303590775E0,1.185314560E1,-6.993024349E-1
4.660110958E1,-3.286840916E0,1.184118176E1,-8.093722463E-1
4.660348802E1,-3.255734205E0,1.182921791E1,-8.979067206E-1
4.660586567E1,-3.183949709E0,1.178375435E1,-9.625129104E-1
4.660824338E1,-3.152842999E0,1.171675491E1,-1.055832982E0
4.661062182E1,-3.136093140E0,1.162822056E1,-1.149153113E0
4.661300031E1,-3.126521826E0,1.146790123E1,-1.273878932E0
4.661537796E1,-3.083451033E0,1.147747326E1,-1.228415370E0
4.661775567E1,-3.054737091E0,1.142692471E1,-1.206879973E0
4.662013411E1,-3.090629578E0,1.130728340E1,-1.386341572E0
4.662251260E1,-3.073879719E0,1.116132164E1,-1.522732496E0
4.662489026E1,-2.939881802E0,1.096750259E1,-1.577767372E0
4.662726796E1,-2.767598391E0,1.069920731E1,-1.575374603E0
4.662964640E1,-2.740978241E0,1.053888798E1,-1.575374603E0
4.663202489E1,-2.846561670E0,1.044317532E1,-1.546660781E0
4.663440255E1,-3.016452074E0,1.043838978E1,-1.501197100E0
4.663678026E1,-3.152842999E0,1.035224819E1,-1.448554993E0
4.663915869E1,-3.009273529E0,9.978668213E0,-1.508375525E0
4.664153713E1,-2.609373093E0,9.681659698E0,-1.709372640E0
4.664391479E1,-2.678765059E0,9.839884758E0,-1.319342613E0
4.664629250E1,-2.944667339E0,9.921240807E0,-1.151545882E0
4.664867093E1,-2.937488794E0,9.770194054E0,-1.489233017E0
4.665104942E1,-2.880061150E0,9.664909363E0,-1.139581800E0
4.665342708E1,-2.935096025E0,9.696016312E0,-9.290133715E-1
4.665580479E1,-2.947060108E0,9.698409081E0,-1.197308660E0
4.665818322E1,-2.863311291E0,9.669695854E0,-1.403091431E0
4.666056171E1,-2.693121910E0,9.538089752E0,-1.438983679E0
4.666293937E1,-2.592623234E0,9.394520760E0,-1.448554993E0
4.666531708E1,-2.494517565E0,9.272486687E0,-1.467697620E0
4.666769552E1,-2.472982168E0,9.195617676E0,-1.436590910E0
4.667007395E1,-2.434697151E0,9.140582085E0,-1.381555915E0
4.667245161E1,-2.391626120E0,9.123832703E0,-1.357627749E0
4.667482932E1,-2.274377823E0,9.193224907E0,-1.082154036E0
4.667720776E1,-2.216950178E0,9.109476089E0,-9.649057388E-1
4.667958624E1,-2.214557409E0,8.901300430E0,-1.343270779E0
4.668196390E1,-2.226521492E0,8.855836868E0,-1.690230131E0
4.668434161E1,-2.073081732E0,8.980263710E0,-1.470090389E0
4.668672005E1,-2.125723839E0,9.059226990E0,-1.096511006E0
4.668909854E1,-2.106581211E0,9.150154114E0,-1.398305774E0
4.669147619E1,-2.070688963E0,9.246166229E0,-1.467697620E0
4.669385390E1,-1.984547257E0,9.277272224E0,-1.558624864E0
4.669623234E1,-1.967797518E0,9.272486687E0,-1.594517231E0
4.669861083E1,-1.910369754E0,9.207581520E0,-1.541875124E0
4.670098848E1,-1.625324726E0,8.693124771E0,-1.714158297E0
4.670336619E1,-1.412363529E0,8.714659691E0,-1.735693693E0
4.670574463E1,-1.481755376E0,8.927620888E0,-1.482054472E0
4.670812307E1,-1.697408557E0,8.922835350E0,-1.558624864E0
4.671050072E1,-1.776371717E0,9.064012527E0,-1.441376567E0
4.671287843E1,-1.905584097E0,9.166903496E0,-8.955138922E-1
4.671525687E1,-1.946262121E0,9.219844818E0,-1.185344458E0
4.671763536E1,-1.960619092E0,9.514162064E0,-1.486840129E0
4.672001302E1,-2.039582253E0,9.669695854E0,-1.647159338E0
4.672239073E1,-2.039582253E0,9.588339806E0,-1.747956991E0
4.672476916E1,-1.939083695E0,9.473484039E0,-1.740479350E0
4.672714765E1,-1.893620014E0,9.382556915E0,-1.805384636E0
4.672952531E1,-1.860120535E0,9.303593636E0,-1.735693693E0
4.673190302E1,-1.886441588E0,9.246166229E0,-1.649552107E0
4.673428145E1,-1.915155411E0,9.217452049E0,-1.575374603E0
4.673665989E1,-1.972583175E0,9.205188751E0,-1.529910922E0
4.673903755E1,-1.963011861E0,9.241379738E0,-1.510768414E0
4.674141526E1,-1.939083695E0,9.258130074E0,-1.498804331E0
4.674379369E1,-1.967797518E0,9.222237587E0,-1.505982757E0
4.674617218E1,-1.943869352E0,9.190832138E0,-1.541875124E0
4.674854984E1,-1.912762642E0,9.327521324E0,-1.532303810E0
4.675092755E1,-1.941476464E0,9.234201431E0,-1.565803289E0
4.675330599E1,-1.989332914E0,9.145368576E0,-1.575374603E0
4.675568448E1,-2.008475542E0,9.157332420E0,-1.505982757E0
4.675806213E1,-1.989332914E0,9.159725189E0,-1.448554993E0
4.676043984E1,-1.970190287E0,9.145368576E0,-1.398305774E0
4.676281828E1,-1.960619092E0,9.142974854E0,-1.371984720E0
4.676519671E1,-1.943869352E0,9.138189316E0,-1.326521039E0
4.676757442E1,-1.994118571E0,9.104690552E0,-1.293021560E0
4.676995208E1,-2.001296997E0,9.078369141E0,-1.276271820E0
4.677233052E1,-2.018046856E0,9.040083885E0,-1.237986565E0
4.677470901E1,-2.027618170E0,9.018548965E0,-1.226022482E0
4.677708666E1,-2.077867270E0,8.987442017E0,-1.264307618E0
4.677946437E1,-2.094617128E0,8.956335068E0,-1.285843015E0
4.678184281E1,-2.099402666E0,8.932407379E0,-1.321735382E0
4.678422130E1,-2.152044773E0,8.870193481E0,-1.328913927E0
4.678659895E1,-2.152044773E0,8.839086533E0,-1.340878010E0
4.678897666E1,-2.120938063E0,8.834300995E0,-1.319342613E0
4.679135510E1,-2.075474501E0,8.815158844E0,-1.314556956E0
4.679373359E1,-2.082653046E0,8.791230202E0,-1.350449324E0
4.679611125E1,-2.111366987E0,8.786444664E0,-1.345663667E0
4.679848890E1,-2.116152525E0,8.738588333E0,-1.319342613E0
4.680086734E1,-2.144866467E0,8.695517540E0,-1.338485122E0
4.680324583E1,-2.147259235E0,8.673981667E0,-1.307378531E0
4.680562349E1,-2.168794632E0,8.642576218E0,-1.297807217E0
4.680800119E1,-2.190629244E0,8.625826836E0,-1.295414329E0
4.681037963E1,-2.214557409E0,8.585148811E0,-1.254736423E0
4.681275812E1,-2.221735716E0,8.582756042E0,-1.209272742E0
4.681513578E1,-2.209771633E0,8.575576782E0,-1.168295622E0
4.681751349E1,-2.228914261E0,8.520542145E0,-1.127617717E0
4.681989192E1,-2.195414782E0,8.499007225E0,-1.108475089E0
4.682227036E1,-2.200200319E0,8.455936432E0,-1.094118118E0
4.682464807E1,-2.152044773E0,8.412865639E0,-1.041476011E0
4.682702578E1,-2.085045815E0,8.403293610E0,-9.337990284E-1
4.682940421E1,-2.094617128E0,8.350651741E0,-9.577272534E-1
4.683178265E1,-2.092224360E0,8.274081230E0,-9.816554785E-1
4.683416031E1,-2.085045815E0,8.219046593E0,-1.017547846E0
4.683653802E1,-2.070688963E0,8.166404724E0,-1.058225870E0
4.683891645E1,-2.006082773E0,8.099405289E0,-1.127617717E0
4.684129494E1,-1.989332914E0,8.058428764E0,-1.139581800E0
4.684367260E1,-1.955833435E0,8.024929047E0,-1.125224829E0
4.684605031E1,-1.907976985E0,7.967501163E0,-1.125224829E0
4.684842874E1,-1.876870275E0,7.934001446E0,-1.130010486E0
4.685080724E1,-1.836192250E0,7.907680511E0,-1.139581800E0
4.685318489E1,-1.785943031E0,7.898109436E0,-1.127617717E0
4.685556260E1,-1.745265007E0,7.886145115E0,-1.115653515E0
4.685794104E1,-1.699801445E0,7.867002487E0,-1.139581800E0
4.686031948E1,-1.668694735E0,7.881359577E0,-1.158724308E0
4.686269713E1,-1.618146300E0,7.898109436E0,-1.180259824E0
4.686507484E1,-1.546361685E0,7.938787460E0,-1.218844056E0
4.686745328E1,-1.469791293E0,8.003393173E0,-1.257129192E0
4.686983177E1,-1.354935765E0,8.036892891E0,-1.278664589E0
4.687220942E1,-1.266401410E0,8.123333931E0,-1.316949725E0
4.687458713E1,-1.201795220E0,8.187939644E0,-1.391127229E0
4.687696557E1,-1.168295622E0,8.228617668E0,-1.455733418E0
4.687934406E1,-1.125224829E0,8.314759254E0,-1.486840129E0
4.688172171E1,-1.086939692E0,8.381758690E0,-1.544267893E0
4.688409942E1,-1.077368379E0,8.503792763E0,-1.663909078E0
4.688647786E1,-1.125224829E0,8.625826836E0,-1.774278045E0
4.688885630E1,-1.235294700E0,8.784051895E0,-1.879562140E0
4.689123395E1,-1.321436286E0,8.970691681E0,-2.027917147E0
4.689361166E1,-1.431506157E0,9.164510727E0,-2.145165443E0
4.689599010E1,-1.577468276E0,9.382556915E0,-2.293520451E0
4.689836859E1,-1.704586983E0,9.583553314E0,-2.411067963E0
4.690074624E1,-1.845763564E0,9.782457352E0,-2.528316259E0
4.690312395E1,-1.986940145E0,9.990633011E0,-2.635993242E0
4.690550239E1,-2.101795673E0,1.019402313E1,-2.741277456E0
4.690788088E1,-2.238485575E0,1.038574791E1,-2.827419043E0
4.691025854E1,-2.365305185E0,1.056281662E1,-2.944966555E0
4.691263624E1,-2.494517565E0,1.074227810E1,-2.959323406E0
4.691501468E1,-2.626122952E0,1.088106155E1,-2.978466034E0
4.691739312E1,-2.762812853E0,1.096510983E1,-2.944966555E0
4.691977078E1,-2.865704298E0,1.104407310E1,-2.868396044E0
4.692214848E1,-3.057130098E0,1.109192944E1,-2.781955481E0
4.692452698E1,-3.250948668E0,1.110150051E1,-2.600100994E0
4.692690541E1,-3.416352510E0,1.109192944E1,-2.420639277E0
4.692928307E1,-3.591028690E0,1.107039356E1,-2.245664120E0
4.693166078E1,-3.715455294E0,1.109192944E1,-2.070987940E0
4.693403921E1,-3.815953970E0,1.110867882E1,-1.886740685E0
4.693641770E1,-3.878466368E0,1.109432220E1,-1.699801445E0
4.693879536E1,-3.940679789E0,1.111585712E1,-1.537089467E0
4.694117307E1,-3.950251102E0,1.113260746E1,-1.415055513E0
4.694355151E1,-3.945465326E0,1.118285656E1,-1.249950767E0
4.694592994E1,-3.895216227E0,1.119482040E1,-1.134796143E0
4.694830760E1,-3.842274904E0,1.120917797E1,-9.816554785E-1
4.695068531E1,-3.811168194E0,1.121874905E1,-8.333004713E-1
4.695306374E1,-3.777668715E0,1.122114182E1,-7.256234884E-1
4.695544224E1,-3.725026608E0,1.122353458E1,-5.913262963E-1
4.695781989E1,-3.662813187E0,1.121157074E1,-4.788636267E-1
4.696019760E1,-3.576671600E0,1.121157074E1,-4.046861231E-1
4.696257604E1,-3.485744476E0,1.117089272E1,-3.520440459E-1
4.696495453E1,-3.404388428E0,1.115414238E1,-2.587239444E-1
4.696733218E1,-3.289233923E0,1.113739300E1,-2.611167729E-1
4.696970989E1,-3.183949709E0,1.108235836E1,-2.371885478E-1
4.697208833E1,-3.049951553E0,1.102732277E1,-2.012962103E-1
4.697446677E1,-2.925524712E0,1.094357395E1,-1.701895148E-1
4.697684442E1,-2.769991398E0,1.085234833E1,-1.462612897E-1
4.697922213E1,-2.638087034E0,1.078774166E1,-1.725823283E-1
4.698160057E1,-2.539981127E0,1.070399284E1,-2.084746659E-1
4.698397906E1,-2.434697151E0,1.056999493E1,-2.802593410E-1
4.698635671E1,-2.300698996E0,1.042881870E1,-3.735794425E-1
4.698873442E1,-2.190629244E0,1.031605625E1,-4.214358926E-1
4.699111286E1,-2.075474501E0,1.018445110E1,-5.123631358E-1
4.699349135E1,-1.984547257E0,1.004327488E1,-5.841478109E-1
4.699586901E1,-1.864906192E0,9.935597420E0,-6.658028960E-1
4.699824671E1,-1.795514345E0,9.844670296E0,-8.021938205E-1
4.700062515E1,-1.704586983E0,9.743872643E0,-9.242277741E-1
4.700300359E1,-1.618146300E0,9.648159981E0,-1.031904817E0
4.700538124E1,-1.558325768E0,9.581160545E0,-1.168295622E0
4.700775895E1,-1.527219057E0,9.497411728E0,-1.226022482E0
4.701013739E1,-1.457827210E0,9.430413246E0,-1.304985642E0
4.701251588E1,-1.364507079E0,9.406484604E0,-1.398305774E0
4.701489354E1,-1.273579836E0,9.406484604E0,-1.496411443E0
4.701727124E1,-1.220937729E0,9.375378609E0,-1.577767372E0
4.701964968E1,-1.199402332E0,9.389735222E0,-1.639980793E0
4.702202817E1,-1.173081279E0,9.377771378E0,-1.704586983E0
4.702440583E1,-1.149153113E0,9.382556915E0,-1.745265007E0
4.702678354E1,-1.153938770E0,9.413662910E0,-1.776670814E0
4.702916198E1,-1.115653515E0,9.447162628E0,-1.779063582E0
4.703154041E1,-1.101296663E0,9.478269577E0,-1.836491346E0
4.703391807E1,-1.074975610E0,9.504590988E0,-1.834098577E0
4.703629578E1,-1.041176915E0,9.538089752E0,-1.805384636E0
4.703867421E1,-1.026820064E0,9.585947037E0,-1.786242127E0
4.704105270E1,-9.813563824E-1,9.660123825E0,-1.771885157E0
4.704343036E1,-9.861420393E-1,9.657731056E0,-1.767099500E0
4.704580807E1,-9.526425004E-1,9.707980156E0,-1.730908036E0
4.704818651E1,-9.239286184E-1,9.741479874E0,-1.740479350E0
4.705056500E1,-8.904291391E-1,9.755837440E0,-1.692622900E0
4.705294265E1,-8.760721684E-1,9.775279045E0,-1.685444474E0
4.705532036E1,-8.904291391E-1,9.782457352E0,-1.690230131E0
4.705769880E1,-8.808578253E-1,9.765408516E0,-1.692622900E0
4.706007724E1,-9.095717072E-1,9.777671814E0,-1.709372640E0
4.706245489E1,-9.454640746E-1,9.789635658E0,-1.716551185E0
4.706483260E1,-9.598209858E-1,9.765408516E0,-1.685444474E0
4.706721104E1,-9.909276962E-1,9.746265411E0,-1.702194214E0
4.706958953E1,-1.033998489E0,9.753444672E0,-1.692622900E0
4.707196718E1,-1.048355460E0,9.734301567E0,-1.685444474E0
4.707434489E1,-1.082154036E0,9.736694336E0,-1.685444474E0
4.707672333E1,-1.156331539E0,9.715159416E0,-1.632802367E0
4.707910177E1,-1.165902853E0,9.707980156E0,-1.604088426E0
4.708147948E1,-1.223330617E0,9.679266930E0,-1.596910000E0
4.708385713E1,-1.275972724E0,9.667302132E0,-1.608874083E0
4.708623557E1,-1.323829174E0,9.645767212E0,-1.572981834E0
4.708861406E1,-1.328614831E0,9.612267494E0,-1.568196177E0
4.709099171E1,-1.347757339E0,9.602696419E0,-1.537089467E0
4.709336942E1,-1.378864050E0,9.619445801E0,-1.544267893E0
4.709574786E1,-1.386042476E0,9.600303650E0,-1.544267893E0
4.709812635E1,-1.400399446E0,9.593125343E0,-1.534696579E0
4.710050401E1,-1.393221021E0,9.547661781E0,-1.517946839E0
4.710288171E1,-1.390828133E0,9.562018394E0,-1.505982757E0
4.710526015E1,-1.347757339E0,9.535696983E0,-1.510768414E0
4.710763859E1,-1.321436286E0,9.509376526E0,-1.484447360E0
4.711001625E1,-1.307079315E0,9.480662346E0,-1.436590910E0
4.711239395E1,-1.249651670E0,9.480662346E0,-1.429412484E0
4.711477239E1,-1.185045362E0,9.468698502E0,-1.386341572E0
4.711715088E1,-1.165902853E0,9.459127426E0,-1.340878010E0
4.711952854E1,-1.115653515E0,9.456734657E0,-1.307378531E0
4.712190625E1,-1.055533886E0,9.437591553E0,-1.281057477E0
4.712428468E1,-1.002891779E0,9.437591553E0,-1.240379453E0
4.712666317E1,-9.358927608E-1,9.425627708E0,-1.237986565E0
4.712904083E1,-8.712865710E-1,9.418449402E0,-1.194915771E0
4.713141854E1,-8.258228898E-1,9.389735222E0,-1.161117196E0
4.713379698E1,-7.612167001E-1,9.382556915E0,-1.177866936E0
4.713617541E1,-7.420741320E-1,9.406484604E0,-1.170688510E0
4.713855307E1,-7.013961077E-1,9.401699066E0,-1.168295622E0
4.714093078E1,-7.133602500E-1,9.423234940E0,-1.180259824E0
4.714330921E1,-6.439684033E-1,9.420842171E0,-1.190130115E0
4.714568770E1,-4.833501875E-1,9.370592117E0,-1.249950767E0
4.714806536E1,-4.043870270E-1,9.294022560E0,-1.293021560E0
4.715044307E1,-3.732803464E-1,9.284450531E0,-1.367199063E0
4.715282151E1,-3.828516304E-1,9.270093918E0,-1.357627749E0
4.715520000E1,-3.852444589E-1,9.279664993E0,-1.376770377E0
4.715757765E1,-3.684946895E-1,9.272486687E0,-1.407876968E0
4.715995536E1,-3.397808075E-1,9.291629791E0,-1.482054472E0
4.716233380E1,-3.302095234E-1,9.282057762E0,-1.532303810E0
4.716471224E1,-3.158525825E-1,9.296415329E0,-1.575374603E0
4.716708989E1,-3.206382394E-1,9.286844254E0,-1.628016710E0
4.716946760E1,-3.326023519E-1,9.289237022E0,-1.685444474E0
4.717184604E1,-3.541377485E-1,9.274879456E0,-1.728515267E0
4.717422453E1,-3.852444589E-1,9.284450531E0,-1.747956991E0
4.717660218E1,-3.996013701E-1,9.286844254E0,-1.776670814E0
4.717897989E1,-4.378865361E-1,9.317950249E0,-1.786242127E0
4.718135833E1,-4.833501875E-1,9.337093353E0,-1.810170293E0
4.718373677E1,-5.099703074E-1,9.372985840E0,-1.838884234E0
4.718611448E1,-5.697908998E-1,9.380164146E0,-1.869990945E0
4.718849213E1,-6.559324861E-1,9.423234940E0,-1.884347796E0
4.719087057E1,-6.990033388E-1,9.483055115E0,-1.908276081E0
4.719324906E1,-7.636095285E-1,9.490233421E0,-1.910668850E0
4.719562671E1,-8.042874932E-1,9.523733139E0,-1.929811478E0
4.719800442E1,-8.952147961E-1,9.545269012E0,-1.944168448E0
4.720038286E1,-9.693922997E-1,9.564411163E0,-1.932204247E0
4.720276135E1,-1.031605721E0,9.595518112E0,-1.927418590E0
4.720513901E1,-1.125224829E0,9.600303650E0,-1.913061738E0
4.720751671E1,-1.170688510E0,9.605089188E0,-1.898704767E0
4.720989515E1,-1.254437327E0,9.605089188E0,-1.869990945E0
4.721227359E1,-1.307079315E0,9.619445801E0,-1.881955028E0
4.721465125E1,-1.352542996E0,9.636196136E0,-1.872383714E0
4.721702895E1,-1.405185103E0,9.621838570E0,-1.838884234E0
4.721940739E1,-1.445863128E0,9.626625061E0,-1.814955950E0
4.722178588E1,-1.474576950E0,9.619445801E0,-1.800599098E0
4.722416354E1,-1.515254974E0,9.612267494E0,-1.810170293E0
4.722654124E1,-1.512862086E0,9.614660263E0,-1.779063582E0
4.722891968E1,-1.529611826E0,9.588339806E0,-1.759921074E0
4.723129817E1,-1.575075507E0,9.571589470E0,-1.742872238E0
4.723367583E1,-1.565504193E0,9.562018394E0,-1.690230131E0
4.723605354E1,-1.558325768E0,9.533304214E0,-1.685444474E0
4.723843198E1,-1.546361685E0,9.530911446E0,-1.685444474E0
4.724081041E1,-1.532004714E0,9.518947601E0,-1.651944876E0
4.724318807E1,-1.546361685E0,9.487840652E0,-1.635195136E0
4.724556578E1,-1.522433400E0,9.490233421E0,-1.637588024E0
4.724794421E1,-1.522433400E0,9.463912964E0,-1.592124343E0
4.725032270E1,-1.500898004E0,9.449555397E0,-1.608874083E0
4.725270036E1,-1.493719578E0,9.466305733E0,-1.589731574E0
4.725507807E1,-1.467398524E0,9.466305733E0,-1.596910000E0
4.725745651E1,-1.462612867E0,9.480662346E0,-1.604088426E0
4.725983500E1,-1.417149186E0,9.485447884E0,-1.616052628E0
4.726221265E1,-1.390828133E0,9.473484039E0,-1.618445396E0
4.726459031E1,-1.374078393E0,9.480662346E0,-1.642373681E0
4.726696874E1,-1.366899967E0,9.463912964E0,-1.663909078E0
4.726934724E1,-1.345364571E0,9.495018959E0,-1.659123421E0
4.727172489E1,-1.331007600E0,9.480662346E0,-1.678265929E0
4.727410260E1,-1.319043517E0,9.466305733E0,-1.692622900E0
4.727648104E1,-1.304686546E0,9.447162628E0,-1.726122379E0
4.727885953E1,-1.283151150E0,9.447162628E0,-1.730908036E0
4.728123718E1,-1.290329576E0,9.430413246E0,-1.728515267E0
4.728361489E1,-1.283151150E0,9.430413246E0,-1.767099500E0
4.728599333E1,-1.299900889E0,9.413662910E0,-1.791027784E0
4.728837177E1,-1.292722464E0,9.418449402E0,-1.836491346E0
4.729074942E1,-1.311864972E0,9.413662910E0,-1.819741607E0
4.729312713E1,-1.345364571E0,9.418449402E0,-1.838884234E0
4.729550557E1,-1.333400369E0,9.435198784E0,-1.850848317E0
4.729788406E1,-1.350150228E0,9.463912964E0,-1.884347796E0
4.730026171E1,-1.364507079E0,9.478269577E0,-1.869990945E0
4.730263942E1,-1.383649707E0,9.499805450E0,-1.872383714E0
4.730501786E1,-1.412363529E0,9.521340370E0,-1.869990945E0
4.730739635E1,-1.412363529E0,9.540482521E0,-1.829312921E0
4.730977401E1,-1.431506157E0,9.550054550E0,-1.836491346E0
4.731215166E1,-1.443470240E0,9.578767776E0,-1.822134495E0
4.731453010E1,-1.462612867E0,9.600303650E0,-1.817348838E0
4.731690859E1,-1.488933921E0,9.638588905E0,-1.814955950E0
4.731928624E1,-1.503290772E0,9.652945518E0,-1.798206210E0
4.732166395E1,-1.488933921E0,9.662516594E0,-1.771885157E0
4.732404239E1,-1.503290772E0,9.681659698E0,-1.769492388E0
4.732642088E1,-1.517647743E0,9.710372925E0,-1.788634896E0
4.732879854E1,-1.505683661E0,9.703194618E0,-1.779063582E0
4.733117624E1,-1.508076429E0,9.703194618E0,-1.757528186E0
4.733355468E1,-1.515254974E0,9.715159416E0,-1.791027784E0
4.733593312E1,-1.491326690E0,9.710372925E0,-1.800599098E0
4.733831078E1,-1.491326690E0,9.743872643E0,-1.781456470E0
4.734068848E1,-1.479362607E0,9.717552185E0,-1.774278045E0
4.734306692E1,-1.500898004E0,9.727123260E0,-1.776670814E0
4.734544541E1,-1.524826288E0,9.736694336E0,-1.776670814E0
4.734782307E1,-1.496112347E0,9.722337723E0,-1.779063582E0
4.735020078E1,-1.534397483E0,9.729516029E0,-1.755135417E0
4.735257921E1,-1.508076429E0,9.717552185E0,-1.759921074E0
4.735495770E1,-1.505683661E0,9.710372925E0,-1.774278045E0
4.735733536E1,-1.529611826E0,9.710372925E0,-1.745265007E0
4.735971307E1,-1.517647743E0,9.707980156E0,-1.745265007E0
4.736209151E1,-1.517647743E0,9.707980156E0,-1.752742529E0
4.736446994E1,-1.522433400E0,9.731908798E0,-1.728515267E0
4.736684760E1,-1.534397483E0,9.712766647E0,-1.718943954E0
4.736922531E1,-1.508076429E0,9.722337723E0,-1.721336842E0
4.737160374E1,-1.496112347E0,9.731908798E0,-1.730908036E0
4.737398224E1,-1.498505235E0,9.727123260E0,-1.752742529E0
4.737635989E1,-1.472184181E0,9.731908798E0,-1.733300924E0
4.737873760E1,-1.455434322E0,9.729516029E0,-1.733300924E0
4.738111604E1,-1.465005636E0,9.727123260E0,-1.742872238E0
4.738349448E1,-1.448255897E0,9.722337723E0,-1.726122379E0
4.738587213E1,-1.405185103E0,9.717552185E0,-1.769492388E0
4.738824984E1,-1.402792215E0,9.727123260E0,-1.747956991E0
4.739062828E1,-1.402792215E0,9.743872643E0,-1.740479350E0
4.739300677E1,-1.400399446E0,9.705587387E0,-1.759921074E0
4.739538442E1,-1.381256819E0,9.698409081E0,-1.776670814E0
4.739776213E1,-1.381256819E0,9.693623543E0,-1.793420553E0
4.740014057E1,-1.342971683E0,9.650552750E0,-1.783849239E0
4.740251901E1,-1.338186026E0,9.650552750E0,-1.786242127E0
4.740489671E1,-1.331007600E0,9.629017830E0,-1.769492388E0
4.740727442E1,-1.307079315E0,9.631410599E0,-1.769492388E0
4.740965286E1,-1.292722464E0,9.607481956E0,-1.764706731E0
4.741203130E1,-1.275972724E0,9.593125343E0,-1.752742529E0
4.741440895E1,-1.256830096E0,9.583553314E0,-1.750349760E0
4.741678666E1,-1.232901812E0,9.559625626E0,-1.750349760E0
4.741916510E1,-1.237687469E0,9.552447319E0,-1.745265007E0
4.742154359E1,-1.208973646E0,9.547661781E0,-1.745265007E0
4.742392124E1,-1.192223907E0,9.545269012E0,-1.742872238E0
4.742629895E1,-1.165902853E0,9.530911446E0,-1.745265007E0
4.742867739E1,-1.175474167E0,9.518947601E0,-1.726122379E0
4.743105583E1,-1.165902853E0,9.540482521E0,-1.711765528E0
4.743343348E1,-1.137188911E0,9.523733139E0,-1.716551185E0
4.743581119E1,-1.137188911E0,9.542876244E0,-1.699801445E0
4.743818963E1,-1.120439172E0,9.516554832E0,-1.704586983E0
4.744056812E1,-1.110867858E0,9.540482521E0,-1.687837243E0
4.744294578E1,-1.108475089E0,9.545269012E0,-1.692622900E0
4.744532348E1,-1.118046403E0,9.538089752E0,-1.668694735E0
4.744770192E1,-1.082154036E0,9.552447319E0,-1.661516190E0
4.745008036E1,-1.094118118E0,9.557232857E0,-1.651944876E0
4.745245807E1,-1.101296663E0,9.545269012E0,-1.623231053E0
4.745483572E1,-1.098903775E0,9.576375008E0,-1.639980793E0
4.745721416E1,-1.108475089E0,9.571589470E0,-1.623231053E0
4.745959265E1,-1.110867858E0,9.600303650E0,-1.616052628E0
4.746197031E1,-1.108475089E0,9.612267494E0,-1.611266971E0
4.746434802E1,-1.120439172E0,9.609874725E0,-1.632802367E0
4.746672645E1,-1.122832060E0,9.626625061E0,-1.651944876E0
4.746910494E1,-1.130010486E0,9.648159981E0,-1.639980793E0
4.747148260E1,-1.141974568E0,9.631410599E0,-1.647159338E0
4.747386031E1,-1.130010486E0,9.629017830E0,-1.656730533E0
4.747623874E1,-1.156331539E0,9.621838570E0,-1.654337764E0
4.747861718E1,-1.158724308E0,9.645767212E0,-1.654337764E0
4.748099484E1,-1.180259824E0,9.640981674E0,-1.675873160E0
4.748337255E1,-1.180259824E0,9.650552750E0,-1.683051586E0
4.748575098E1,-1.192223907E0,9.643374443E0,-1.687837243E0
4.748812948E1,-1.206580877E0,9.667302132E0,-1.692622900E0
4.749050713E1,-1.237687469E0,9.657731056E0,-1.690230131E0
4.749288484E1,-1.237687469E0,9.669695854E0,-1.726122379E0
4.749526328E1,-1.249651670E0,9.636196136E0,-1.702194214E0
4.749764171E1,-1.259222865E0,9.660123825E0,-1.730908036E0
4.750001937E1,-1.275972724E0,9.669695854E0,-1.735693693E0
4.750239708E1,-1.321436286E0,9.640981674E0,-1.742872238E0
4.750477552E1,-1.321436286E0,9.669695854E0,-1.747956991E0
4.750715401E1,-1.354935765E0,9.655338287E0,-1.728515267E0
4.750953166E1,-1.369292736E0,9.648159981E0,-1.723729610E0
4.751190937E1,-1.359721422E0,9.640981674E0,-1.718943954E0
4.751428781E1,-1.378864050E0,9.664909363E0,-1.735693693E0
4.751666630E1,-1.407577872E0,9.672088623E0,-1.711765528E0
4.751904395E1,-1.419542074E0,9.684052467E0,-1.740479350E0
4.752142161E1,-1.409970760E0,9.681659698E0,-1.728515267E0
4.752380005E1,-1.438684583E0,9.681659698E0,-1.718943954E0
4.752617854E1,-1.424327731E0,9.696016312E0,-1.709372640E0
4.752855619E1,-1.438684583E0,9.676874161E0,-1.721336842E0
4.753093390E1,-1.453041553E0,9.664909363E0,-1.726122379E0
4.753331234E1,-1.441077471E0,9.679266930E0,-1.730908036E0
4.753569083E1,-1.445863128E0,9.669695854E0,-1.740479350E0
4.753806849E1,-1.433898926E0,9.688838005E0,-1.718943954E0
4.754044619E1,-1.436291814E0,9.669695854E0,-1.723729610E0
4.754282463E1,-1.438684583E0,9.636196136E0,-1.704586983E0
4.754520307E1,-1.429113269E0,9.638588905E0,-1.690230131E0
4.754758072E1,-1.429113269E0,9.626625061E0,-1.702194214E0
4.754995843E1,-1.407577872E0,9.636196136E0,-1.714158297E0
4.755233687E1,-1.409970760E0,9.631410599E0,-1.716551185E0
4.755471536E1,-1.407577872E0,9.621838570E0,-1.704586983E0
4.755709302E1,-1.409970760E0,9.597910881E0,-1.702194214E0
4.755947073E1,-1.400399446E0,9.585947037E0,-1.714158297E0
4.756184916E1,-1.417149186E0,9.571589470E0,-1.709372640E0
4.756422760E1,-1.390828133E0,9.566803932E0,-1.683051586E0
4.756660526E1,-1.417149186E0,9.571589470E0,-1.706979871E0
4.756898296E1,-1.407577872E0,9.571589470E0,-1.716551185E0
4.757136140E1,-1.414756417E0,9.569196701E0,-1.699801445E0
4.757373989E1,-1.390828133E0,9.559625626E0,-1.683051586E0
4.757611755E1,-1.386042476E0,9.569196701E0,-1.678265929E0
4.757849526E1,-1.378864050E0,9.564411163E0,-1.661516190E0
4.758087369E1,-1.369292736E0,9.571589470E0,-1.666301847E0
4.758325213E1,-1.345364571E0,9.550054550E0,-1.675873160E0
4.758562984E1,-1.371685624E0,9.557232857E0,-1.654337764E0
4.758800750E1,-1.335793257E0,9.533304214E0,-1.659123421E0
4.759038593E1,-1.335793257E0,9.518947601E0,-1.659123421E0
4.759276442E1,-1.326221943E0,9.542876244E0,-1.675873160E0
4.759514208E1,-1.319043517E0,9.526125908E0,-1.666301847E0
4.759751979E1,-1.295115232E0,9.521340370E0,-1.692622900E0
4.759989823E1,-1.326221943E0,9.509376526E0,-1.683051586E0
4.760227671E1,-1.278365493E0,9.483055115E0,-1.714158297E0
4.760465437E1,-1.283151150E0,9.487840652E0,-1.709372640E0
4.760703208E1,-1.278365493E0,9.511769295E0,-1.711765528E0
4.760941052E1,-1.295115232E0,9.499805450E0,-1.697408557E0
4.761178895E1,-1.304686546E0,9.506983757E0,-1.721336842E0
4.761416661E1,-1.311864972E0,9.521340370E0,-1.718943954E0
4.761654432E1,-1.319043517E0,9.504590988E0,-1.735693693E0
4.761892276E1,-1.331007600E0,9.528518677E0,-1.735693693E0
4.762130125E1,-1.352542996E0,9.550054550E0,-1.738086581E0
4.762367890E1,-1.359721422E0,9.530911446E0,-1.730908036E0
4.762605661E1,-1.381256819E0,9.528518677E0,-1.735693693E0
4.762843505E1,-1.386042476E0,9.559625626E0,-1.752742529E0
4.763081349E1,-1.386042476E0,9.583553314E0,-1.735693693E0
4.763319114E1,-1.405185103E0,9.605089188E0,-1.747956991E0
4.763556885E1,-1.407577872E0,9.607481956E0,-1.738086581E0
4.763794729E1,-1.426720500E0,9.624231339E0,-1.742872238E0
4.764032578E1,-1.419542074E0,9.631410599E0,-1.755135417E0
4.764270343E1,-1.419542074E0,9.645767212E0,-1.747956991E0
4.764508114E1,-1.421934843E0,9.667302132E0,-1.759921074E0
4.764745958E1,-1.433898926E0,9.657731056E0,-1.767099500E0
4.764983802E1,-1.455434322E0,9.681659698E0,-1.771885157E0
4.765221567E1,-1.465005636E0,9.707980156E0,-1.757528186E0
4.765459338E1,-1.472184181E0,9.691230774E0,-1.762313843E0
4.765697182E1,-1.632802367E0,9.839884758E0,-1.730908036E0
4.765935031E1,-1.524826288E0,9.784850121E0,-1.721336842E0
4.766172796E1,-1.319043517E0,9.681659698E0,-1.750349760E0
4.766410567E1,-1.299900889E0,9.626625061E0,-1.793420553E0
4.766648411E1,-1.388435364E0,9.581160545E0,-1.764706731E0
4.766886255E1,-1.436291814E0,9.581160545E0,-1.711765528E0
4.767124020E1,-1.453041553E0,9.600303650E0,-1.695015788E0
4.767361791E1,-1.414756417E0,9.624231339E0,-1.687837243E0
4.767599635E1,-1.405185103E0,9.645767212E0,-1.721336842E0
4.767837484E1,-1.405185103E0,9.640981674E0,-1.740479350E0
4.768075250E1,-1.381256819E0,9.648159981E0,-1.714158297E0
4.768313020E1,-1.364507079E0,9.612267494E0,-1.716551185E0
4.768550864E1,-1.352542996E0,9.614660263E0,-1.733300924E0
4.768788713E1,-1.364507079E0,9.629017830E0,-1.699801445E0
4.769026479E1,-1.371685624E0,9.631410599E0,-1.709372640E0
4.769264250E1,-1.357328653E0,9.652945518E0,-1.690230131E0
4.769502093E1,-1.350150228E0,9.645767212E0,-1.685444474E0
4.769739937E1,-1.326221943E0,9.633803368E0,-1.678265929E0
4.769977703E1,-1.328614831E0,9.655338287E0,-1.663909078E0
4.770215474E1,-1.319043517E0,9.643374443E0,-1.687837243E0
4.770453317E1,-1.323829174E0,9.638588905E0,-1.680658817E0
4.770691166E1,-1.321436286E0,9.631410599E0,-1.687837243E0
4.770928932E1,-1.304686546E0,9.643374443E0,-1.678265929E0
4.771166703E1,-1.309472203E0,9.624231339E0,-1.690230131E0
4.771404546E1,-1.295115232E0,9.629017830E0,-1.718943954E0
4.771642390E1,-1.283151150E0,9.621838570E0,-1.721336842E0
4.771880156E1,-1.304686546E0,9.602696419E0,-1.711765528E0
4.772117927E1,-1.316650629E0,9.593125343E0,-1.750349760E0
4.772355770E1,-1.299900889E0,9.595518112E0,-1.764706731E0
4.772593619E1,-1.335793257E0,9.581160545E0,-1.764706731E0
4.772831385E1,-1.335793257E0,9.552447319E0,-1.764706731E0
4.773069156E1,-1.333400369E0,9.573982239E0,-1.757528186E0
4.773307000E1,-1.333400369E0,9.550054550E0,-1.764706731E0
4.773544843E1,-1.335793257E0,9.552447319E0,-1.759921074E0
4.773782609E1,-1.369292736E0,9.547661781E0,-1.755135417E0
4.774020380E1,-1.376471281E0,9.550054550E0,-1.767099500E0
4.774258224E1,-1.383649707E0,9.545269012E0,-1.771885157E0
4.774496073E1,-1.388435364E0,9.540482521E0,-1.779063582E0
4.774733838E1,-1.390828133E0,9.550054550E0,-1.783849239E0
4.774971609E1,-1.395613790E0,9.550054550E0,-1.776670814E0
4.775209453E1,-1.419542074E0,9.569196701E0,-1.793420553E0
4.775447296E1,-1.426720500E0,9.550054550E0,-1.767099500E0
4.775685062E1,-1.445863128E0,9.595518112E0,-1.769492388E0
4.775922833E1,-1.431506157E0,9.593125343E0,-1.776670814E0
4.776160677E1,-1.448255897E0,9.597910881E0,-1.776670814E0
4.776398526E1,-1.474576950E0,9.633803368E0,-1.786242127E0
4.776636291E1,-1.474576950E0,9.600303650E0,-1.767099500E0
4.776874062E1,-1.467398524E0,9.614660263E0,-1.791027784E0
4.777111906E1,-1.484148264E0,9.619445801E0,-1.757528186E0
4.777349750E1,-1.496112347E0,9.629017830E0,-1.757528186E0
4.777587520E1,-1.517647743E0,9.629017830E0,-1.752742529E0
4.777825286E1,-1.505683661E0,9.621838570E0,-1.750349760E0
4.778063130E1,-1.527219057E0,9.650552750E0,-1.711765528E0
4.778300979E1,-1.548754454E0,9.631410599E0,-1.692622900E0
4.778538744E1,-1.532004714E0,9.619445801E0,-1.714158297E0
4.778776515E1,-1.539183140E0,9.640981674E0,-1.716551185E0
4.779014359E1,-1.553540111E0,9.650552750E0,-1.704586983E0
4.779252208E1,-1.548754454E0,9.638588905E0,-1.695015788E0
4.779489974E1,-1.567897081E0,9.643374443E0,-1.656730533E0
4.779727744E1,-1.570289850E0,9.643374443E0,-1.628016710E0
4.779965588E1,-1.587039590E0,9.672088623E0,-1.632802367E0
4.780203432E1,-1.567897081E0,9.650552750E0,-1.663909078E0
4.780441198E1,-1.572682738E0,9.648159981E0,-1.668694735E0
4.780678968E1,-1.563111424E0,9.664909363E0,-1.675873160E0
4.780916812E1,-1.565504193E0,9.652945518E0,-1.668694735E0
4.781154661E1,-1.579861164E0,9.645767212E0,-1.671087503E0
4.781392427E1,-1.572682738E0,9.640981674E0,-1.661516190E0
4.781630198E1,-1.560718536E0,9.638588905E0,-1.695015788E0
4.781868041E1,-1.572682738E0,9.640981674E0,-1.711765528E0
4.782105885E1,-1.577468276E0,9.664909363E0,-1.709372640E0
4.782343651E1,-1.582253933E0,9.640981674E0,-1.714158297E0
4.782581421E1,-1.582253933E0,9.652945518E0,-1.726122379E0
4.782819265E1,-1.594218135E0,9.660123825E0,-1.730908036E0
4.783057114E1,-1.589432478E0,9.650552750E0,-1.755135417E0
4.783294880E1,-1.606182218E0,9.648159981E0,-1.757528186E0
4.783532651E1,-1.613360643E0,9.621838570E0,-1.740479350E0
4.783770494E1,-1.618146300E0,9.614660263E0,-1.757528186E0
4.784008338E1,-1.608574986E0,9.600303650E0,-1.742872238E0
4.784246104E1,-1.601396561E0,9.607481956E0,-1.771885157E0
4.784483875E1,-1.591825247E0,9.595518112E0,-1.762313843E0
4.784721718E1,-1.608574986E0,9.590732574E0,-1.750349760E0
4.784959567E1,-1.606182218E0,9.593125343E0,-1.740479350E0
4.785197333E1,-1.599003673E0,9.602696419E0,-1.757528186E0
4.785435104E1,-1.594218135E0,9.581160545E0,-1.774278045E0
4.785672948E1,-1.577468276E0,9.593125343E0,-1.750349760E0
4.785910791E1,-1.560718536E0,9.564411163E0,-1.764706731E0
4.786148557E1,-1.577468276E0,9.590732574E0,-1.752742529E0
4.786386328E1,-1.558325768E0,9.578767776E0,-1.755135417E0
4.786624171E1,-1.534397483E0,9.583553314E0,-1.781456470E0
4.786862020E1,-1.524826288E0,9.569196701E0,-1.767099500E0
4.787099786E1,-1.508076429E0,9.547661781E0,-1.769492388E0
4.787337557E1,-1.493719578E0,9.569196701E0,-1.764706731E0
4.787575401E1,-1.496112347E0,9.562018394E0,-1.781456470E0
4.787813244E1,-1.467398524E0,9.557232857E0,-1.798206210E0
4.788051010E1,-1.457827210E0,9.559625626E0,-1.810170293E0
4.788288781E1,-1.445863128E0,9.564411163E0,-1.805384636E0
4.788526625E1,-1.441077471E0,9.562018394E0,-1.814955950E0
4.788764474E1,-1.412363529E0,9.542876244E0,-1.805384636E0
4.789002239E1,-1.414756417E0,9.552447319E0,-1.788634896E0
4.789240010E1,-1.393221021E0,9.576375008E0,-1.774278045E0
4.789477854E1,-1.388435364E0,9.562018394E0,-1.786242127E0
4.789715698E1,-1.407577872E0,9.566803932E0,-1.800599098E0
4.789953463E1,-1.376471281E0,9.564411163E0,-1.762313843E0
4.790191234E1,-1.369292736E0,9.571589470E0,-1.776670814E0
4.790429078E1,-1.591825247E0,9.765408516E0,-1.767099500E0
4.790666927E1,-1.563111424E0,9.787242889E0,-1.735693693E0
4.790904692E1,-1.299900889E0,9.655338287E0,-1.781456470E0
4.791142463E1,-1.163509965E0,9.542876244E0,-1.814955950E0
4.791380307E1,-1.149153113E0,9.437591553E0,-1.812563181E0
4.791618151E1,-1.240080357E0,9.416056633E0,-1.788634896E0
4.791855916E1,-1.309472203E0,9.442377090E0,-1.776670814E0
4.792093687E1,-1.340578914E0,9.485447884E0,-1.750349760E0
4.792331531E1,-1.333400369E0,9.538089752E0,-1.757528186E0
4.792569380E1,-1.326221943E0,9.573982239E0,-1.774278045E0
4.792807145E1,-1.319043517E0,9.593125343E0,-1.805384636E0
4.793044916E1,-1.311864972E0,9.583553314E0,-1.802991867E0
4.793282760E1,-1.326221943E0,9.581160545E0,-1.807777524E0
4.793520604E1,-1.326221943E0,9.595518112E0,-1.814955950E0
4.793758369E1,-1.309472203E0,9.588339806E0,-1.810170293E0
4.793996140E1,-1.326221943E0,9.569196701E0,-1.786242127E0
4.794233984E1,-1.311864972E0,9.578767776E0,-1.802991867E0
4.794471833E1,-1.321436286E0,9.593125343E0,-1.791027784E0
4.794709599E1,-1.302293777E0,9.578767776E0,-1.795813441E0
4.794947369E1,-1.287936807E0,9.597910881E0,-1.788634896E0
4.795185213E1,-1.314257860E0,9.576375008E0,-1.793420553E0
4.795423062E1,-1.304686546E0,9.597910881E0,-1.793420553E0
4.795660828E1,-1.309472203E0,9.607481956E0,-1.814955950E0
4.795898593E1,-1.340578914E0,9.588339806E0,-1.781456470E0
4.796136437E1,-1.307079315E0,9.585947037E0,-1.781456470E0
4.796374286E1,-1.319043517E0,9.585947037E0,-1.781456470E0
4.796612052E1,-1.302293777E0,9.583553314E0,-1.788634896E0
4.796849823E1,-1.290329576E0,9.578767776E0,-1.810170293E0
4.797087666E1,-1.302293777E0,9.578767776E0,-1.779063582E0
4.797325510E1,-1.295115232E0,9.602696419E0,-1.791027784E0
4.797563276E1,-1.292722464E0,9.578767776E0,-1.791027784E0
4.797801046E1,-1.292722464E0,9.583553314E0,-1.771885157E0
4.798038890E1,-1.285543919E0,9.590732574E0,-1.802991867E0
4.798276739E1,-1.283151150E0,9.585947037E0,-1.781456470E0
4.798514505E1,-1.290329576E0,9.614660263E0,-1.779063582E0
4.798752276E1,-1.275972724E0,9.595518112E0,-1.774278045E0
4.798990119E1,-1.237687469E0,9.590732574E0,-1.764706731E0
4.799227968E1,-1.285543919E0,9.629017830E0,-1.750349760E0
4.799465734E1,-1.319043517E0,9.672088623E0,-1.750349760E0
4.799703500E1,-1.690230131E0,9.894919395E0,-1.704586983E0
4.799941343E1,-1.390828133E0,9.796813965E0,-1.709372640E0
4.800179192E1,-1.120439172E0,9.645767212E0,-1.800599098E0
4.800416958E1,-1.007677436E0,9.502198219E0,-1.776670814E0
4.800654729E1,-1.050748229E0,9.428020477E0,-1.779063582E0
4.800892573E1,-1.144367456E0,9.439984322E0,-1.740479350E0
4.801130421E1,-1.218544960E0,9.495018959E0,-1.721336842E0
4.801368187E1,-1.264008522E0,9.521340370E0,-1.704586983E0
4.801605958E1,-1.237687469E0,9.569196701E0,-1.728515267E0
4.801843802E1,-1.199402332E0,9.609874725E0,-1.735693693E0
4.802081645E1,-1.223330617E0,9.621838570E0,-1.764706731E0
4.802319411E1,-1.218544960E0,9.617053032E0,-1.757528186E0
4.802557182E1,-1.206580877E0,9.629017830E0,-1.745265007E0
4.802795026E1,-1.201795220E0,9.593125343E0,-1.728515267E0
4.803032875E1,-1.216152072E0,9.624231339E0,-1.695015788E0
4.803270640E1,-1.201795220E0,9.631410599E0,-1.675873160E0
4.803508411E1,-1.206580877E0,9.638588905E0,-1.656730533E0
4.803746255E1,-1.204187989E0,9.597910881E0,-1.680658817E0
4.803984099E1,-1.201795220E0,9.614660263E0,-1.673480392E0
4.804221864E1,-1.177866936E0,9.607481956E0,-1.678265929E0
4.804459635E1,-1.175474167E0,9.686445236E0,-1.637588024E0
4.804697479E1,-1.218544960E0,9.573982239E0,-1.630409479E0
4.804935328E1,-1.307079315E0,9.430413246E0,-1.687837243E0
4.805173093E1,-1.204187989E0,9.516554832E0,-1.714158297E0
4.805410864E1,-1.118046403E0,9.614660263E0,-1.709372640E0
4.805648708E1,-1.098903775E0,9.645767212E0,-1.683051586E0
4.805886552E1,-1.115653515E0,9.600303650E0,-1.666301847E0
4.806124317E1,-1.141974568E0,9.571589470E0,-1.680658817E0
4.806362088E1,-1.146760225E0,9.557232857E0,-1.666301847E0
4.806599932E1,-1.127617717E0,9.583553314E0,-1.668694735E0
4.806837781E1,-1.118046403E0,9.590732574E0,-1.671087503E0
4.807075546E1,-1.130010486E0,9.605089188E0,-1.656730533E0
4.807313312E1,-1.130010486E0,9.609874725E0,-1.649552107E0
4.807551156E1,-1.108475089E0,9.597910881E0,-1.656730533E0
4.807789005E1,-1.094118118E0,9.624231339E0,-1.654337764E0
4.808026770E1,-1.096511006E0,9.633803368E0,-1.663909078E0
4.808264541E1,-1.084546804E0,9.621838570E0,-1.666301847E0
4.808502385E1,-1.082154036E0,9.626625061E0,-1.687837243E0
4.808740234E1,-1.079761267E0,9.631410599E0,-1.706979871E0
4.808978000E1,-1.094118118E0,9.629017830E0,-1.709372640E0
4.809215765E1,-1.086939692E0,9.638588905E0,-1.721336842E0
4.809453609E1,-1.077368379E0,9.664909363E0,-1.711765528E0
4.809691458E1,-1.084546804E0,9.657731056E0,-1.718943954E0
4.809929224E1,-1.108475089E0,9.650552750E0,-1.709372640E0
4.810166994E1,-1.106082320E0,9.667302132E0,-1.704586983E0
4.810404838E1,-1.115653515E0,9.645767212E0,-1.718943954E0
4.810642687E1,-1.120439172E0,9.652945518E0,-1.721336842E0
4.810880453E1,-1.120439172E0,9.667302132E0,-1.728515267E0
4.811118224E1,-1.122832060E0,9.662516594E0,-1.714158297E0
4.811356067E1,-1.113260746E0,9.662516594E0,-1.711765528E0
4.811593911E1,-1.125224829E0,9.662516594E0,-1.706979871E0
4.811831677E1,-1.144367456E0,9.662516594E0,-1.690230131E0
4.812069448E1,-1.134796143E0,9.660123825E0,-1.728515267E0
4.812307291E1,-1.113260746E0,9.645767212E0,-1.697408557E0
4.812545140E1,-1.115653515E0,9.636196136E0,-1.702194214E0
4.812782906E1,-1.118046403E0,9.660123825E0,-1.685444474E0
4.813020671E1,-1.132403374E0,9.688838005E0,-1.678265929E0
4.813258515E1,-1.560718536E0,9.978668213E0,-1.632802367E0
4.813496364E1,-1.402792215E0,9.911669731E0,-1.642373681E0
4.813734130E1,-1.029212832E0,9.767801285E0,-1.702194214E0
4.813971901E1,-8.377870321E-1,9.614660263E0,-1.728515267E0
4.814209744E1,-8.377870321E-1,9.490233421E0,-1.752742529E0
4.814447593E1,-9.215358496E-1,9.447162628E0,-1.723729610E0
4.814685359E1,-1.014855862E0,9.518947601E0,-1.673480392E0
4.814923124E1,-1.041176915E0,9.538089752E0,-1.671087503E0
4.815160968E1,-1.029212832E0,9.602696419E0,-1.675873160E0
4.815398817E1,-1.002891779E0,9.640981674E0,-1.718943954E0
4.815636583E1,-9.693922997E-1,9.662516594E0,-1.738086581E0
4.815874354E1,-9.550353289E-1,9.676874161E0,-1.759921074E0
4.816112198E1,-9.693922997E-1,9.669695854E0,-1.762313843E0
4.816350041E1,-9.646066427E-1,9.681659698E0,-1.757528186E0
4.816587812E1,-9.358927608E-1,9.684052467E0,-1.747956991E0
4.816825578E1,-9.861420393E-1,9.686445236E0,-1.742872238E0
4.817063421E1,-9.933205247E-1,9.667302132E0,-1.699801445E0
4.817301270E1,-9.622138143E-1,9.638588905E0,-1.697408557E0
4.817539036E1,-8.880363107E-1,9.662516594E0,-1.718943954E0
4.817776807E1,-8.186444640E-1,9.688838005E0,-1.690230131E0
4.818014651E1,-8.090731502E-1,9.691230774E0,-1.671087503E0
4.818252494E1,-8.425726891E-1,9.664909363E0,-1.690230131E0
4.818490260E1,-8.784649968E-1,9.686445236E0,-1.697408557E0
4.818728031E1,-8.593224287E-1,9.681659698E0,-1.695015788E0
4.818965874E1,-8.210372925E-1,9.693623543E0,-1.687837243E0
4.819203724E1,-8.138588071E-1,9.698409081E0,-1.711765528E0
4.819441489E1,-8.066803217E-1,9.684052467E0,-1.702194214E0
4.819679260E1,-7.851449251E-1,9.681659698E0,-1.726122379E0
4.819917104E1,-7.923234105E-1,9.693623543E0,-1.735693693E0
4.820154948E1,-7.755736113E-1,9.696016312E0,-1.742872238E0
4.820392718E1,-7.540382147E-1,9.700801849E0,-1.726122379E0
4.820630484E1,-7.540382147E-1,9.700801849E0,-1.735693693E0
4.820868328E1,-7.707880139E-1,9.710372925E0,-1.699801445E0
4.821106177E1,-7.660023570E-1,9.715159416E0,-1.721336842E0
4.821343942E1,-7.612167001E-1,9.751050949E0,-1.711765528E0
4.821581713E1,-7.516453862E-1,9.746265411E0,-1.709372640E0
4.821819557E1,-7.468597889E-1,9.731908798E0,-1.752742529E0
4.822057401E1,-7.277171612E-1,9.748658180E0,-1.742872238E0
4.822295171E1,-7.085745931E-1,9.739087105E0,-1.738086581E0
4.822532937E1,-7.396813035E-1,9.729516029E0,-1.769492388E0
4.822770781E1,-7.325028181E-1,9.736694336E0,-1.764706731E0
4.823008630E1,-7.516453862E-1,9.719944954E0,-1.767099500E0
4.823246395E1,-7.325028181E-1,9.698409081E0,-1.771885157E0
4.823484166E1,-7.205387354E-1,9.672088623E0,-1.786242127E0
4.823722010E1,-7.157530785E-1,9.679266930E0,-1.759921074E0
4.823959854E1,-7.061817646E-1,9.662516594E0,-1.757528186E0
4.824197619E1,-7.061817646E-1,9.672088623E0,-1.762313843E0
4.824435390E1,-7.157530785E-1,9.674481392E0,-1.733300924E0
4.824673234E1,-7.061817646E-1,9.674481392E0,-1.718943954E0
4.824911083E1,-6.894320250E-1,9.672088623E0,-1.716551185E0
4.825148848E1,-6.870391965E-1,9.686445236E0,-1.723729610E0
4.825386619E1,-6.846463680E-1,9.698409081E0,-1.721336842E0
4.825624463E1,-6.822535396E-1,9.676874161E0,-1.704586983E0
4.825862307E1,-6.487540603E-1,9.700801849E0,-1.673480392E0
4.826100072E1,-6.583253145E-1,9.676874161E0,-1.709372640E0
4.826337843E1,-6.702894568E-1,9.700801849E0,-1.716551185E0
4.826575687E1,-6.487540603E-1,9.684052467E0,-1.726122379E0
4.826813536E1,-6.463612318E-1,9.686445236E0,-1.716551185E0
4.827051302E1,-6.248258352E-1,9.688838005E0,-1.697408557E0
4.827289072E1,-6.128616929E-1,9.715159416E0,-1.706979871E0
4.827526916E1,-5.889334679E-1,9.688838005E0,-1.735693693E0
4.827764760E1,-6.080760360E-1,9.715159416E0,-1.726122379E0
4.828002526E1,-5.937191248E-1,9.731908798E0,-1.718943954E0
4.828240296E1,-5.961119533E-1,9.700801849E0,-1.738086581E0
4.828478140E1,-5.817549825E-1,9.679266930E0,-1.723729610E0
4.828715989E1,-5.865406394E-1,9.688838005E0,-1.740479350E0
4.828953755E1,-6.128616929E-1,9.681659698E0,-1.759921074E0
4.829191526E1,-6.080760360E-1,9.686445236E0,-1.742872238E0
4.829429369E1,-5.889334679E-1,9.676874161E0,-1.733300924E0
4.829667213E1,-6.008976102E-1,9.676874161E0,-1.769492388E0
4.829904979E1,-6.128616929E-1,9.681659698E0,-1.747956991E0
4.830142750E1,-6.152545214E-1,9.674481392E0,-1.733300924E0
4.830380593E1,-6.248258352E-1,9.664909363E0,-1.757528186E0
4.830618442E1,-6.176473498E-1,9.640981674E0,-1.738086581E0
4.830856208E1,-6.200401783E-1,9.660123825E0,-1.740479350E0
4.831093979E1,-6.391827464E-1,9.640981674E0,-1.740479350E0
4.831331822E1,-6.559324861E-1,9.657731056E0,-1.745265007E0
4.831569666E1,-6.391827464E-1,9.652945518E0,-1.764706731E0
4.831807432E1,-6.487540603E-1,9.676874161E0,-1.755135417E0
4.832045203E1,-6.487540603E-1,9.669695854E0,-1.762313843E0
4.832283046E1,-6.559324861E-1,9.652945518E0,-1.779063582E0
4.832520895E1,-6.631109715E-1,9.648159981E0,-1.764706731E0
4.832758661E1,-6.535396576E-1,9.672088623E0,-1.776670814E0
4.832996427E1,-6.607181430E-1,9.655338287E0,-1.800599098E0
4.833234270E1,-6.655037999E-1,9.652945518E0,-1.800599098E0
4.833472119E1,-6.583253145E-1,9.684052467E0,-1.802991867E0
4.833709885E1,-6.583253145E-1,9.698409081E0,-1.781456470E0
4.833947656E1,-6.750751138E-1,9.681659698E0,-1.776670814E0
4.834185500E1,-6.750751138E-1,9.691230774E0,-1.788634896E0
4.834423349E1,-6.607181430E-1,9.722337723E0,-1.786242127E0
4.834661114E1,-6.631109715E-1,9.722337723E0,-1.735693693E0
4.834898880E1,-6.678966284E-1,9.719944954E0,-1.800599098E0
4.835136724E1,-7.181459069E-1,9.772586823E0,-1.817348838E0
4.835374572E1,-1.127617717E0,1.004088211E1,-1.757528186E0
4.835612338E1,-8.018946648E-1,9.894919395E0,-1.762313843E0
4.835850109E1,-5.506483316E-1,9.753444672E0,-1.831705689E0
4.836087953E1,-5.721837282E-1,9.629017830E0,-1.853241086E0
4.836325802E1,-6.008976102E-1,9.480662346E0,-1.869990945E0
4.836563567E1,-6.367899179E-1,9.451948166E0,-1.817348838E0
4.836801333E1,-6.607181430E-1,9.504590988E0,-1.774278045E0
4.837039177E1,-6.966105103E-1,9.581160545E0,-1.757528186E0
4.837277026E1,-7.229315639E-1,9.650552750E0,-1.769492388E0
4.837514791E1,-7.301099896E-1,9.662516594E0,-1.805384636E0
4.837752562E1,-7.157530785E-1,9.696016312E0,-1.831705689E0
4.837990406E1,-7.061817646E-1,9.669695854E0,-1.831705689E0
4.838228250E1,-7.444669604E-1,9.676874161E0,-1.836491346E0
4.838466020E1,-7.468597889E-1,9.655338287E0,-1.817348838E0
4.838703786E1,-7.540382147E-1,9.660123825E0,-1.834098577E0
4.838941630E1,-7.444669604E-1,9.660123825E0,-1.800599098E0
4.839179479E1,-7.420741320E-1,9.674481392E0,-1.786242127E0
4.839417244E1,-7.468597889E-1,9.688838005E0,-1.793420553E0
4.839655015E1,-7.348956466E-1,9.679266930E0,-1.791027784E0
4.839892859E1,-7.372884750E-1,9.667302132E0,-1.767099500E0
4.840130703E1,-7.253243923E-1,9.662516594E0,-1.755135417E0
4.840368468E1,-7.301099896E-1,9.660123825E0,-1.771885157E0
4.840606239E1,-7.229315639E-1,9.688838005E0,-1.788634896E0
4.840844083E1,-7.325028181E-1,9.648159981E0,-1.764706731E0
4.841081932E1,-7.109674215E-1,9.676874161E0,-1.776670814E0
4.841319698E1,-7.133602500E-1,9.669695854E0,-1.786242127E0
4.841557468E1,-7.133602500E-1,9.707980156E0,-1.786242127E0
4.841795312E1,-7.157530785E-1,9.688838005E0,-1.783849239E0
4.842033156E1,-7.157530785E-1,9.698409081E0,-1.774278045E0
4.842270921E1,-7.181459069E-1,9.717552185E0,-1.764706731E0
4.842508692E1,-7.205387354E-1,9.712766647E0,-1.747956991E0
4.842746536E1,-7.229315639E-1,9.739087105E0,-1.745265007E0
4.842984385E1,-7.229315639E-1,9.751050949E0,-1.757528186E0
4.843222151E1,-7.253243923E-1,9.763015747E0,-1.733300924E0
4.843459921E1,-7.396813035E-1,9.760622978E0,-1.718943954E0
4.843697765E1,-7.229315639E-1,9.787242889E0,-1.759921074E0
4.843935609E1,-7.396813035E-1,9.784850121E0,-1.757528186E0
4.844173374E1,-7.444669604E-1,9.765408516E0,-1.726122379E0
4.844411145E1,-7.492526174E-1,9.780064583E0,-1.742872238E0
4.844648989E1,-7.325028181E-1,9.755837440E0,-1.742872238E0
4.844886838E1,-7.420741320E-1,9.763015747E0,-1.740479350E0
4.845124604E1,-7.325028181E-1,9.748658180E0,-1.750349760E0
4.845362374E1,-7.396813035E-1,9.734301567E0,-1.733300924E0
4.845600218E1,-7.348956466E-1,9.724730492E0,-1.745265007E0
4.845838062E1,-7.444669604E-1,9.715159416E0,-1.759921074E0
4.846075828E1,-7.253243923E-1,9.705587387E0,-1.764706731E0
4.846313598E1,-7.444669604E-1,9.710372925E0,-1.769492388E0
4.846551442E1,-7.444669604E-1,9.686445236E0,-1.779063582E0
4.846789286E1,-7.444669604E-1,9.693623543E0,-1.776670814E0
4.847027057E1,-7.564310431E-1,9.686445236E0,-1.771885157E0
4.847264822E1,-7.636095285E-1,9.664909363E0,-1.802991867E0
4.847502666E1,-7.707880139E-1,9.669695854E0,-1.802991867E0
4.847740515E1,-7.923234105E-1,9.664909363E0,-1.793420553E0
4.847978281E1,-7.707880139E-1,9.667302132E0,-1.812563181E0
4.848216052E1,-7.947162390E-1,9.655338287E0,-1.812563181E0
4.848453895E1,-7.660023570E-1,9.640981674E0,-1.817348838E0
4.848691739E1,-7.971090674E-1,9.652945518E0,-1.802991867E0
4.848929505E1,-7.995018363E-1,9.650552750E0,-1.807777524E0
4.849167276E1,-8.114659786E-1,9.660123825E0,-1.817348838E0
4.849405119E1,-8.018946648E-1,9.650552750E0,-1.826920033E0
4.849642968E1,-8.186444640E-1,9.684052467E0,-1.812563181E0
4.849880734E1,-8.210372925E-1,9.676874161E0,-1.826920033E0
4.850118505E1,-8.162516356E-1,9.700801849E0,-1.836491346E0
4.850356348E1,-8.234301209E-1,9.664909363E0,-1.826920033E0
4.850594192E1,-8.545367718E-1,9.650552750E0,-1.810170293E0
4.850831958E1,-8.569296002E-1,9.652945518E0,-1.826920033E0
4.851069729E1,-8.497511148E-1,9.669695854E0,-1.810170293E0
4.851307572E1,-8.641080856E-1,9.652945518E0,-1.807777524E0
4.851545421E1,-8.282157183E-1,9.629017830E0,-1.819741607E0
4.851783187E1,-8.377870321E-1,9.643374443E0,-1.829312921E0
4.852020958E1,-8.521439433E-1,9.629017830E0,-1.824527264E0
4.852258802E1,-8.473583460E-1,9.624231339E0,-1.800599098E0
4.852496645E1,-8.377870321E-1,9.581160545E0,-1.824527264E0
4.852734411E1,-8.665009141E-1,9.600303650E0,-1.814955950E0
4.852972182E1,-8.641080856E-1,9.602696419E0,-1.829312921E0
4.853210026E1,-8.712865710E-1,9.583553314E0,-1.843669891E0
4.853447874E1,-8.545367718E-1,9.593125343E0,-1.822134495E0
4.853685640E1,-8.617152572E-1,9.607481956E0,-1.822134495E0
4.853923411E1,-8.880363107E-1,9.590732574E0,-1.838884234E0
4.854161255E1,-8.808578253E-1,9.569196701E0,-1.814955950E0
4.854399098E1,-8.808578253E-1,9.578767776E0,-1.846062660E0
4.854636864E1,-9.191430211E-1,9.588339806E0,-1.841277003E0
4.854874635E1,-9.023932219E-1,9.559625626E0,-1.853241086E0
4.855112479E1,-9.000003934E-1,9.562018394E0,-1.838884234E0
4.855350328E1,-9.191430211E-1,9.581160545E0,-1.829312921E0
4.855588093E1,-9.406784177E-1,9.590732574E0,-1.829312921E0
4.855825859E1,-9.382855892E-1,9.593125343E0,-1.838884234E0
4.856063703E1,-9.454640746E-1,9.600303650E0,-1.824527264E0
4.856301552E1,-9.502496719E-1,9.609874725E0,-1.807777524E0
4.856539317E1,-9.598209858E-1,9.607481956E0,-1.793420553E0
4.856777088E1,-9.526425004E-1,9.621838570E0,-1.802991867E0
4.857014932E1,-9.430712461E-1,9.609874725E0,-1.791027784E0
4.857252776E1,-9.502496719E-1,9.631410599E0,-1.793420553E0
4.857490541E1,-9.598209858E-1,9.640981674E0,-1.783849239E0
4.857728312E1,-9.406784177E-1,9.631410599E0,-1.774278045E0
4.857966156E1,-9.478568435E-1,9.636196136E0,-1.779063582E0
4.858204005E1,-9.478568435E-1,9.645767212E0,-1.786242127E0
4.858441770E1,-9.071788788E-1,9.640981674E0,-1.788634896E0
4.858679541E1,-9.191430211E-1,9.631410599E0,-1.819741607E0
4.858917385E1,-9.167501926E-1,9.636196136E0,-1.822134495E0
4.859155229E1,-9.215358496E-1,9.650552750E0,-1.812563181E0
4.859392994E1,-9.071788788E-1,9.619445801E0,-1.802991867E0
4.859630765E1,-9.000003934E-1,9.605089188E0,-1.826920033E0
4.859868609E1,-8.928219676E-1,9.626625061E0,-1.814955950E0
4.860106458E1,-8.856434822E-1,9.619445801E0,-1.834098577E0
4.860344224E1,-9.119645357E-1,9.621838570E0,-1.812563181E0
4.860581994E1,-8.976075649E-1,9.619445801E0,-1.826920033E0
4.860819838E1,-8.808578253E-1,9.633803368E0,-1.812563181E0
4.861057682E1,-8.712865710E-1,9.621838570E0,-1.836491346E0
4.861295448E1,-8.569296002E-1,9.631410599E0,-1.805384636E0
4.861533218E1,-8.760721684E-1,9.629017830E0,-1.822134495E0
4.861771062E1,-8.688937426E-1,9.629017830E0,-1.791027784E0
4.862008911E1,-8.808578253E-1,9.638588905E0,-1.798206210E0
4.862246677E1,-8.832506537E-1,9.674481392E0,-1.817348838E0
4.862484448E1,-8.688937426E-1,9.643374443E0,-1.822134495E0
4.862722291E1,-8.760721684E-1,9.660123825E0,-1.805384636E0
4.862960135E1,-8.760721684E-1,9.662516594E0,-1.795813441E0
4.863197901E1,-8.784649968E-1,9.655338287E0,-1.810170293E0
4.863435671E1,-8.808578253E-1,9.660123825E0,-1.807777524E0
4.863673515E1,-8.904291391E-1,9.667302132E0,-1.805384636E0
4.863911364E1,-9.000003934E-1,9.655338287E0,-1.807777524E0
4.864149130E1,-8.832506537E-1,9.664909363E0,-1.824527264E0
4.864386895E1,-9.047860503E-1,9.655338287E0,-1.831705689E0
4.864624739E1,-8.736793399E-1,9.645767212E0,-1.831705689E0
4.864862588E1,-8.832506537E-1,9.650552750E0,-1.819741607E0
4.865100354E1,-8.904291391E-1,9.645767212E0,-1.814955950E0
4.865338125E1,-8.641080856E-1,9.648159981E0,-1.831705689E0
4.865575968E1,-8.688937426E-1,9.655338287E0,-1.826920033E0
4.865813812E1,-9.071788788E-1,9.660123825E0,-1.817348838E0
4.866051583E1,-8.832506537E-1,9.669695854E0,-1.802991867E0
4.866289349E1,-8.856434822E-1,9.684052467E0,-1.819741607E0
4.866527192E1,-8.497511148E-1,9.688838005E0,-1.846062660E0
4.866765041E1,-8.760721684E-1,9.710372925E0,-1.826920033E0
4.867002807E1,-8.952147961E-1,9.700801849E0,-1.850848317E0
4.867240578E1,-8.856434822E-1,9.703194618E0,-1.850848317E0
4.867478421E1,-8.760721684E-1,9.707980156E0,-1.841277003E0
4.867716265E1,-8.952147961E-1,9.688838005E0,-1.867598057E0
4.867954031E1,-8.856434822E-1,9.712766647E0,-1.853241086E0
4.868191802E1,-8.880363107E-1,9.724730492E0,-1.850848317E0
4.868429645E1,-8.760721684E-1,9.722337723E0,-1.872383714E0
4.868667494E1,-8.856434822E-1,9.712766647E0,-1.841277003E0
4.868905260E1,-9.023932219E-1,9.707980156E0,-1.853241086E0
4.869143031E1,-9.023932219E-1,9.719944954E0,-1.879562140E0
4.869380875E1,-8.880363107E-1,9.715159416E0,-1.877169371E0
4.869618718E1,-8.976075649E-1,9.729516029E0,-1.879562140E0
4.869856484E1,-8.688937426E-1,9.724730492E0,-1.874776483E0
4.870094255E1,-8.904291391E-1,9.729516029E0,-1.865205288E0
4.870332099E1,-8.976075649E-1,9.722337723E0,-1.877169371E0
4.870569948E1,-9.000003934E-1,9.707980156E0,-1.858026743E0
4.870807713E1,-8.808578253E-1,9.727123260E0,-1.877169371E0
4.871045479E1,-8.784649968E-1,9.736694336E0,-1.879562140E0
4.871283323E1,-8.808578253E-1,9.696016312E0,-1.874776483E0
4.871521171E1,-8.808578253E-1,9.717552185E0,-1.886740685E0
4.871758937E1,-8.904291391E-1,9.717552185E0,-1.877169371E0
4.871996708E1,-8.904291391E-1,9.707980156E0,-1.896311998E0
4.872234552E1,-8.808578253E-1,9.703194618E0,-1.915454507E0
4.872472395E1,-8.521439433E-1,9.696016312E0,-1.886740685E0
4.872710161E1,-8.736793399E-1,9.698409081E0,-1.901097536E0
4.872947932E1,-8.593224287E-1,9.686445236E0,-1.908276081E0
4.873185776E1,-8.641080856E-1,9.676874161E0,-1.893919110E0
4.873423625E1,-8.425726891E-1,9.679266930E0,-1.901097536E0
4.873661390E1,-8.497511148E-1,9.676874161E0,-1.932204247E0
4.873899161E1,-8.641080856E-1,9.676874161E0,-1.936989903E0
4.874137005E1,-8.569296002E-1,9.669695854E0,-1.953739643E0
4.874374849E1,-8.306085467E-1,9.657731056E0,-1.946561217E0
4.874612614E1,-8.593224287E-1,9.640981674E0,-1.939382792E0
4.874850385E1,-8.377870321E-1,9.629017830E0,-1.951346874E0
4.875088229E1,-8.353942037E-1,9.638588905E0,-1.987239242E0
4.875326078E1,-8.258228898E-1,9.631410599E0,-1.965703845E0
4.875563843E1,-8.545367718E-1,9.631410599E0,-1.970489502E0
4.875801609E1,-8.425726891E-1,9.638588905E0,-1.965703845E0
4.876039453E1,-8.186444640E-1,9.614660263E0,-1.992024899E0
4.876277302E1,-8.282157183E-1,9.609874725E0,-1.984846354E0
4.876515067E1,-8.521439433E-1,9.583553314E0,-1.963310957E0
4.876752838E1,-8.330013752E-1,9.593125343E0,-1.960918188E0
4.876990682E1,-8.521439433E-1,9.571589470E0,-1.987239242E0
4.877228531E1,-8.473583460E-1,9.576375008E0,-1.960918188E0
4.877466296E1,-8.425726891E-1,9.602696419E0,-1.925025821E0
4.877704062E1,-8.425726891E-1,9.576375008E0,-1.929811478E0
4.877941906E1,-8.760721684E-1,9.557232857E0,-1.934597135E0
4.878179755E1,-8.688937426E-1,9.550054550E0,-1.922633052E0
4.878417520E1,-8.928219676E-1,9.533304214E0,-1.893919110E0
4.878655291E1,-8.736793399E-1,9.535696983E0,-1.869990945E0
4.878893135E1,-8.760721684E-1,9.552447319E0,-1.869990945E0
4.879130979E1,-8.832506537E-1,9.557232857E0,-1.874776483E0
4.879368744E1,-8.712865710E-1,9.564411163E0,-1.874776483E0
4.879606515E1,-9.143573642E-1,9.557232857E0,-1.853241086E0
4.879844359E1,-9.143573642E-1,9.564411163E0,-1.858026743E0
4.880082208E1,-8.904291391E-1,9.573982239E0,-1.841277003E0
4.880319974E1,-8.856434822E-1,9.585947037E0,-1.860419631E0
4.880557744E1,-9.000003934E-1,9.590732574E0,-1.867598057E0
4.880795588E1,-8.688937426E-1,9.593125343E0,-1.874776483E0
4.881033432E1,-8.976075649E-1,9.607481956E0,-1.860419631E0
4.881271198E1,-8.736793399E-1,9.624231339E0,-1.862812400E0
4.881508968E1,-8.856434822E-1,9.626625061E0,-1.858026743E0
4.881746812E1,-8.880363107E-1,9.614660263E0,-1.889133453E0
4.881984661E1,-8.665009141E-1,9.629017830E0,-1.869990945E0
4.882222427E1,-8.808578253E-1,9.638588905E0,-1.881955028E0
4.882460198E1,-9.047860503E-1,9.638588905E0,-1.891526341E0
4.882698041E1,-8.928219676E-1,9.619445801E0,-1.874776483E0
4.882935885E1,-8.760721684E-1,9.607481956E0,-1.893919110E0
4.883173651E1,-8.856434822E-1,9.607481956E0,-1.881955028E0
4.883411421E1,-8.880363107E-1,9.619445801E0,-1.881955028E0
4.883649265E1,-8.832506537E-1,9.621838570E0,-1.858026743E0
4.883887109E1,-8.952147961E-1,9.605089188E0,-1.855633974E0
4.884124874E1,-8.976075649E-1,9.624231339E0,-1.860419631E0
4.884362645E1,-8.832506537E-1,9.626625061E0,-1.867598057E0
4.884600489E1,-9.071788788E-1,9.605089188E0,-1.843669891E0
4.884838338E1,-9.071788788E-1,9.612267494E0,-1.838884234E0
4.885076104E1,-9.119645357E-1,9.619445801E0,-1.848455548E0
4.885313874E1,-9.071788788E-1,9.617053032E0,-1.834098577E0
4.885551718E1,-8.952147961E-1,9.602696419E0,-1.843669891E0
4.885789562E1,-9.263214469E-1,9.602696419E0,-1.824527264E0
4.886027328E1,-9.311071038E-1,9.600303650E0,-1.831705689E0
4.886265098E1,-9.000003934E-1,9.609874725E0,-1.841277003E0
4.886502942E1,-9.071788788E-1,9.614660263E0,-1.838884234E0
4.886740791E1,-9.263214469E-1,9.612267494E0,-1.817348838E0
4.886978557E1,-9.239286184E-1,9.614660263E0,-1.836491346E0
4.887216328E1,-9.311071038E-1,9.619445801E0,-1.826920033E0
4.887454171E1,-9.263214469E-1,9.619445801E0,-1.814955950E0
4.887692015E1,-9.119645357E-1,9.626625061E0,-1.810170293E0
4.887929781E1,-9.287142754E-1,9.609874725E0,-1.824527264E0
4.888167552E1,-9.311071038E-1,9.607481956E0,-1.822134495E0
4.888405395E1,-9.358927608E-1,9.617053032E0,-1.819741607E0
4.888643244E1,-9.358927608E-1,9.621838570E0,-1.819741607E0
4.888881010E1,-9.358927608E-1,9.645767212E0,-1.838884234E0
4.889118776E1,-9.215358496E-1,9.629017830E0,-1.829312921E0
4.889356619E1,-9.167501926E-1,9.672088623E0,-1.817348838E0
4.889594468E1,-9.047860503E-1,9.669695854E0,-1.812563181E0
4.889832234E1,-9.071788788E-1,9.664909363E0,-1.838884234E0
4.890070005E1,-8.976075649E-1,9.674481392E0,-1.831705689E0
4.890307848E1,-8.928219676E-1,9.667302132E0,-1.824527264E0
4.890545692E1,-8.976075649E-1,9.700801849E0,-1.817348838E0
4.890783458E1,-9.095717072E-1,9.664909363E0,-1.812563181E0
4.891021229E1,-8.880363107E-1,9.676874161E0,-1.829312921E0
4.891259072E1,-8.760721684E-1,9.669695854E0,-1.807777524E0
4.891496921E1,-8.641080856E-1,9.672088623E0,-1.834098577E0
4.891734687E1,-8.497511148E-1,9.676874161E0,-1.826920033E0
4.891972458E1,-8.593224287E-1,9.672088623E0,-1.807777524E0
4.892210302E1,-8.593224287E-1,9.684052467E0,-1.812563181E0
4.892448145E1,-8.760721684E-1,9.672088623E0,-1.814955950E0
4.892685911E1,-8.856434822E-1,9.674481392E0,-1.812563181E0
4.892923682E1,-8.712865710E-1,9.672088623E0,-1.800599098E0
4.893161526E1,-8.665009141E-1,9.676874161E0,-1.802991867E0
4.893399374E1,-8.808578253E-1,9.676874161E0,-1.810170293E0
4.893637140E1,-8.688937426E-1,9.662516594E0,-1.788634896E0
4.893874906E1,-8.641080856E-1,9.688838005E0,-1.779063582E0
4.894112750E1,-8.641080856E-1,9.698409081E0,-1.767099500E0
4.894350598E1,-8.784649968E-1,9.707980156E0,-1.769492388E0
4.894588364E1,-8.808578253E-1,9.707980156E0,-1.779063582E0
4.894826135E1,-8.665009141E-1,9.698409081E0,-1.798206210E0
4.895063979E1,-8.449655175E-1,9.719944954E0,-1.793420553E0
4.895301822E1,-8.545367718E-1,9.739087105E0,-1.798206210E0
4.895539588E1,-8.521439433E-1,9.736694336E0,-1.771885157E0
4.895777359E1,-8.449655175E-1,9.731908798E0,-1.752742529E0
4.896015203E1,-8.330013752E-1,9.736694336E0,-1.786242127E0
4.896253052E1,-8.258228898E-1,9.724730492E0,-1.795813441E0
4.896490817E1,-8.306085467E-1,9.722337723E0,-1.791027784E0
4.896728588E1,-8.186444640E-1,9.719944954E0,-1.807777524E0
4.896966432E1,-8.353942037E-1,9.724730492E0,-1.805384636E0
4.897204276E1,-8.353942037E-1,9.700801849E0,-1.802991867E0
4.897442041E1,-8.425726891E-1,9.705587387E0,-1.805384636E0
4.897679812E1,-8.545367718E-1,9.700801849E0,-1.802991867E0
4.897917656E1,-8.497511148E-1,9.691230774E0,-1.800599098E0
4.898155500E1,-8.712865710E-1,9.686445236E0,-1.824527264E0
4.898393270E1,-8.832506537E-1,9.681659698E0,-1.807777524E0
4.898631036E1,-8.736793399E-1,9.674481392E0,-1.805384636E0
4.898868880E1,-8.856434822E-1,9.657731056E0,-1.788634896E0
4.899106729E1,-9.000003934E-1,9.648159981E0,-1.805384636E0
4.899344494E1,-8.928219676E-1,9.645767212E0,-1.800599098E0
4.899582265E1,-9.119645357E-1,9.629017830E0,-1.802991867E0
4.899820109E1,-9.119645357E-1,9.624231339E0,-1.812563181E0
4.900057953E1,-9.191430211E-1,9.629017830E0,-1.783849239E0
4.900295718E1,-9.311071038E-1,9.607481956E0,-1.795813441E0
4.900533489E1,-9.167501926E-1,9.619445801E0,-1.781456470E0
4.900771333E1,-9.311071038E-1,9.605089188E0,-1.781456470E0
4.901009182E1,-9.143573642E-1,9.605089188E0,-1.786242127E0
4.901246948E1,-9.071788788E-1,9.612267494E0,-1.771885157E0
4.901484718E1,-9.095717072E-1,9.600303650E0,-1.800599098E0
4.901722562E1,-9.167501926E-1,9.619445801E0,-1.779063582E0
4.901960406E1,-8.928219676E-1,9.614660263E0,-1.786242127E0
4.902198171E1,-9.119645357E-1,9.629017830E0,-1.795813441E0
4.902435942E1,-9.215358496E-1,9.614660263E0,-1.786242127E0
4.902673786E1,-9.071788788E-1,9.609874725E0,-1.776670814E0
4.902911630E1,-9.023932219E-1,9.629017830E0,-1.776670814E0
4.903149401E1,-8.808578253E-1,9.621838570E0,-1.783849239E0
4.903387166E1,-9.000003934E-1,9.633803368E0,-1.793420553E0
4.903625010E1,-9.263214469E-1,9.652945518E0,-1.807777524E0
4.903862859E1,-9.023932219E-1,9.672088623E0,-1.788634896E0
4.904100625E1,-8.928219676E-1,9.667302132E0,-1.781456470E0
4.904338395E1,-8.856434822E-1,9.679266930E0,-1.798206210E0
4.904576239E1,-8.928219676E-1,9.669695854E0,-1.764706731E0
4.904814083E1,-9.047860503E-1,9.676874161E0,-1.774278045E0
4.905051849E1,-9.023932219E-1,9.698409081E0,-1.800599098E0
4.905289619E1,-9.000003934E-1,9.693623543E0,-1.798206210E0
4.905527463E1,-9.119645357E-1,9.698409081E0,-1.788634896E0
4.905765312E1,-9.311071038E-1,9.707980156E0,-1.771885157E0
4.906003078E1,-9.526425004E-1,9.705587387E0,-1.786242127E0
4.906240843E1,-9.430712461E-1,9.719944954E0,-1.802991867E0
4.906478687E1,-9.382855892E-1,9.686445236E0,-1.791027784E0
4.906716536E1,-9.430712461E-1,9.719944954E0,-1.791027784E0
4.906954302E1,-9.311071038E-1,9.717552185E0,-1.776670814E0
4.907192073E1,-9.382855892E-1,9.729516029E0,-1.764706731E0
4.907429916E1,-9.478568435E-1,9.688838005E0,-1.769492388E0
4.907667760E1,-9.646066427E-1,9.684052467E0,-1.774278045E0
4.907905526E1,-9.478568435E-1,9.693623543E0,-1.769492388E0
4.908143296E1,-9.430712461E-1,9.679266930E0,-1.742872238E0
4.908381140E1,-9.430712461E-1,9.662516594E0,-1.759921074E0
4.908618989E1,-9.287142754E-1,9.674481392E0,-1.718943954E0
4.908856755E1,-9.382855892E-1,9.681659698E0,-1.723729610E0
4.909094526E1,-9.478568435E-1,9.669695854E0,-1.723729610E0
4.909332369E1,-9.406784177E-1,9.662516594E0,-1.728515267E0
4.909570213E1,-9.263214469E-1,9.674481392E0,-1.747956991E0
4.909807979E1,-9.143573642E-1,9.664909363E0,-1.718943954E0
4.910045750E1,-8.904291391E-1,9.660123825E0,-1.721336842E0
4.910283593E1,-8.904291391E-1,9.650552750E0,-1.699801445E0
4.910521442E1,-8.665009141E-1,9.645767212E0,-1.726122379E0
4.910759208E1,-8.665009141E-1,9.640981674E0,-1.733300924E0
4.910996974E1,-8.521439433E-1,9.660123825E0,-1.709372640E0
4.911234817E1,-8.473583460E-1,9.640981674E0,-1.711765528E0
4.911472666E1,-8.569296002E-1,9.645767212E0,-1.721336842E0
4.911710432E1,-8.330013752E-1,9.631410599E0,-1.735693693E0
4.911948203E1,-8.353942037E-1,9.657731056E0,-1.735693693E0
4.912186046E1,-8.377870321E-1,9.652945518E0,-1.733300924E0
4.912423890E1,-8.449655175E-1,9.655338287E0,-1.735693693E0
4.912661656E1,-8.210372925E-1,9.650552750E0,-1.742872238E0
4.912899427E1,-8.114659786E-1,9.645767212E0,-1.745265007E0
4.913137270E1,-8.282157183E-1,9.655338287E0,-1.752742529E0
4.913375119E1,-8.306085467E-1,9.650552750E0,-1.730908036E0
4.913612885E1,-8.353942037E-1,9.679266930E0,-1.726122379E0
4.913850656E1,-8.545367718E-1,9.657731056E0,-1.723729610E0
4.914088500E1,-8.377870321E-1,9.676874161E0,-1.740479350E0
4.914326343E1,-8.521439433E-1,9.669695854E0,-1.738086581E0
4.914564109E1,-8.497511148E-1,9.657731056E0,-1.733300924E0
4.914801880E1,-8.665009141E-1,9.672088623E0,-1.755135417E0
4.915039724E1,-8.712865710E-1,9.652945518E0,-1.759921074E0
4.915277567E1,-8.856434822E-1,9.672088623E0,-1.747956991E0
4.915515333E1,-8.952147961E-1,9.662516594E0,-1.750349760E0
4.915753104E1,-8.832506537E-1,9.674481392E0,-1.750349760E0
4.915990948E1,-9.095717072E-1,9.703194618E0,-1.757528186E0
4.916228796E1,-9.119645357E-1,9.672088623E0,-1.762313843E0
4.916466562E1,-9.143573642E-1,9.679266930E0,-1.776670814E0
4.916704333E1,-9.311071038E-1,9.684052467E0,-1.795813441E0
4.916942177E1,-9.502496719E-1,9.674481392E0,-1.779063582E0
4.917180020E1,-9.765707254E-1,9.674481392E0,-1.786242127E0
4.917417786E1,-9.837492108E-1,9.684052467E0,-1.774278045E0
4.917655557E1,-9.957132936E-1,9.662516594E0,-1.788634896E0
4.917893401E1,-1.014855862E0,9.669695854E0,-1.793420553E0
4.918131250E1,-1.017248750E0,9.645767212E0,-1.810170293E0
4.918369015E1,-1.043569803E0,9.667302132E0,-1.819741607E0
4.918606781E1,-1.036391258E0,9.657731056E0,-1.817348838E0
4.918844624E1,-1.067797065E0,9.655338287E0,-1.843669891E0
4.919082474E1,-1.082154036E0,9.636196136E0,-1.822134495E0
4.919320239E1,-1.101296663E0,9.643374443E0,-1.831705689E0
4.919558010E1,-1.098903775E0,9.638588905E0,-1.836491346E0
4.919795854E1,-1.096511006E0,9.609874725E0,-1.826920033E0
4.920033698E1,-1.106082320E0,9.617053032E0,-1.846062660E0
4.920271463E1,-1.098903775E0,9.607481956E0,-1.817348838E0
4.920509234E1,-1.103689432E0,9.636196136E0,-1.822134495E0
4.920747078E1,-1.130010486E0,9.612267494E0,-1.814955950E0
4.920984927E1,-1.134796143E0,9.636196136E0,-1.822134495E0
4.921222692E1,-1.134796143E0,9.617053032E0,-1.817348838E0
4.921460458E1,-1.113260746E0,9.612267494E0,-1.814955950E0
4.921698302E1,-1.130010486E0,9.588339806E0,-1.774278045E0
4.921936151E1,-1.113260746E0,9.600303650E0,-1.774278045E0
4.922173916E1,-1.122832060E0,9.624231339E0,-1.795813441E0
4.922411687E1,-1.110867858E0,9.617053032E0,-1.757528186E0
4.922649531E1,-1.098903775E0,9.607481956E0,-1.740479350E0
4.922887374E1,-1.072582722E0,9.607481956E0,-1.769492388E0
4.923125140E1,-1.082154036E0,9.621838570E0,-1.740479350E0
4.923362911E1,-1.057926655E0,9.614660263E0,-1.740479350E0
4.923600755E1,-1.043569803E0,9.621838570E0,-1.755135417E0
4.923838604E1,-1.022034407E0,9.626625061E0,-1.752742529E0
4.924076369E1,-1.012463093E0,9.645767212E0,-1.730908036E0
4.924314140E1,-1.007677436E0,9.614660263E0,-1.755135417E0
4.924551984E1,-9.693922997E-1,9.645767212E0,-1.774278045E0
4.924789828E1,-9.813563824E-1,9.652945518E0,-1.771885157E0
4.925027593E1,-9.646066427E-1,9.650552750E0,-1.788634896E0
4.925265364E1,-9.598209858E-1,9.676874161E0,-1.819741607E0
4.925503208E1,-9.693922997E-1,9.655338287E0,-1.802991867E0
4.925741057E1,-9.358927608E-1,9.669695854E0,-1.805384636E0
4.925978822E1,-9.454640746E-1,9.681659698E0,-1.814955950E0
4.926216588E1,-9.023932219E-1,9.679266930E0,-1.819741607E0
4.926454432E1,-9.023932219E-1,9.672088623E0,-1.814955950E0
4.926692281E1,-9.311071038E-1,9.681659698E0,-1.807777524E0
4.926930046E1,-9.095717072E-1,9.676874161E0,-1.822134495E0
4.927167817E1,-9.143573642E-1,9.657731056E0,-1.826920033E0
4.927405661E1,-8.808578253E-1,9.684052467E0,-1.807777524E0
4.927643505E1,-8.904291391E-1,9.652945518E0,-1.800599098E0
4.927881270E1,-8.856434822E-1,9.657731056E0,-1.791027784E0
4.928119041E1,-8.569296002E-1,9.664909363E0,-1.791027784E0
4.928356885E1,-8.449655175E-1,9.664909363E0,-1.776670814E0
4.928594734E1,-8.401798606E-1,9.645767212E0,-1.781456470E0
4.928832500E1,-8.593224287E-1,9.624231339E0,-1.759921074E0
4.929070265E1,-8.258228898E-1,9.617053032E0,-1.764706731E0
4.929308109E1,-8.090731502E-1,9.605089188E0,-1.745265007E0
4.929545958E1,-7.851449251E-1,9.588339806E0,-1.757528186E0
4.929783724E1,-7.947162390E-1,9.595518112E0,-1.704586983E0
4.930021494E1,-7.755736113E-1,9.576375008E0,-1.723729610E0
4.930259338E1,-7.707880139E-1,9.588339806E0,-1.721336842E0
4.930497182E1,-7.492526174E-1,9.590732574E0,-1.675873160E0
4.930734948E1,-7.564310431E-1,9.581160545E0,-1.671087503E0
4.930972718E1,-7.348956466E-1,9.578767776E0,-1.685444474E0
4.931210562E1,-7.181459069E-1,9.581160545E0,-1.678265929E0
4.931448411E1,-7.372884750E-1,9.590732574E0,-1.671087503E0
4.931686177E1,-7.085745931E-1,9.583553314E0,-1.666301847E0
4.931923942E1,-7.133602500E-1,9.602696419E0,-1.683051586E0
4.932161786E1,-6.894320250E-1,9.597910881E0,-1.661516190E0
4.932399635E1,-6.918248534E-1,9.605089188E0,-1.656730533E0
4.932637401E1,-6.678966284E-1,9.597910881E0,-1.675873160E0
4.932875171E1,-6.559324861E-1,9.595518112E0,-1.675873160E0
4.933113015E1,-6.655037999E-1,9.607481956E0,-1.678265929E0
4.933350859E1,-6.678966284E-1,9.621838570E0,-1.668694735E0
4.933588625E1,-6.990033388E-1,9.660123825E0,-1.721336842E0
4.933826395E1,-7.660023570E-1,9.602696419E0,-1.685444474E0
4.934064239E1,-6.870391965E-1,9.631410599E0,-1.673480392E0
4.934302088E1,-5.793621540E-1,9.679266930E0,-1.654337764E0
4.934539854E1,-5.482555032E-1,9.727123260E0,-1.683051586E0
4.934777625E1,-5.985047817E-1,9.715159416E0,-1.697408557E0
4.935015468E1,-6.678966284E-1,9.734301567E0,-1.697408557E0
4.935253312E1,-6.511468887E-1,9.736694336E0,-1.663909078E0
4.935491078E1,-6.511468887E-1,9.739087105E0,-1.666301847E0
4.935728849E1,-6.511468887E-1,9.751050949E0,-1.685444474E0
4.935966692E1,-6.272186637E-1,9.731908798E0,-1.692622900E0
4.936204536E1,-6.320042610E-1,9.748658180E0,-1.675873160E0
4.936442302E1,-6.391827464E-1,9.753444672E0,-1.697408557E0
4.936680073E1,-6.511468887E-1,9.741479874E0,-1.695015788E0
4.936917916E1,-6.463612318E-1,9.755837440E0,-1.685444474E0
4.937155765E1,-6.439684033E-1,9.746265411E0,-1.704586983E0
4.937393531E1,-6.535396576E-1,9.727123260E0,-1.675873160E0
4.937631302E1,-6.463612318E-1,9.746265411E0,-1.704586983E0
4.937869145E1,-6.320042610E-1,9.748658180E0,-1.695015788E0
4.938106989E1,-6.631109715E-1,9.751050949E0,-1.711765528E0
4.938344755E1,-6.702894568E-1,9.751050949E0,-1.699801445E0
4.938582526E1,-6.607181430E-1,9.758230209E0,-1.704586983E0
4.938820369E1,-6.750751138E-1,9.753444672E0,-1.695015788E0
4.939058213E1,-6.750751138E-1,9.751050949E0,-1.680658817E0
4.939295979E1,-6.798607111E-1,9.743872643E0,-1.714158297E0
4.939533750E1,-7.013961077E-1,9.746265411E0,-1.718943954E0
4.939771593E1,-6.894320250E-1,9.739087105E0,-1.702194214E0
4.940009442E1,-6.750751138E-1,9.739087105E0,-1.716551185E0
4.940247208E1,-7.133602500E-1,9.736694336E0,-1.699801445E0
4.940484979E1,-7.109674215E-1,9.736694336E0,-1.711765528E0
4.940722823E1,-6.966105103E-1,9.739087105E0,-1.702194214E0
4.940960666E1,-7.253243923E-1,9.724730492E0,-1.711765528E0
4.941198432E1,-7.205387354E-1,9.719944954E0,-1.704586983E0
4.941436203E1,-7.348956466E-1,9.731908798E0,-1.718943954E0
4.941674046E1,-7.253243923E-1,9.681659698E0,-1.718943954E0
4.941911890E1,-7.540382147E-1,9.707980156E0,-1.740479350E0
4.942149661E1,-7.731808424E-1,9.707980156E0,-1.718943954E0
4.942387427E1,-7.707880139E-1,9.691230774E0,-1.685444474E0
4.942625270E1,-7.707880139E-1,9.684052467E0,-1.704586983E0
4.942863119E1,-7.899305820E-1,9.684052467E0,-1.695015788E0
4.943100885E1,-8.066803217E-1,9.684052467E0,-1.697408557E0
4.943338656E1,-7.923234105E-1,9.676874161E0,-1.714158297E0
4.943576500E1,-7.923234105E-1,9.638588905E0,-1.692622900E0
4.943814343E1,-8.210372925E-1,9.638588905E0,-1.666301847E0
4.944052109E1,-8.090731502E-1,9.629017830E0,-1.671087503E0
4.944289880E1,-8.210372925E-1,9.624231339E0,-1.690230131E0
4.944527724E1,-8.042874932E-1,9.640981674E0,-1.663909078E0
4.944765573E1,-8.018946648E-1,9.626625061E0,-1.635195136E0
4.945003338E1,-8.306085467E-1,9.619445801E0,-1.630409479E0
4.945241104E1,-8.258228898E-1,9.621838570E0,-1.651944876E0
4.945478948E1,-8.306085467E-1,9.617053032E0,-1.632802367E0
4.945716796E1,-8.138588071E-1,9.633803368E0,-1.651944876E0
4.945954562E1,-8.042874932E-1,9.636196136E0,-1.637588024E0
4.946192333E1,-8.018946648E-1,9.619445801E0,-1.608874083E0
4.946430177E1,-8.282157183E-1,9.633803368E0,-1.632802367E0
4.946668020E1,-8.114659786E-1,9.643374443E0,-1.628016710E0
4.946905786E1,-8.042874932E-1,9.648159981E0,-1.642373681E0
4.947143557E1,-7.923234105E-1,9.676874161E0,-1.666301847E0
4.947381401E1,-8.210372925E-1,9.664909363E0,-1.673480392E0
4.947619250E1,-8.090731502E-1,9.672088623E0,-1.661516190E0
4.947857015E1,-7.827520967E-1,9.669695854E0,-1.663909078E0
4.948094781E1,-7.899305820E-1,9.684052467E0,-1.673480392E0
4.948332624E1,-8.018946648E-1,9.681659698E0,-1.692622900E0
4.948570474E1,-8.066803217E-1,9.664909363E0,-1.699801445E0
4.948808239E1,-8.210372925E-1,9.696016312E0,-1.697408557E0
4.949046010E1,-8.210372925E-1,9.719944954E0,-1.718943954E0
4.949283854E1,-8.258228898E-1,9.712766647E0,-1.697408557E0
4.949521698E1,-8.449655175E-1,9.688838005E0,-1.709372640E0
4.949759463E1,-8.473583460E-1,9.698409081E0,-1.716551185E0
4.949997234E1,-8.593224287E-1,9.705587387E0,-1.728515267E0
4.950235078E1,-8.856434822E-1,9.715159416E0,-1.730908036E0
4.950472927E1,-8.688937426E-1,9.710372925E0,-1.730908036E0
4.950710692E1,-9.167501926E-1,9.731908798E0,-1.711765528E0
4.950948458E1,-9.071788788E-1,9.722337723E0,-1.714158297E0
4.951186302E1,-9.095717072E-1,9.722337723E0,-1.704586983E0
4.951424151E1,-9.215358496E-1,9.727123260E0,-1.716551185E0
4.951661916E1,-9.430712461E-1,9.729516029E0,-1.706979871E0
4.951899687E1,-9.430712461E-1,9.734301567E0,-1.723729610E0
4.952137531E1,-9.358927608E-1,9.722337723E0,-1.702194214E0
4.952375374E1,-9.574281573E-1,9.731908798E0,-1.697408557E0
4.952613140E1,-9.550353289E-1,9.731908798E0,-1.706979871E0
4.952850911E1,-9.502496719E-1,9.736694336E0,-1.685444474E0
4.953088755E1,-9.622138143E-1,9.741479874E0,-1.678265929E0
4.953326604E1,-9.622138143E-1,9.715159416E0,-1.687837243E0
4.953564369E1,-9.693922997E-1,9.722337723E0,-1.663909078E0
4.953802135E1,-9.789635539E-1,9.731908798E0,-1.675873160E0
4.954039979E1,-9.861420393E-1,9.729516029E0,-1.654337764E0
4.954277828E1,-9.693922997E-1,9.715159416E0,-1.654337764E0
4.954515593E1,-9.646066427E-1,9.719944954E0,-1.654337764E0
4.954753364E1,-9.741778970E-1,9.688838005E0,-1.649552107E0
4.954991208E1,-9.598209858E-1,9.703194618E0,-1.663909078E0
4.955229052E1,-9.837492108E-1,9.705587387E0,-1.651944876E0
4.955466817E1,-9.765707254E-1,9.684052467E0,-1.656730533E0
4.955704588E1,-9.717850685E-1,9.686445236E0,-1.671087503E0
4.955942432E1,-9.622138143E-1,9.691230774E0,-1.668694735E0
4.956180281E1,-9.717850685E-1,9.696016312E0,-1.647159338E0
4.956418046E1,-9.669994712E-1,9.676874161E0,-1.656730533E0
4.956655812E1,-9.550353289E-1,9.676874161E0,-1.675873160E0
4.956893656E1,-9.693922997E-1,9.696016312E0,-1.683051586E0
4.957131505E1,-9.885348678E-1,9.696016312E0,-1.680658817E0
4.957369270E1,-9.933205247E-1,9.700801849E0,-1.683051586E0
4.957607041E1,-9.933205247E-1,9.676874161E0,-1.702194214E0
4.957844885E1,-9.861420393E-1,9.684052467E0,-1.711765528E0
4.958082729E1,-1.012463093E0,9.705587387E0,-1.711765528E0
4.958320494E1,-9.861420393E-1,9.688838005E0,-1.718943954E0
4.958558265E1,-1.012463093E0,9.676874161E0,-1.738086581E0
4.958796109E1,-1.026820064E0,9.664909363E0,-1.723729610E0
4.959033958E1,-1.045962572E0,9.667302132E0,-1.730908036E0
4.959271724E1,-1.060319543E0,9.640981674E0,-1.762313843E0
4.959509489E1,-1.050748229E0,9.672088623E0,-1.740479350E0
4.959747333E1,-1.084546804E0,9.662516594E0,-1.771885157E0
4.959985182E1,-1.096511006E0,9.657731056E0,-1.779063582E0
4.960222948E1,-1.082154036E0,9.657731056E0,-1.781456470E0
4.960460718E1,-1.115653515E0,9.629017830E0,-1.793420553E0
4.960698562E1,-1.141974568E0,9.621838570E0,-1.791027784E0
4.960936406E1,-1.165902853E0,9.629017830E0,-1.805384636E0
4.961174171E1,-1.177866936E0,9.621838570E0,-1.800599098E0
4.961411942E1,-1.194616675E0,9.638588905E0,-1.802991867E0
4.961649786E1,-1.218544960E0,9.602696419E0,-1.807777524E0
4.961887635E1,-1.232901812E0,9.605089188E0,-1.786242127E0
4.962125401E1,-1.235294700E0,9.595518112E0,-1.810170293E0
4.962363166E1,-1.242473125E0,9.624231339E0,-1.800599098E0
4.962601010E1,-1.261615753E0,9.614660263E0,-1.810170293E0
4.962838859E1,-1.275972724E0,9.590732574E0,-1.807777524E0
4.963076625E1,-1.273579836E0,9.600303650E0,-1.812563181E0
4.963314395E1,-1.273579836E0,9.595518112E0,-1.812563181E0
4.963552239E1,-1.273579836E0,9.576375008E0,-1.810170293E0
4.963790083E1,-1.304686546E0,9.578767776E0,-1.819741607E0
4.964027848E1,-1.309472203E0,9.590732574E0,-1.791027784E0
4.964265619E1,-1.309472203E0,9.576375008E0,-1.807777524E0
4.964503463E1,-1.326221943E0,9.605089188E0,-1.805384636E0
4.964741307E1,-1.314257860E0,9.593125343E0,-1.783849239E0
4.964979078E1,-1.331007600E0,9.583553314E0,-1.788634896E0
4.965216843E1,-1.347757339E0,9.593125343E0,-1.791027784E0
4.965454687E1,-1.352542996E0,9.602696419E0,-1.769492388E0
4.965692536E1,-1.359721422E0,9.597910881E0,-1.786242127E0
4.965930302E1,-1.366899967E0,9.588339806E0,-1.781456470E0
4.966168073E1,-1.374078393E0,9.583553314E0,-1.788634896E0
4.966405916E1,-1.398006678E0,9.573982239E0,-1.783849239E0
4.966643760E1,-1.393221021E0,9.593125343E0,-1.788634896E0
4.966881526E1,-1.386042476E0,9.578767776E0,-1.781456470E0
4.967119296E1,-1.407577872E0,9.583553314E0,-1.786242127E0
4.967357140E1,-1.402792215E0,9.573982239E0,-1.807777524E0
4.967594984E1,-1.414756417E0,9.595518112E0,-1.798206210E0
4.967832755E1,-1.429113269E0,9.607481956E0,-1.798206210E0
4.968070520E1,-1.433898926E0,9.602696419E0,-1.805384636E0
4.968308364E1,-1.431506157E0,9.588339806E0,-1.805384636E0
4.968546213E1,-1.457827210E0,9.590732574E0,-1.807777524E0
4.968783979E1,-1.453041553E0,9.597910881E0,-1.791027784E0
4.969021750E1,-1.460219979E0,9.597910881E0,-1.791027784E0
4.969259593E1,-1.469791293E0,9.600303650E0,-1.819741607E0
4.969497437E1,-1.491326690E0,9.605089188E0,-1.805384636E0
4.969735203E1,-1.493719578E0,9.607481956E0,-1.793420553E0
4.969972974E1,-1.469791293E0,9.581160545E0,-1.798206210E0
4.970210817E1,-1.484148264E0,9.607481956E0,-1.831705689E0
4.970448666E1,-1.460219979E0,9.585947037E0,-1.812563181E0
4.970686432E1,-1.453041553E0,9.593125343E0,-1.781456470E0
4.970924198E1,-1.445863128E0,9.569196701E0,-1.786242127E0
4.971162041E1,-1.467398524E0,9.564411163E0,-1.805384636E0
4.971399890E1,-1.448255897E0,9.581160545E0,-1.793420553E0
4.971637656E1,-1.424327731E0,9.552447319E0,-1.807777524E0
4.971875427E1,-1.436291814E0,9.557232857E0,-1.791027784E0
4.972113270E1,-1.433898926E0,9.545269012E0,-1.826920033E0
4.972351114E1,-1.419542074E0,9.538089752E0,-1.795813441E0
4.972588880E1,-1.424327731E0,9.523733139E0,-1.781456470E0
4.972826651E1,-1.426720500E0,9.545269012E0,-1.774278045E0
4.973064494E1,-1.419542074E0,9.511769295E0,-1.802991867E0
4.973302338E1,-1.417149186E0,9.492626190E0,-1.795813441E0
4.973540104E1,-1.400399446E0,9.502198219E0,-1.798206210E0
4.973777874E1,-1.412363529E0,9.495018959E0,-1.802991867E0
4.974015718E1,-1.414756417E0,9.504590988E0,-1.798206210E0
4.974253567E1,-1.400399446E0,9.509376526E0,-1.812563181E0
4.974491333E1,-1.405185103E0,9.506983757E0,-1.791027784E0
4.974729104E1,-1.405185103E0,9.509376526E0,-1.800599098E0
4.974966948E1,-1.402792215E0,9.521340370E0,-1.793420553E0
4.975204791E1,-1.398006678E0,9.506983757E0,-1.800599098E0
4.975442557E1,-1.393221021E0,9.511769295E0,-1.779063582E0
4.975680328E1,-1.390828133E0,9.523733139E0,-1.764706731E0
4.975918171E1,-1.393221021E0,9.504590988E0,-1.798206210E0
4.976156015E1,-1.407577872E0,9.521340370E0,-1.781456470E0
4.976393781E1,-1.393221021E0,9.535696983E0,-1.769492388E0
4.976631552E1,-1.398006678E0,9.552447319E0,-1.771885157E0
4.976869395E1,-1.412363529E0,9.559625626E0,-1.755135417E0
4.977107244E1,-1.374078393E0,9.562018394E0,-1.755135417E0
4.977345010E1,-1.381256819E0,9.562018394E0,-1.767099500E0
4.977582776E1,-1.390828133E0,9.562018394E0,-1.774278045E0
4.977820619E1,-1.359721422E0,9.578767776E0,-1.738086581E0
4.978058468E1,-1.359721422E0,9.571589470E0,-1.745265007E0
4.978296234E1,-1.369292736E0,9.593125343E0,-1.762313843E0
4.978534005E1,-1.352542996E0,9.602696419E0,-1.730908036E0
4.978771849E1,-1.314257860E0,9.585947037E0,-1.738086581E0
4.979009692E1,-1.326221943E0,9.585947037E0,-1.742872238E0
4.979247458E1,-1.335793257E0,9.621838570E0,-1.755135417E0
4.979485229E1,-1.321436286E0,9.619445801E0,-1.757528186E0
4.979723073E1,-1.321436286E0,9.602696419E0,-1.762313843E0
4.979960921E1,-1.299900889E0,9.624231339E0,-1.738086581E0
4.980198687E1,-1.309472203E0,9.624231339E0,-1.735693693E0
4.980436453E1,-1.328614831E0,9.609874725E0,-1.742872238E0
4.980674296E1,-1.314257860E0,9.609874725E0,-1.738086581E0
4.980912145E1,-1.326221943E0,9.609874725E0,-1.769492388E0
4.981149911E1,-1.316650629E0,9.614660263E0,-1.771885157E0
4.981387682E1,-1.311864972E0,9.614660263E0,-1.757528186E0
4.981625526E1,-1.340578914E0,9.612267494E0,-1.762313843E0
4.981863369E1,-1.328614831E0,9.617053032E0,-1.742872238E0
4.982101135E1,-1.340578914E0,9.617053032E0,-1.759921074E0
4.982338906E1,-1.340578914E0,9.612267494E0,-1.767099500E0
4.982576750E1,-1.338186026E0,9.629017830E0,-1.762313843E0
4.982814593E1,-1.338186026E0,9.633803368E0,-1.747956991E0
4.983052359E1,-1.321436286E0,9.617053032E0,-1.752742529E0
4.983290130E1,-1.338186026E0,9.602696419E0,-1.755135417E0
4.983527974E1,-1.335793257E0,9.593125343E0,-1.757528186E0
4.983765823E1,-1.345364571E0,9.617053032E0,-1.769492388E0
4.984003588E1,-1.333400369E0,9.605089188E0,-1.745265007E0
4.984241359E1,-1.333400369E0,9.597910881E0,-1.728515267E0
4.984479203E1,-1.323829174E0,9.621838570E0,-1.742872238E0
4.984717046E1,-1.321436286E0,9.629017830E0,-1.742872238E0
4.984954812E1,-1.328614831E0,9.619445801E0,-1.733300924E0
4.985192583E1,-1.326221943E0,9.631410599E0,-1.762313843E0
4.985430427E1,-1.319043517E0,9.607481956E0,-1.738086581E0
4.985668270E1,-1.304686546E0,9.607481956E0,-1.771885157E0
4.985906036E1,-1.326221943E0,9.617053032E0,-1.745265007E0
4.986143807E1,-1.302293777E0,9.633803368E0,-1.745265007E0
4.986381651E1,-1.299900889E0,9.631410599E0,-1.767099500E0
4.986619500E1,-1.285543919E0,9.643374443E0,-1.730908036E0
4.986857265E1,-1.292722464E0,9.650552750E0,-1.764706731E0
4.987095031E1,-1.283151150E0,9.655338287E0,-1.728515267E0
4.987332874E1,-1.278365493E0,9.638588905E0,-1.750349760E0
4.987570724E1,-1.292722464E0,9.640981674E0,-1.742872238E0
4.987808489E1,-1.292722464E0,9.633803368E0,-1.750349760E0
4.988046260E1,-1.304686546E0,9.629017830E0,-1.740479350E0
4.988284104E1,-1.297508121E0,9.624231339E0,-1.745265007E0
4.988521948E1,-1.311864972E0,9.626625061E0,-1.740479350E0
4.988759713E1,-1.311864972E0,9.626625061E0,-1.726122379E0
4.988997484E1,-1.287936807E0,9.617053032E0,-1.747956991E0
4.989235328E1,-1.285543919E0,9.612267494E0,-1.764706731E0
4.989473177E1,-1.297508121E0,9.633803368E0,-1.762313843E0
4.989710942E1,-1.287936807E0,9.636196136E0,-1.755135417E0
4.989948708E1,-1.275972724E0,9.626625061E0,-1.757528186E0
4.990186552E1,-1.278365493E0,9.621838570E0,-1.726122379E0
4.990424401E1,-1.285543919E0,9.612267494E0,-1.728515267E0
4.990662166E1,-1.271187067E0,9.624231339E0,-1.742872238E0
4.990899937E1,-1.273579836E0,9.626625061E0,-1.745265007E0
4.991137781E1,-1.266401410E0,9.648159981E0,-1.750349760E0
4.991375624E1,-1.254437327E0,9.626625061E0,-1.745265007E0
4.991613390E1,-1.254437327E0,9.638588905E0,-1.735693693E0
4.991851161E1,-1.247258782E0,9.629017830E0,-1.733300924E0
4.992089005E1,-1.232901812E0,9.638588905E0,-1.730908036E0
4.992326848E1,-1.249651670E0,9.664909363E0,-1.752742529E0
4.992564614E1,-1.216152072E0,9.640981674E0,-1.740479350E0
4.992802385E1,-1.201795220E0,9.652945518E0,-1.752742529E0
4.993040229E1,-1.201795220E0,9.648159981E0,-1.783849239E0
4.993278078E1,-1.199402332E0,9.633803368E0,-1.786242127E0
4.993515843E1,-1.201795220E0,9.676874161E0,-1.791027784E0
4.993753614E1,-1.187438250E0,9.652945518E0,-1.786242127E0
4.993991458E1,-1.204187989E0,9.655338287E0,-1.802991867E0
4.994229302E1,-1.187438250E0,9.669695854E0,-1.793420553E0
4.994467067E1,-1.189831018E0,9.664909363E0,-1.817348838E0
4.994704838E1,-1.182652593E0,9.664909363E0,-1.817348838E0
4.994942682E1,-1.187438250E0,9.645767212E0,-1.834098577E0
4.995180526E1,-1.182652593E0,9.667302132E0,-1.822134495E0
4.995418291E1,-1.170688510E0,9.660123825E0,-1.829312921E0
4.995656062E1,-1.177866936E0,9.664909363E0,-1.848455548E0
4.995893906E1,-1.199402332E0,9.660123825E0,-1.834098577E0
4.996131755E1,-1.187438250E0,9.655338287E0,-1.858026743E0
4.996369520E1,-1.156331539E0,9.674481392E0,-1.858026743E0
4.996607286E1,-1.170688510E0,9.679266930E0,-1.841277003E0
4.996845130E1,-1.141974568E0,9.688838005E0,-1.850848317E0
4.997082979E1,-1.156331539E0,9.686445236E0,-1.829312921E0
4.997320744E1,-1.189831018E0,9.698409081E0,-1.817348838E0
4.997558515E1,-1.149153113E0,9.696016312E0,-1.834098577E0
4.997796359E1,-1.146760225E0,9.703194618E0,-1.817348838E0
4.998034203E1,-1.132403374E0,9.681659698E0,-1.814955950E0
4.998271968E1,-1.141974568E0,9.681659698E0,-1.807777524E0
4.998509739E1,-1.151545882E0,9.696016312E0,-1.802991867E0
4.998747583E1,-1.146760225E0,9.688838005E0,-1.800599098E0
4.998985432E1,-1.151545882E0,9.698409081E0,-1.798206210E0
4.999223198E1,-1.127617717E0,9.696016312E0,-1.817348838E0
4.999460963E1,-1.141974568E0,9.707980156E0,-1.805384636E0
4.999698807E1,-1.141974568E0,9.693623543E0,-1.812563181E0
4.999936656E1,-1.161117196E0,9.684052467E0,-1.819741607E0
5.000174421E1,-1.151545882E0,9.696016312E0,-1.812563181E0
5.000412192E1,-1.161117196E0,9.707980156E0,-1.800599098E0
5.000650036E1,-1.161117196E0,9.669695854E0,-1.810170293E0
5.000887880E1,-1.151545882E0,9.684052467E0,-1.831705689E0
5.001125645E1,-1.175474167E0,9.667302132E0,-1.812563181E0
5.001363416E1,-1.175474167E0,9.681659698E0,-1.795813441E0
5.001601260E1,-1.192223907E0,9.686445236E0,-1.795813441E0
5.001839104E1,-1.192223907E0,9.684052467E0,-1.788634896E0
5.002076869E1,-1.197009563E0,9.698409081E0,-1.791027784E0
5.002314640E1,-1.194616675E0,9.703194618E0,-1.793420553E0
5.002552484E1,-1.185045362E0,9.707980156E0,-1.788634896E0
5.002790333E1,-1.204187989E0,9.681659698E0,-1.798206210E0
5.003028099E1,-1.192223907E0,9.700801849E0,-1.774278045E0
5.003265864E1,-1.199402332E0,9.698409081E0,-1.767099500E0
5.003503708E1,-1.197009563E0,9.669695854E0,-1.795813441E0
5.003741557E1,-1.235294700E0,9.684052467E0,-1.769492388E0
5.003979323E1,-1.208973646E0,9.698409081E0,-1.764706731E0
5.004217093E1,-1.213759303E0,9.684052467E0,-1.762313843E0
5.004454937E1,-1.199402332E0,9.679266930E0,-1.781456470E0
5.004692781E1,-1.197009563E0,9.676874161E0,-1.767099500E0
5.004930546E1,-1.199402332E0,9.662516594E0,-1.776670814E0
5.005168317E1,-1.197009563E0,9.645767212E0,-1.764706731E0
5.005406161E1,-1.211366415E0,9.648159981E0,-1.752742529E0
5.005644005E1,-1.194616675E0,9.636196136E0,-1.781456470E0
5.005881776E1,-1.170688510E0,9.645767212E0,-1.788634896E0
5.006119541E1,-1.194616675E0,9.640981674E0,-1.779063582E0
5.006357385E1,-1.189831018E0,9.619445801E0,-1.781456470E0
5.006595234E1,-1.177866936E0,9.619445801E0,-1.769492388E0
5.006833000E1,-1.182652593E0,9.617053032E0,-1.805384636E0
5.007070770E1,-1.158724308E0,9.648159981E0,-1.795813441E0
5.007308614E1,-1.175474167E0,9.629017830E0,-1.774278045E0
5.007546458E1,-1.182652593E0,9.619445801E0,-1.783849239E0
5.007784224E1,-1.165902853E0,9.626625061E0,-1.786242127E0
5.008021994E1,-1.151545882E0,9.636196136E0,-1.795813441E0
5.008259838E1,-1.156331539E0,9.624231339E0,-1.798206210E0
5.008497682E1,-1.156331539E0,9.643374443E0,-1.771885157E0
5.008735448E1,-1.139581800E0,9.645767212E0,-1.807777524E0
5.008973218E1,-1.132403374E0,9.640981674E0,-1.810170293E0
5.009211062E1,-1.122832060E0,9.645767212E0,-1.793420553E0
5.009448911E1,-1.122832060E0,9.645767212E0,-1.791027784E0
5.009686677E1,-1.110867858E0,9.631410599E0,-1.781456470E0
5.009924448E1,-1.106082320E0,9.626625061E0,-1.802991867E0
5.010162291E1,-1.113260746E0,9.621838570E0,-1.807777524E0
5.010400135E1,-1.096511006E0,9.609874725E0,-1.807777524E0
5.010637901E1,-1.072582722E0,9.609874725E0,-1.807777524E0
5.010875671E1,-1.096511006E0,9.602696419E0,-1.824527264E0
5.011113515E1,-1.094118118E0,9.600303650E0,-1.805384636E0
5.011351359E1,-1.108475089E0,9.605089188E0,-1.824527264E0
5.011589124E1,-1.091725349E0,9.576375008E0,-1.824527264E0
5.011826895E1,-1.103689432E0,9.578767776E0,-1.836491346E0
5.012064739E1,-1.106082320E0,9.569196701E0,-1.841277003E0
5.012302588E1,-1.110867858E0,9.542876244E0,-1.850848317E0
5.012540354E1,-1.118046403E0,9.538089752E0,-1.853241086E0
5.012778119E1,-1.115653515E0,9.557232857E0,-1.867598057E0
5.013015963E1,-1.120439172E0,9.557232857E0,-1.869990945E0
5.013253812E1,-1.125224829E0,9.566803932E0,-1.850848317E0
5.013491578E1,-1.130010486E0,9.554840088E0,-1.838884234E0
5.013729348E1,-1.149153113E0,9.559625626E0,-1.860419631E0
5.013967192E1,-1.127617717E0,9.576375008E0,-1.843669891E0
5.014205036E1,-1.144367456E0,9.554840088E0,-1.841277003E0
5.014442802E1,-1.144367456E0,9.583553314E0,-1.834098577E0
5.014680572E1,-1.134796143E0,9.571589470E0,-1.829312921E0
5.014918416E1,-1.139581800E0,9.602696419E0,-1.814955950E0
5.015156260E1,-1.130010486E0,9.593125343E0,-1.802991867E0
5.015394026E1,-1.146760225E0,9.593125343E0,-1.791027784E0
5.015631796E1,-1.141974568E0,9.593125343E0,-1.791027784E0
5.015869640E1,-1.165902853E0,9.595518112E0,-1.783849239E0
5.016107489E1,-1.156331539E0,9.626625061E0,-1.786242127E0
5.016345255E1,-1.146760225E0,9.626625061E0,-1.791027784E0
5.016583020E1,-1.144367456E0,9.624231339E0,-1.769492388E0
5.016820864E1,-1.125224829E0,9.621838570E0,-1.779063582E0
5.017058713E1,-1.139581800E0,9.638588905E0,-1.783849239E0
5.017296479E1,-1.165902853E0,9.633803368E0,-1.793420553E0
5.017534250E1,-1.146760225E0,9.597910881E0,-1.762313843E0
5.017772093E1,-1.161117196E0,9.621838570E0,-1.788634896E0
5.018009937E1,-1.134796143E0,9.621838570E0,-1.795813441E0
5.018247703E1,-1.153938770E0,9.636196136E0,-1.779063582E0
5.018485474E1,-1.161117196E0,9.640981674E0,-1.762313843E0
5.018723317E1,-1.168295622E0,9.633803368E0,-1.776670814E0
5.018961161E1,-1.177866936E0,9.624231339E0,-1.762313843E0
5.019198927E1,-1.153938770E0,9.617053032E0,-1.767099500E0
5.019436698E1,-1.187438250E0,9.626625061E0,-1.752742529E0
5.019674541E1,-1.173081279E0,9.621838570E0,-1.769492388E0
5.019912390E1,-1.175474167E0,9.633803368E0,-1.750349760E0
5.020150156E1,-1.185045362E0,9.617053032E0,-1.745265007E0
5.020387921E1,-1.153938770E0,9.619445801E0,-1.764706731E0
5.020625765E1,-1.185045362E0,9.612267494E0,-1.742872238E0
5.020863614E1,-1.161117196E0,9.614660263E0,-1.776670814E0
5.021101380E1,-1.168295622E0,9.619445801E0,-1.767099500E0
5.021339151E1,-1.182652593E0,9.583553314E0,-1.776670814E0
5.021576994E1,-1.194616675E0,9.581160545E0,-1.786242127E0
5.021814838E1,-1.173081279E0,9.581160545E0,-1.791027784E0
5.022052604E1,-1.201795220E0,9.554840088E0,-1.795813441E0
5.022290374E1,-1.199402332E0,9.559625626E0,-1.793420553E0
5.022528218E1,-1.213759303E0,9.573982239E0,-1.800599098E0
5.022766067E1,-1.206580877E0,9.576375008E0,-1.812563181E0
5.023003833E1,-1.213759303E0,9.542876244E0,-1.817348838E0
5.023241598E1,-1.232901812E0,9.557232857E0,-1.824527264E0
5.023479442E1,-1.235294700E0,9.552447319E0,-1.841277003E0
5.023717291E1,-1.237687469E0,9.547661781E0,-1.858026743E0
5.023955057E1,-1.208973646E0,9.538089752E0,-1.836491346E0
5.024192828E1,-1.237687469E0,9.545269012E0,-1.846062660E0
5.024430671E1,-1.244866014E0,9.523733139E0,-1.829312921E0
5.024668515E1,-1.247258782E0,9.521340370E0,-1.855633974E0
5.024906281E1,-1.266401410E0,9.514162064E0,-1.865205288E0
5.025144052E1,-1.240080357E0,9.540482521E0,-1.855633974E0
5.025381895E1,-1.264008522E0,9.530911446E0,-1.858026743E0
5.025619739E1,-1.273579836E0,9.518947601E0,-1.850848317E0
5.025857505E1,-1.283151150E0,9.523733139E0,-1.841277003E0
5.026095276E1,-1.283151150E0,9.506983757E0,-1.831705689E0
5.026333119E1,-1.275972724E0,9.521340370E0,-1.846062660E0
5.026570968E1,-1.275972724E0,9.509376526E0,-1.858026743E0
5.026808734E1,-1.292722464E0,9.514162064E0,-1.814955950E0
5.027046500E1,-1.292722464E0,9.523733139E0,-1.848455548E0
5.027284343E1,-1.287936807E0,9.528518677E0,-1.838884234E0
5.027522192E1,-1.285543919E0,9.545269012E0,-1.824527264E0
5.027759958E1,-1.292722464E0,9.533304214E0,-1.824527264E0
5.027997729E1,-1.309472203E0,9.528518677E0,-1.824527264E0
5.028235572E1,-1.292722464E0,9.564411163E0,-1.829312921E0
5.028473416E1,-1.285543919E0,9.562018394E0,-1.807777524E0
5.028711182E1,-1.287936807E0,9.550054550E0,-1.814955950E0
5.028948953E1,-1.285543919E0,9.547661781E0,-1.829312921E0
5.029186796E1,-1.307079315E0,9.542876244E0,-1.822134495E0
5.029424640E1,-1.283151150E0,9.523733139E0,-1.793420553E0
5.029662406E1,-1.295115232E0,9.528518677E0,-1.819741607E0
5.029900177E1,-1.307079315E0,9.528518677E0,-1.781456470E0
5.030138020E1,-1.287936807E0,9.533304214E0,-1.802991867E0
5.030375869E1,-1.302293777E0,9.540482521E0,-1.802991867E0
5.030613635E1,-1.297508121E0,9.550054550E0,-1.810170293E0
5.030851406E1,-1.299900889E0,9.542876244E0,-1.795813441E0
5.031089250E1,-1.345364571E0,9.564411163E0,-1.814955950E0
5.031327093E1,-1.316650629E0,9.566803932E0,-1.805384636E0
5.031564859E1,-1.307079315E0,9.559625626E0,-1.764706731E0
5.031802630E1,-1.309472203E0,9.573982239E0,-1.793420553E0
5.032040474E1,-1.311864972E0,9.552447319E0,-1.802991867E0
5.032278317E1,-1.314257860E0,9.557232857E0,-1.791027784E0
5.032516083E1,-1.319043517E0,9.573982239E0,-1.781456470E0
5.032753854E1,-1.314257860E0,9.583553314E0,-1.793420553E0
5.032991698E1,-1.309472203E0,9.578767776E0,-1.795813441E0
5.033229546E1,-1.309472203E0,9.595518112E0,-1.812563181E0
5.033467312E1,-1.328614831E0,9.581160545E0,-1.793420553E0
5.033705078E1,-1.331007600E0,9.585947037E0,-1.817348838E0
5.033942921E1,-1.345364571E0,9.578767776E0,-1.783849239E0
5.034180770E1,-1.354935765E0,9.571589470E0,-1.800599098E0
5.034418536E1,-1.321436286E0,9.590732574E0,-1.802991867E0
5.034656307E1,-1.328614831E0,9.597910881E0,-1.814955950E0
5.034894151E1,-1.321436286E0,9.612267494E0,-1.783849239E0
5.035131994E1,-1.335793257E0,9.621838570E0,-1.807777524E0
5.035369760E1,-1.304686546E0,9.619445801E0,-1.802991867E0
5.035607531E1,-1.323829174E0,9.631410599E0,-1.810170293E0
5.035845375E1,-1.311864972E0,9.626625061E0,-1.802991867E0
5.036083218E1,-1.311864972E0,9.612267494E0,-1.817348838E0
5.036320984E1,-1.309472203E0,9.621838570E0,-1.810170293E0
5.036558755E1,-1.285543919E0,9.626625061E0,-1.812563181E0
5.036796599E1,-1.285543919E0,9.636196136E0,-1.788634896E0
5.037034442E1,-1.285543919E0,9.614660263E0,-1.814955950E0
5.037272213E1,-1.271187067E0,9.643374443E0,-1.822134495E0
5.037509979E1,-1.247258782E0,9.631410599E0,-1.812563181E0
5.037747823E1,-1.266401410E0,9.626625061E0,-1.810170293E0
5.037985671E1,-1.249651670E0,9.652945518E0,-1.805384636E0
5.038223437E1,-1.235294700E0,9.640981674E0,-1.791027784E0
5.038461208E1,-1.240080357E0,9.631410599E0,-1.802991867E0
5.038699052E1,-1.211366415E0,9.657731056E0,-1.793420553E0
5.038936895E1,-1.208973646E0,9.672088623E0,-1.779063582E0
5.039174661E1,-1.197009563E0,9.664909363E0,-1.774278045E0
5.039412432E1,-1.187438250E0,9.674481392E0,-1.791027784E0
5.039650276E1,-1.165902853E0,9.700801849E0,-1.793420553E0
5.039888119E1,-1.177866936E0,9.691230774E0,-1.786242127E0
5.040125885E1,-1.153938770E0,9.696016312E0,-1.802991867E0
5.040363656E1,-1.149153113E0,9.705587387E0,-1.795813441E0
5.040601500E1,-1.153938770E0,9.696016312E0,-1.786242127E0
5.040839349E1,-1.137188911E0,9.696016312E0,-1.805384636E0
5.041077114E1,-1.125224829E0,9.684052467E0,-1.798206210E0
5.041314880E1,-1.127617717E0,9.679266930E0,-1.788634896E0
5.041552724E1,-1.120439172E0,9.681659698E0,-1.810170293E0
5.041790573E1,-1.134796143E0,9.691230774E0,-1.798206210E0
5.042028338E1,-1.098903775E0,9.664909363E0,-1.798206210E0
5.042266109E1,-1.096511006E0,9.681659698E0,-1.767099500E0
5.042503953E1,-1.098903775E0,9.667302132E0,-1.774278045E0
5.042741796E1,-1.113260746E0,9.688838005E0,-1.774278045E0
5.042979562E1,-1.101296663E0,9.664909363E0,-1.750349760E0
5.043217333E1,-1.122832060E0,9.676874161E0,-1.747956991E0
5.043455177E1,-1.127617717E0,9.674481392E0,-1.740479350E0
5.043693020E1,-1.098903775E0,9.667302132E0,-1.740479350E0
5.043930786E1,-1.103689432E0,9.676874161E0,-1.735693693E0
5.044168557E1,-1.113260746E0,9.672088623E0,-1.742872238E0
5.044406401E1,-1.098903775E0,9.664909363E0,-1.742872238E0
5.044644250E1,-1.110867858E0,9.660123825E0,-1.733300924E0
5.044882015E1,-1.103689432E0,9.676874161E0,-1.726122379E0
5.045119781E1,-1.086939692E0,9.664909363E0,-1.728515267E0
5.045357624E1,-1.094118118E0,9.667302132E0,-1.733300924E0
5.045595474E1,-1.096511006E0,9.674481392E0,-1.735693693E0
5.045833239E1,-1.082154036E0,9.679266930E0,-1.723729610E0
5.046071010E1,-1.084546804E0,9.684052467E0,-1.728515267E0
5.046308854E1,-1.084546804E0,9.643374443E0,-1.745265007E0
5.046546698E1,-1.089332461E0,9.674481392E0,-1.714158297E0
5.046784463E1,-1.079761267E0,9.645767212E0,-1.730908036E0
5.047022234E1,-1.091725349E0,9.662516594E0,-1.733300924E0
5.047260078E1,-1.070189953E0,9.676874161E0,-1.721336842E0
5.047497921E1,-1.086939692E0,9.679266930E0,-1.755135417E0
5.047735687E1,-1.079761267E0,9.655338287E0,-1.726122379E0
5.047973458E1,-1.070189953E0,9.650552750E0,-1.721336842E0
5.048211302E1,-1.074975610E0,9.660123825E0,-1.718943954E0
5.048449145E1,-1.055533886E0,9.655338287E0,-1.723729610E0
5.048686916E1,-1.072582722E0,9.655338287E0,-1.711765528E0
5.048924682E1,-1.079761267E0,9.662516594E0,-1.706979871E0
5.049162526E1,-1.086939692E0,9.650552750E0,-1.738086581E0
5.049400374E1,-1.077368379E0,9.662516594E0,-1.733300924E0
5.049638140E1,-1.057926655E0,9.669695854E0,-1.721336842E0
5.049875911E1,-1.072582722E0,9.669695854E0,-1.697408557E0
5.050113755E1,-1.055533886E0,9.679266930E0,-1.716551185E0
5.050351598E1,-1.065105200E0,9.669695854E0,-1.706979871E0
5.050589364E1,-1.079761267E0,9.669695854E0,-1.704586983E0
5.050827135E1,-1.070189953E0,9.674481392E0,-1.702194214E0
5.051064979E1,-1.079761267E0,9.681659698E0,-1.716551185E0
5.051302823E1,-1.050748229E0,9.672088623E0,-1.716551185E0
5.051540588E1,-1.055533886E0,9.676874161E0,-1.685444474E0
5.051778359E1,-1.062712312E0,9.693623543E0,-1.685444474E0
5.052016203E1,-1.036391258E0,9.669695854E0,-1.695015788E0
5.052254052E1,-1.065105200E0,9.669695854E0,-1.711765528E0
5.052491817E1,-1.062712312E0,9.672088623E0,-1.697408557E0
5.052729583E1,-1.045962572E0,9.664909363E0,-1.706979871E0
5.052967427E1,-1.077368379E0,9.645767212E0,-1.723729610E0
5.053205276E1,-1.065105200E0,9.631410599E0,-1.723729610E0
5.053443041E1,-1.079761267E0,9.633803368E0,-1.709372640E0
5.053680812E1,-1.089332461E0,9.617053032E0,-1.714158297E0
5.053918656E1,-1.067797065E0,9.602696419E0,-1.733300924E0
5.054156500E1,-1.079761267E0,9.607481956E0,-1.723729610E0
5.054394265E1,-1.094118118E0,9.595518112E0,-1.721336842E0
5.054632036E1,-1.084546804E0,9.585947037E0,-1.718943954E0
5.054869880E1,-1.101296663E0,9.595518112E0,-1.714158297E0
5.055107724E1,-1.106082320E0,9.573982239E0,-1.711765528E0
5.055345489E1,-1.110867858E0,9.573982239E0,-1.711765528E0
5.055583260E1,-1.130010486E0,9.590732574E0,-1.726122379E0
5.055821104E1,-1.125224829E0,9.554840088E0,-1.714158297E0
5.056058953E1,-1.122832060E0,9.557232857E0,-1.721336842E0
5.056296718E1,-1.122832060E0,9.550054550E0,-1.718943954E0
5.056534484E1,-1.146760225E0,9.573982239E0,-1.730908036E0
5.056772328E1,-1.134796143E0,9.569196701E0,-1.706979871E0
5.057010177E1,-1.151545882E0,9.571589470E0,-1.742872238E0
5.057247942E1,-1.161117196E0,9.585947037E0,-1.733300924E0
5.057485713E1,-1.137188911E0,9.593125343E0,-1.745265007E0
5.057723557E1,-1.127617717E0,9.569196701E0,-1.733300924E0
5.057961401E1,-1.158724308E0,9.583553314E0,-1.742872238E0
5.058199166E1,-1.180259824E0,9.585947037E0,-1.740479350E0
5.058436937E1,-1.144367456E0,9.597910881E0,-1.738086581E0
5.058674781E1,-1.165902853E0,9.609874725E0,-1.750349760E0
5.058912624E1,-1.197009563E0,9.614660263E0,-1.757528186E0
5.059150390E1,-1.189831018E0,9.612267494E0,-1.745265007E0
5.059388161E1,-1.177866936E0,9.636196136E0,-1.730908036E0
5.059626005E1,-1.170688510E0,9.629017830E0,-1.711765528E0
5.059863854E1,-1.170688510E0,9.652945518E0,-1.735693693E0
5.060101619E1,-1.192223907E0,9.636196136E0,-1.740479350E0
5.060339385E1,-1.194616675E0,9.645767212E0,-1.733300924E0
5.060577229E1,-1.192223907E0,9.633803368E0,-1.759921074E0
5.060815078E1,-1.204187989E0,9.650552750E0,-1.762313843E0
5.061052843E1,-1.201795220E0,9.667302132E0,-1.769492388E0
5.061290614E1,-1.204187989E0,9.645767212E0,-1.750349760E0
5.061528458E1,-1.199402332E0,9.645767212E0,-1.759921074E0
5.061766302E1,-1.213759303E0,9.660123825E0,-1.769492388E0
5.062004067E1,-1.225723386E0,9.648159981E0,-1.747956991E0
5.062241838E1,-1.254437327E0,9.629017830E0,-1.774278045E0
5.062479682E1,-1.249651670E0,9.643374443E0,-1.781456470E0
5.062717526E1,-1.235294700E0,9.672088623E0,-1.762313843E0
5.062955291E1,-1.259222865E0,9.636196136E0,-1.779063582E0
5.063193062E1,-1.242473125E0,9.624231339E0,-1.783849239E0
5.063430906E1,-1.249651670E0,9.633803368E0,-1.793420553E0
5.063668755E1,-1.268794179E0,9.626625061E0,-1.783849239E0
5.063906520E1,-1.249651670E0,9.638588905E0,-1.781456470E0
5.064144286E1,-1.256830096E0,9.643374443E0,-1.771885157E0
5.064382130E1,-1.273579836E0,9.636196136E0,-1.767099500E0
5.064619979E1,-1.285543919E0,9.643374443E0,-1.774278045E0
5.064857744E1,-1.283151150E0,9.629017830E0,-1.786242127E0
5.065095515E1,-1.268794179E0,9.629017830E0,-1.771885157E0
5.065333359E1,-1.249651670E0,9.631410599E0,-1.764706731E0
5.065571203E1,-1.278365493E0,9.631410599E0,-1.774278045E0
5.065808968E1,-1.278365493E0,9.619445801E0,-1.759921074E0
5.066046739E1,-1.268794179E0,9.626625061E0,-1.767099500E0
5.066284583E1,-1.271187067E0,9.629017830E0,-1.757528186E0
5.066522427E1,-1.242473125E0,9.638588905E0,-1.771885157E0
5.066760192E1,-1.259222865E0,9.638588905E0,-1.755135417E0
5.066997963E1,-1.261615753E0,9.619445801E0,-1.781456470E0
5.067235807E1,-1.264008522E0,9.643374443E0,-1.769492388E0
5.067473651E1,-1.266401410E0,9.648159981E0,-1.769492388E0
5.067711416E1,-1.259222865E0,9.612267494E0,-1.757528186E0
5.067949187E1,-1.261615753E0,9.626625061E0,-1.747956991E0
5.068187031E1,-1.254437327E0,9.629017830E0,-1.759921074E0
5.068424880E1,-1.254437327E0,9.626625061E0,-1.755135417E0
5.068662645E1,-1.242473125E0,9.631410599E0,-1.771885157E0
5.068900411E1,-1.256830096E0,9.626625061E0,-1.750349760E0
5.069138255E1,-1.254437327E0,9.614660263E0,-1.757528186E0
5.069376104E1,-1.290329576E0,9.619445801E0,-1.750349760E0
5.069613869E1,-1.266401410E0,9.602696419E0,-1.750349760E0
5.069851640E1,-1.264008522E0,9.614660263E0,-1.738086581E0
5.070089484E1,-1.259222865E0,9.593125343E0,-1.752742529E0
5.070327328E1,-1.271187067E0,9.602696419E0,-1.759921074E0
5.070565093E1,-1.268794179E0,9.600303650E0,-1.776670814E0
5.070802864E1,-1.273579836E0,9.600303650E0,-1.752742529E0
5.071040708E1,-1.275972724E0,9.585947037E0,-1.721336842E0
5.071278552E1,-1.278365493E0,9.597910881E0,-1.730908036E0
5.071516317E1,-1.271187067E0,9.588339806E0,-1.738086581E0
5.071754088E1,-1.271187067E0,9.597910881E0,-1.762313843E0
5.071991932E1,-1.273579836E0,9.602696419E0,-1.733300924E0
5.072229781E1,-1.275972724E0,9.588339806E0,-1.747956991E0
5.072467546E1,-1.275972724E0,9.593125343E0,-1.740479350E0
5.072705312E1,-1.271187067E0,9.593125343E0,-1.745265007E0
5.072943156E1,-1.280758262E0,9.609874725E0,-1.759921074E0
5.073181005E1,-1.268794179E0,9.588339806E0,-1.716551185E0
5.073418770E1,-1.278365493E0,9.590732574E0,-1.757528186E0
5.073656541E1,-1.259222865E0,9.588339806E0,-1.750349760E0
5.073894385E1,-1.261615753E0,9.581160545E0,-1.728515267E0
5.074132229E1,-1.249651670E0,9.595518112E0,-1.762313843E0
5.074369994E1,-1.240080357E0,9.605089188E0,-1.745265007E0
5.074607765E1,-1.261615753E0,9.605089188E0,-1.767099500E0
5.074845609E1,-1.254437327E0,9.612267494E0,-1.730908036E0
5.075083453E1,-1.247258782E0,9.607481956E0,-1.750349760E0
5.075321218E1,-1.247258782E0,9.617053032E0,-1.730908036E0
5.075558989E1,-1.259222865E0,9.624231339E0,-1.738086581E0
5.075796833E1,-1.264008522E0,9.626625061E0,-1.745265007E0
5.076034677E1,-1.264008522E0,9.631410599E0,-1.759921074E0
5.076272442E1,-1.249651670E0,9.619445801E0,-1.709372640E0
5.076510213E1,-1.254437327E0,9.621838570E0,-1.730908036E0
5.076748057E1,-1.252044439E0,9.636196136E0,-1.740479350E0
5.076985906E1,-1.247258782E0,9.638588905E0,-1.728515267E0
5.077223671E1,-1.240080357E0,9.657731056E0,-1.745265007E0
5.077461437E1,-1.235294700E0,9.629017830E0,-1.728515267E0
5.077699281E1,-1.232901812E0,9.645767212E0,-1.752742529E0
5.077937130E1,-1.235294700E0,9.655338287E0,-1.752742529E0
5.078174895E1,-1.211366415E0,9.657731056E0,-1.759921074E0
5.078412666E1,-1.213759303E0,9.660123825E0,-1.745265007E0
5.078650510E1,-1.230509043E0,9.648159981E0,-1.745265007E0
5.078888354E1,-1.235294700E0,9.652945518E0,-1.767099500E0
5.079126119E1,-1.213759303E0,9.645767212E0,-1.762313843E0
5.079363890E1,-1.208973646E0,9.657731056E0,-1.733300924E0
5.079601734E1,-1.216152072E0,9.652945518E0,-1.747956991E0
5.079839578E1,-1.223330617E0,9.624231339E0,-1.752742529E0
5.080077343E1,-1.218544960E0,9.636196136E0,-1.747956991E0
5.080315114E1,-1.228116274E0,9.650552750E0,-1.767099500E0
5.080552958E1,-1.206580877E0,9.633803368E0,-1.752742529E0
5.080790807E1,-1.237687469E0,9.645767212E0,-1.757528186E0
5.081028572E1,-1.242473125E0,9.643374443E0,-1.752742529E0
5.081266338E1,-1.247258782E0,9.640981674E0,-1.740479350E0
5.081504182E1,-1.244866014E0,9.631410599E0,-1.757528186E0
5.081742031E1,-1.240080357E0,9.612267494E0,-1.774278045E0
5.081979796E1,-1.259222865E0,9.621838570E0,-1.774278045E0
5.082217567E1,-1.242473125E0,9.633803368E0,-1.774278045E0
5.082455411E1,-1.247258782E0,9.602696419E0,-1.788634896E0
5.082693255E1,-1.268794179E0,9.595518112E0,-1.795813441E0
5.082931020E1,-1.266401410E0,9.629017830E0,-1.776670814E0
5.083168791E1,-1.249651670E0,9.624231339E0,-1.776670814E0
5.083406635E1,-1.266401410E0,9.652945518E0,-1.764706731E0
5.083644479E1,-1.266401410E0,9.629017830E0,-1.793420553E0
5.083882244E1,-1.283151150E0,9.643374443E0,-1.759921074E0
5.084120015E1,-1.266401410E0,9.636196136E0,-1.755135417E0
5.084357859E1,-1.254437327E0,9.640981674E0,-1.740479350E0
5.084595703E1,-1.264008522E0,9.648159981E0,-1.740479350E0
5.084833474E1,-1.264008522E0,9.655338287E0,-1.745265007E0
5.085071239E1,-1.261615753E0,9.640981674E0,-1.738086581E0
5.085309083E1,-1.268794179E0,9.643374443E0,-1.726122379E0
5.085546932E1,-1.244866014E0,9.643374443E0,-1.752742529E0
5.085784698E1,-1.237687469E0,9.643374443E0,-1.728515267E0
5.086022468E1,-1.249651670E0,9.633803368E0,-1.733300924E0
5.086260312E1,-1.249651670E0,9.626625061E0,-1.738086581E0
5.086498156E1,-1.237687469E0,9.619445801E0,-1.711765528E0
5.086735921E1,-1.230509043E0,9.605089188E0,-1.704586983E0
5.086973692E1,-1.218544960E0,9.629017830E0,-1.721336842E0
5.087211536E1,-1.216152072E0,9.626625061E0,-1.699801445E0
5.087449380E1,-1.204187989E0,9.619445801E0,-1.709372640E0
5.087687145E1,-1.235294700E0,9.612267494E0,-1.721336842E0
5.087924916E1,-1.201795220E0,9.607481956E0,-1.730908036E0
5.088162760E1,-1.206580877E0,9.626625061E0,-1.723729610E0
5.088400604E1,-1.223330617E0,9.597910881E0,-1.735693693E0
5.088638369E1,-1.189831018E0,9.590732574E0,-1.750349760E0
5.088876140E1,-1.180259824E0,9.581160545E0,-1.738086581E0
5.089113984E1,-1.194616675E0,9.573982239E0,-1.752742529E0
5.089351833E1,-1.187438250E0,9.573982239E0,-1.752742529E0
5.089589598E1,-1.194616675E0,9.566803932E0,-1.791027784E0
5.089827364E1,-1.189831018E0,9.573982239E0,-1.779063582E0
5.090065208E1,-1.192223907E0,9.562018394E0,-1.762313843E0
5.090303057E1,-1.230509043E0,9.576375008E0,-1.762313843E0
5.090540822E1,-1.201795220E0,9.588339806E0,-1.762313843E0
5.090778588E1,-1.187438250E0,9.573982239E0,-1.774278045E0
5.091016432E1,-1.204187989E0,9.569196701E0,-1.776670814E0
5.091254281E1,-1.189831018E0,9.595518112E0,-1.735693693E0
5.091492046E1,-1.185045362E0,9.588339806E0,-1.752742529E0
5.091729817E1,-1.165902853E0,9.581160545E0,-1.747956991E0
5.091967661E1,-1.187438250E0,9.578767776E0,-1.733300924E0
5.092205505E1,-1.173081279E0,9.585947037E0,-1.721336842E0
5.092443270E1,-1.177866936E0,9.588339806E0,-1.723729610E0
5.092681041E1,-1.168295622E0,9.612267494E0,-1.730908036E0
5.092918885E1,-1.165902853E0,9.621838570E0,-1.742872238E0
5.093156729E1,-1.177866936E0,9.612267494E0,-1.742872238E0
5.093394494E1,-1.163509965E0,9.645767212E0,-1.723729610E0
5.093632265E1,-1.161117196E0,9.633803368E0,-1.733300924E0
5.093870109E1,-1.141974568E0,9.638588905E0,-1.716551185E0
5.094107958E1,-1.170688510E0,9.645767212E0,-1.726122379E0
5.094345724E1,-1.163509965E0,9.645767212E0,-1.718943954E0
5.094583489E1,-1.165902853E0,9.643374443E0,-1.735693693E0
5.094821333E1,-1.161117196E0,9.650552750E0,-1.723729610E0
5.095059182E1,-1.161117196E0,9.674481392E0,-1.745265007E0
5.095296948E1,-1.163509965E0,9.674481392E0,-1.747956991E0
5.095534718E1,-1.168295622E0,9.674481392E0,-1.771885157E0
5.095772562E1,-1.175474167E0,9.648159981E0,-1.757528186E0
5.096010406E1,-1.187438250E0,9.657731056E0,-1.738086581E0
5.096248171E1,-1.187438250E0,9.645767212E0,-1.740479350E0
5.096485942E1,-1.194616675E0,9.672088623E0,-1.735693693E0
5.096723786E1,-1.201795220E0,9.681659698E0,-1.745265007E0
5.096961630E1,-1.213759303E0,9.664909363E0,-1.750349760E0
5.097199395E1,-1.213759303E0,9.648159981E0,-1.750349760E0
5.097437166E1,-1.220937729E0,9.662516594E0,-1.759921074E0
5.097675010E1,-1.211366415E0,9.667302132E0,-1.752742529E0
5.097912859E1,-1.225723386E0,9.660123825E0,-1.759921074E0
5.098150625E1,-1.228116274E0,9.643374443E0,-1.747956991E0
5.098388390E1,-1.218544960E0,9.664909363E0,-1.764706731E0
5.098626234E1,-1.211366415E0,9.660123825E0,-1.757528186E0
5.098864083E1,-1.206580877E0,9.650552750E0,-1.752742529E0
5.099101849E1,-1.254437327E0,9.626625061E0,-1.740479350E0
5.099339619E1,-1.232901812E0,9.621838570E0,-1.735693693E0
5.099577463E1,-1.223330617E0,9.650552750E0,-1.742872238E0
5.099815307E1,-1.237687469E0,9.624231339E0,-1.730908036E0
5.100053073E1,-1.223330617E0,9.643374443E0,-1.752742529E0
5.100290843E1,-1.213759303E0,9.621838570E0,-1.757528186E0
5.100528687E1,-1.232901812E0,9.633803368E0,-1.767099500E0
5.100766531E1,-1.211366415E0,9.619445801E0,-1.726122379E0
5.101004296E1,-1.237687469E0,9.624231339E0,-1.740479350E0
5.101242067E1,-1.228116274E0,9.617053032E0,-1.752742529E0
5.101479911E1,-1.228116274E0,9.643374443E0,-1.774278045E0
5.101717755E1,-1.228116274E0,9.626625061E0,-1.755135417E0
5.101955520E1,-1.244866014E0,9.619445801E0,-1.733300924E0
5.102193291E1,-1.225723386E0,9.614660263E0,-1.747956991E0
5.102431135E1,-1.230509043E0,9.612267494E0,-1.779063582E0
5.102668984E1,-1.232901812E0,9.619445801E0,-1.764706731E0
5.102906750E1,-1.232901812E0,9.621838570E0,-1.764706731E0
5.103144515E1,-1.223330617E0,9.609874725E0,-1.757528186E0
5.103382359E1,-1.225723386E0,9.614660263E0,-1.747956991E0
5.103620208E1,-1.213759303E0,9.607481956E0,-1.776670814E0
5.103857974E1,-1.223330617E0,9.614660263E0,-1.769492388E0
5.104095744E1,-1.220937729E0,9.640981674E0,-1.752742529E0
5.104333588E1,-1.204187989E0,9.633803368E0,-1.771885157E0
5.104571432E1,-1.216152072E0,9.636196136E0,-1.769492388E0
5.104809198E1,-1.216152072E0,9.633803368E0,-1.752742529E0
5.105046968E1,-1.211366415E0,9.629017830E0,-1.764706731E0
5.105284812E1,-1.211366415E0,9.643374443E0,-1.781456470E0
5.105522656E1,-1.199402332E0,9.638588905E0,-1.771885157E0
5.105760421E1,-1.204187989E0,9.648159981E0,-1.752742529E0
5.105998192E1,-1.182652593E0,9.655338287E0,-1.764706731E0
5.106236036E1,-1.201795220E0,9.674481392E0,-1.738086581E0
5.106473885E1,-1.199402332E0,9.674481392E0,-1.755135417E0
5.106711651E1,-1.189831018E0,9.662516594E0,-1.752742529E0
5.106949416E1,-1.173081279E0,9.669695854E0,-1.764706731E0
5.107187260E1,-1.185045362E0,9.672088623E0,-1.791027784E0
5.107425109E1,-1.199402332E0,9.655338287E0,-1.764706731E0
5.107662874E1,-1.197009563E0,9.650552750E0,-1.769492388E0
5.107900645E1,-1.192223907E0,9.660123825E0,-1.771885157E0
5.108138489E1,-1.213759303E0,9.672088623E0,-1.764706731E0
5.108376333E1,-1.201795220E0,9.638588905E0,-1.795813441E0
5.108614098E1,-1.213759303E0,9.629017830E0,-1.783849239E0
5.108851869E1,-1.213759303E0,9.633803368E0,-1.759921074E0
5.109089713E1,-1.216152072E0,9.626625061E0,-1.771885157E0
5.109327557E1,-1.256830096E0,9.638588905E0,-1.769492388E0
5.109565323E1,-1.261615753E0,9.607481956E0,-1.771885157E0
5.109803093E1,-1.254437327E0,9.605089188E0,-1.769492388E0
5.110040937E1,-1.242473125E0,9.602696419E0,-1.771885157E0
5.110278781E1,-1.237687469E0,9.609874725E0,-1.757528186E0
5.110516546E1,-1.230509043E0,9.600303650E0,-1.781456470E0
5.110754317E1,-1.266401410E0,9.609874725E0,-1.781456470E0
5.110992161E1,-1.264008522E0,9.605089188E0,-1.767099500E0
5.111230010E1,-1.252044439E0,9.593125343E0,-1.759921074E0
5.111467776E1,-1.261615753E0,9.590732574E0,-1.762313843E0
5.111705541E1,-1.261615753E0,9.590732574E0,-1.745265007E0
5.111943385E1,-1.247258782E0,9.588339806E0,-1.742872238E0
5.112181234E1,-1.254437327E0,9.578767776E0,-1.774278045E0
5.112419000E1,-1.261615753E0,9.593125343E0,-1.786242127E0
5.112656770E1,-1.261615753E0,9.585947037E0,-1.783849239E0
5.112894614E1,-1.240080357E0,9.573982239E0,-1.764706731E0
5.113132458E1,-1.283151150E0,9.590732574E0,-1.786242127E0
5.113370224E1,-1.271187067E0,9.590732574E0,-1.795813441E0
5.113607994E1,-1.261615753E0,9.588339806E0,-1.779063582E0
5.113845838E1,-1.268794179E0,9.602696419E0,-1.776670814E0
5.114083682E1,-1.271187067E0,9.617053032E0,-1.767099500E0
5.114321448E1,-1.264008522E0,9.597910881E0,-1.805384636E0
5.114559218E1,-1.285543919E0,9.600303650E0,-1.781456470E0
5.114797062E1,-1.264008522E0,9.605089188E0,-1.805384636E0
5.115034911E1,-1.256830096E0,9.609874725E0,-1.800599098E0
5.115272677E1,-1.268794179E0,9.612267494E0,-1.800599098E0
5.115510442E1,-1.268794179E0,9.595518112E0,-1.800599098E0
5.115748286E1,-1.285543919E0,9.619445801E0,-1.802991867E0
5.115986135E1,-1.285543919E0,9.590732574E0,-1.793420553E0
5.116223901E1,-1.290329576E0,9.595518112E0,-1.788634896E0
5.116461671E1,-1.287936807E0,9.609874725E0,-1.798206210E0
5.116699515E1,-1.275972724E0,9.597910881E0,-1.779063582E0
5.116937359E1,-1.287936807E0,9.590732574E0,-1.814955950E0
5.117175124E1,-1.290329576E0,9.597910881E0,-1.786242127E0
5.117412895E1,-1.311864972E0,9.597910881E0,-1.788634896E0
5.117650739E1,-1.302293777E0,9.617053032E0,-1.769492388E0
5.117888583E1,-1.297508121E0,9.600303650E0,-1.771885157E0
5.118126348E1,-1.302293777E0,9.595518112E0,-1.781456470E0
5.118364119E1,-1.297508121E0,9.595518112E0,-1.795813441E0
5.118601963E1,-1.287936807E0,9.612267494E0,-1.783849239E0
5.118839807E1,-1.285543919E0,9.607481956E0,-1.762313843E0
5.119077572E1,-1.273579836E0,9.597910881E0,-1.783849239E0
5.119315343E1,-1.283151150E0,9.614660263E0,-1.771885157E0
5.119553187E1,-1.283151150E0,9.619445801E0,-1.802991867E0
5.119791036E1,-1.297508121E0,9.614660263E0,-1.795813441E0
5.120028802E1,-1.285543919E0,9.609874725E0,-1.791027784E0
5.120266567E1,-1.285543919E0,9.600303650E0,-1.798206210E0
5.120504411E1,-1.295115232E0,9.607481956E0,-1.814955950E0
5.120742260E1,-1.290329576E0,9.614660263E0,-1.802991867E0
5.120980026E1,-1.309472203E0,9.593125343E0,-1.829312921E0
5.121217796E1,-1.275972724E0,9.602696419E0,-1.814955950E0
5.121455640E1,-1.295115232E0,9.612267494E0,-1.812563181E0
5.121693484E1,-1.299900889E0,9.585947037E0,-1.802991867E0
5.121931250E1,-1.304686546E0,9.581160545E0,-1.812563181E0
5.122169020E1,-1.316650629E0,9.605089188E0,-1.817348838E0
5.122406864E1,-1.304686546E0,9.605089188E0,-1.807777524E0
5.122644708E1,-1.314257860E0,9.595518112E0,-1.812563181E0
5.122882474E1,-1.307079315E0,9.590732574E0,-1.817348838E0
5.123120244E1,-1.314257860E0,9.605089188E0,-1.793420553E0
5.123358088E1,-1.297508121E0,9.595518112E0,-1.795813441E0
5.123595937E1,-1.309472203E0,9.590732574E0,-1.814955950E0
5.123833703E1,-1.311864972E0,9.607481956E0,-1.810170293E0
5.124071468E1,-1.307079315E0,9.621838570E0,-1.831705689E0
5.124309312E1,-1.292722464E0,9.597910881E0,-1.805384636E0
5.124547161E1,-1.285543919E0,9.612267494E0,-1.786242127E0
5.124784927E1,-1.314257860E0,9.612267494E0,-1.786242127E0
5.125022698E1,-1.290329576E0,9.605089188E0,-1.810170293E0
5.125260541E1,-1.280758262E0,9.631410599E0,-1.810170293E0
5.125498385E1,-1.285543919E0,9.621838570E0,-1.807777524E0
5.125736151E1,-1.295115232E0,9.619445801E0,-1.822134495E0
5.125973921E1,-1.264008522E0,9.617053032E0,-1.807777524E0
5.126211765E1,-1.266401410E0,9.609874725E0,-1.795813441E0
5.126449609E1,-1.280758262E0,9.600303650E0,-1.798206210E0
5.126687375E1,-1.254437327E0,9.617053032E0,-1.805384636E0
5.126925145E1,-1.283151150E0,9.609874725E0,-1.793420553E0
5.127162989E1,-1.278365493E0,9.621838570E0,-1.800599098E0
5.127400833E1,-1.256830096E0,9.600303650E0,-1.810170293E0
5.127638599E1,-1.266401410E0,9.614660263E0,-1.817348838E0
5.127876369E1,-1.249651670E0,9.600303650E0,-1.807777524E0
5.128114213E1,-1.247258782E0,9.614660263E0,-1.791027784E0
5.128352062E1,-1.252044439E0,9.626625061E0,-1.822134495E0
5.128589828E1,-1.264008522E0,9.626625061E0,-1.819741607E0
5.128827593E1,-1.247258782E0,9.609874725E0,-1.829312921E0
5.129065437E1,-1.244866014E0,9.621838570E0,-1.812563181E0
5.129303286E1,-1.261615753E0,9.614660263E0,-1.812563181E0
5.129541052E1,-1.256830096E0,9.614660263E0,-1.798206210E0
5.129778823E1,-1.254437327E0,9.612267494E0,-1.834098577E0
5.130016666E1,-1.232901812E0,9.605089188E0,-1.817348838E0
5.130254510E1,-1.252044439E0,9.621838570E0,-1.798206210E0
5.130492276E1,-1.266401410E0,9.583553314E0,-1.814955950E0
5.130730046E1,-1.261615753E0,9.593125343E0,-1.822134495E0
5.130967890E1,-1.268794179E0,9.600303650E0,-1.805384636E0
5.131205734E1,-1.275972724E0,9.590732574E0,-1.812563181E0
5.131443500E1,-1.271187067E0,9.607481956E0,-1.814955950E0
5.131681270E1,-1.266401410E0,9.595518112E0,-1.838884234E0
5.131919114E1,-1.266401410E0,9.593125343E0,-1.805384636E0
5.132156958E1,-1.287936807E0,9.576375008E0,-1.802991867E0
5.132394729E1,-1.275972724E0,9.583553314E0,-1.807777524E0
5.132632494E1,-1.283151150E0,9.588339806E0,-1.793420553E0
5.132870338E1,-1.287936807E0,9.583553314E0,-1.812563181E0
5.133108187E1,-1.290329576E0,9.612267494E0,-1.812563181E0
5.133345953E1,-1.295115232E0,9.602696419E0,-1.798206210E0
5.133583718E1,-1.290329576E0,9.609874725E0,-1.822134495E0
5.133821562E1,-1.292722464E0,9.585947037E0,-1.836491346E0
5.134059411E1,-1.280758262E0,9.617053032E0,-1.819741607E0
5.134297177E1,-1.280758262E0,9.617053032E0,-1.795813441E0
5.134534948E1,-1.295115232E0,9.626625061E0,-1.786242127E0
5.134772791E1,-1.297508121E0,9.614660263E0,-1.798206210E0
5.135010635E1,-1.280758262E0,9.614660263E0,-1.776670814E0
5.135248401E1,-1.280758262E0,9.621838570E0,-1.767099500E0
5.135486171E1,-1.297508121E0,9.640981674E0,-1.798206210E0
5.135724015E1,-1.266401410E0,9.631410599E0,-1.779063582E0
5.135961864E1,-1.264008522E0,9.619445801E0,-1.767099500E0
5.136199630E1,-1.256830096E0,9.617053032E0,-1.783849239E0
5.136437395E1,-1.266401410E0,9.629017830E0,-1.771885157E0
5.136675239E1,-1.249651670E0,9.631410599E0,-1.779063582E0
5.136913088E1,-1.254437327E0,9.612267494E0,-1.791027784E0
5.137150854E1,-1.242473125E0,9.633803368E0,-1.783849239E0
5.137388619E1,-1.259222865E0,9.648159981E0,-1.788634896E0
5.137626463E1,-1.247258782E0,9.640981674E0,-1.781456470E0
5.137864312E1,-1.247258782E0,9.655338287E0,-1.795813441E0
5.138102078E1,-1.230509043E0,9.631410599E0,-1.805384636E0
5.138339848E1,-1.240080357E0,9.638588905E0,-1.817348838E0
5.138577692E1,-1.240080357E0,9.636196136E0,-1.807777524E0
5.138815536E1,-1.252044439E0,9.636196136E0,-1.822134495E0
5.139053302E1,-1.244866014E0,9.629017830E0,-1.819741607E0
5.139291072E1,-1.228116274E0,9.636196136E0,-1.814955950E0
5.139528916E1,-1.244866014E0,9.619445801E0,-1.817348838E0
5.139766760E1,-1.237687469E0,9.614660263E0,-1.834098577E0
5.140004526E1,-1.249651670E0,9.629017830E0,-1.824527264E0
5.140242296E1,-1.232901812E0,9.631410599E0,-1.802991867E0
5.140480140E1,-1.252044439E0,9.626625061E0,-1.812563181E0
5.140717989E1,-1.264008522E0,9.621838570E0,-1.831705689E0
5.140955755E1,-1.244866014E0,9.609874725E0,-1.817348838E0
5.141193526E1,-1.249651670E0,9.607481956E0,-1.812563181E0
5.141431369E1,-1.256830096E0,9.600303650E0,-1.791027784E0
5.141669213E1,-1.254437327E0,9.614660263E0,-1.793420553E0
5.141906979E1,-1.259222865E0,9.609874725E0,-1.812563181E0
5.142144750E1,-1.254437327E0,9.612267494E0,-1.800599098E0
5.142382593E1,-1.256830096E0,9.605089188E0,-1.810170293E0
5.142620437E1,-1.249651670E0,9.605089188E0,-1.817348838E0
5.142858203E1,-1.256830096E0,9.602696419E0,-1.805384636E0
5.143095974E1,-1.266401410E0,9.597910881E0,-1.822134495E0
5.143333817E1,-1.261615753E0,9.595518112E0,-1.814955950E0
5.143571661E1,-1.256830096E0,9.614660263E0,-1.829312921E0
5.143809427E1,-1.235294700E0,9.612267494E0,-1.819741607E0
5.144047198E1,-1.261615753E0,9.614660263E0,-1.807777524E0
5.144285041E1,-1.242473125E0,9.609874725E0,-1.798206210E0
5.144522890E1,-1.275972724E0,9.612267494E0,-1.802991867E0
5.144760656E1,-1.237687469E0,9.626625061E0,-1.793420553E0
5.144998421E1,-1.235294700E0,9.636196136E0,-1.812563181E0
5.145236265E1,-1.235294700E0,9.662516594E0,-1.793420553E0
5.145474114E1,-1.237687469E0,9.631410599E0,-1.800599098E0
5.145711880E1,-1.247258782E0,9.624231339E0,-1.805384636E0
5.145949651E1,-1.244866014E0,9.645767212E0,-1.807777524E0
5.146187494E1,-1.247258782E0,9.629017830E0,-1.793420553E0
5.146425338E1,-1.249651670E0,9.638588905E0,-1.802991867E0
5.146663104E1,-1.232901812E0,9.621838570E0,-1.800599098E0
5.146900875E1,-1.237687469E0,9.614660263E0,-1.800599098E0
5.147138718E1,-1.240080357E0,9.617053032E0,-1.786242127E0
5.147376562E1,-1.244866014E0,9.609874725E0,-1.805384636E0
5.147614328E1,-1.228116274E0,9.619445801E0,-1.812563181E0
5.147852098E1,-1.249651670E0,9.621838570E0,-1.807777524E0
5.148089942E1,-1.218544960E0,9.612267494E0,-1.805384636E0
5.148327791E1,-1.240080357E0,9.624231339E0,-1.800599098E0
5.148565557E1,-1.249651670E0,9.617053032E0,-1.798206210E0
5.148803322E1,-1.223330617E0,9.619445801E0,-1.802991867E0
5.149041166E1,-1.235294700E0,9.626625061E0,-1.812563181E0
5.149279015E1,-1.206580877E0,9.614660263E0,-1.814955950E0
5.149516781E1,-1.228116274E0,9.609874725E0,-1.814955950E0
5.149754552E1,-1.223330617E0,9.597910881E0,-1.795813441E0
5.149992395E1,-1.199402332E0,9.597910881E0,-1.795813441E0
5.150230239E1,-1.223330617E0,9.605089188E0,-1.802991867E0
5.150468005E1,-1.197009563E0,9.588339806E0,-1.807777524E0
5.150705776E1,-1.192223907E0,9.602696419E0,-1.800599098E0
5.150943619E1,-1.213759303E0,9.597910881E0,-1.810170293E0
5.151181463E1,-1.201795220E0,9.602696419E0,-1.817348838E0
5.151419229E1,-1.197009563E0,9.588339806E0,-1.810170293E0
5.151657000E1,-1.216152072E0,9.607481956E0,-1.805384636E0
5.151894843E1,-1.180259824E0,9.602696419E0,-1.822134495E0
5.152132692E1,-1.194616675E0,9.609874725E0,-1.802991867E0
5.152370458E1,-1.194616675E0,9.612267494E0,-1.819741607E0
5.152608224E1,-1.206580877E0,9.614660263E0,-1.805384636E0
5.152846067E1,-1.199402332E0,9.595518112E0,-1.807777524E0
5.153083916E1,-1.197009563E0,9.597910881E0,-1.831705689E0
5.153321682E1,-1.206580877E0,9.595518112E0,-1.834098577E0
5.153559453E1,-1.208973646E0,9.602696419E0,-1.817348838E0
5.153797296E1,-1.197009563E0,9.605089188E0,-1.826920033E0
5.154035140E1,-1.204187989E0,9.607481956E0,-1.848455548E0
5.154272906E1,-1.211366415E0,9.600303650E0,-1.834098577E0
5.154510677E1,-1.194616675E0,9.619445801E0,-1.829312921E0
5.154748520E1,-1.197009563E0,9.619445801E0,-1.810170293E0
5.154986364E1,-1.201795220E0,9.619445801E0,-1.824527264E0
5.155224130E1,-1.206580877E0,9.643374443E0,-1.822134495E0
5.155461901E1,-1.197009563E0,9.624231339E0,-1.834098577E0
5.155699744E1,-1.216152072E0,9.607481956E0,-1.819741607E0
5.155937593E1,-1.216152072E0,9.624231339E0,-1.829312921E0
5.156175359E1,-1.213759303E0,9.636196136E0,-1.831705689E0
5.156413125E1,-1.206580877E0,9.617053032E0,-1.831705689E0
5.156650968E1,-1.208973646E0,9.607481956E0,-1.822134495E0
5.156888817E1,-1.216152072E0,9.607481956E0,-1.834098577E0
5.157126583E1,-1.216152072E0,9.609874725E0,-1.848455548E0
5.157364354E1,-1.206580877E0,9.621838570E0,-1.860419631E0
5.157602198E1,-1.206580877E0,9.612267494E0,-1.881955028E0
5.157840041E1,-1.225723386E0,9.619445801E0,-1.853241086E0
5.158077807E1,-1.213759303E0,9.614660263E0,-1.865205288E0
5.158315578E1,-1.208973646E0,9.593125343E0,-1.860419631E0
5.158553421E1,-1.237687469E0,9.578767776E0,-1.872383714E0
5.158791265E1,-1.259222865E0,9.597910881E0,-1.879562140E0
5.159029031E1,-1.244866014E0,9.585947037E0,-1.858026743E0
5.159266802E1,-1.252044439E0,9.593125343E0,-1.853241086E0
5.159504645E1,-1.249651670E0,9.602696419E0,-1.867598057E0
5.159742494E1,-1.252044439E0,9.585947037E0,-1.865205288E0
5.159980260E1,-1.264008522E0,9.605089188E0,-1.872383714E0
5.160218026E1,-1.271187067E0,9.602696419E0,-1.889133453E0
5.160455869E1,-1.254437327E0,9.607481956E0,-1.862812400E0
5.160693718E1,-1.283151150E0,9.612267494E0,-1.860419631E0
5.160931484E1,-1.259222865E0,9.612267494E0,-1.858026743E0
5.161169255E1,-1.261615753E0,9.605089188E0,-1.846062660E0
5.161407099E1,-1.256830096E0,9.621838570E0,-1.836491346E0
5.161644942E1,-1.254437327E0,9.607481956E0,-1.850848317E0
5.161882708E1,-1.259222865E0,9.590732574E0,-1.834098577E0
5.162120479E1,-1.259222865E0,9.600303650E0,-1.853241086E0
5.162358323E1,-1.254437327E0,9.621838570E0,-1.838884234E0
5.162596166E1,-1.237687469E0,9.597910881E0,-1.819741607E0
5.162833937E1,-1.244866014E0,9.600303650E0,-1.829312921E0
5.163071703E1,-1.232901812E0,9.607481956E0,-1.788634896E0
5.163309546E1,-1.220937729E0,9.600303650E0,-1.791027784E0
5.163547395E1,-1.211366415E0,9.631410599E0,-1.807777524E0
5.163785161E1,-1.204187989E0,9.631410599E0,-1.788634896E0
5.164022932E1,-1.197009563E0,9.607481956E0,-1.771885157E0
5.164260776E1,-1.201795220E0,9.617053032E0,-1.791027784E0
5.164498619E1,-1.204187989E0,9.614660263E0,-1.791027784E0
5.164736385E1,-1.204187989E0,9.626625061E0,-1.788634896E0
5.164974156E1,-1.218544960E0,9.621838570E0,-1.779063582E0
5.165212000E1,-1.216152072E0,9.612267494E0,-1.791027784E0
5.165449843E1,-1.225723386E0,9.597910881E0,-1.810170293E0
5.165687609E1,-1.225723386E0,9.619445801E0,-1.826920033E0
5.165925380E1,-1.213759303E0,9.624231339E0,-1.802991867E0
5.166163224E1,-1.223330617E0,9.612267494E0,-1.819741607E0
5.166401073E1,-1.223330617E0,9.605089188E0,-1.817348838E0
5.166638838E1,-1.230509043E0,9.614660263E0,-1.826920033E0
5.166876604E1,-1.235294700E0,9.607481956E0,-1.838884234E0
5.167114448E1,-1.254437327E0,9.624231339E0,-1.829312921E0
5.167352296E1,-1.240080357E0,9.614660263E0,-1.822134495E0
5.167590062E1,-1.235294700E0,9.624231339E0,-1.807777524E0
5.167827833E1,-1.244866014E0,9.617053032E0,-1.819741607E0
5.168065677E1,-1.264008522E0,9.605089188E0,-1.817348838E0
5.168303520E1,-1.242473125E0,9.609874725E0,-1.841277003E0
5.168541286E1,-1.244866014E0,9.593125343E0,-1.822134495E0
5.168779057E1,-1.256830096E0,9.590732574E0,-1.814955950E0
5.169016901E1,-1.237687469E0,9.607481956E0,-1.793420553E0
5.169254744E1,-1.230509043E0,9.590732574E0,-1.812563181E0
5.169492510E1,-1.259222865E0,9.588339806E0,-1.786242127E0
5.169730281E1,-1.252044439E0,9.573982239E0,-1.800599098E0
5.169968124E1,-1.242473125E0,9.585947037E0,-1.819741607E0
5.170205974E1,-1.264008522E0,9.581160545E0,-1.805384636E0
5.170443739E1,-1.254437327E0,9.576375008E0,-1.781456470E0
5.170681510E1,-1.256830096E0,9.578767776E0,-1.783849239E0
5.170919354E1,-1.225723386E0,9.581160545E0,-1.802991867E0
5.171157198E1,-1.220937729E0,9.576375008E0,-1.795813441E0
5.171394963E1,-1.247258782E0,9.569196701E0,-1.805384636E0
5.171632734E1,-1.242473125E0,9.600303650E0,-1.810170293E0
5.171870578E1,-1.218544960E0,9.607481956E0,-1.779063582E0
5.172108421E1,-1.254437327E0,9.569196701E0,-1.781456470E0
5.172346187E1,-1.228116274E0,9.617053032E0,-1.795813441E0
5.172583958E1,-1.256830096E0,9.609874725E0,-1.798206210E0
5.172821802E1,-1.240080357E0,9.600303650E0,-1.781456470E0
5.173059651E1,-1.225723386E0,9.614660263E0,-1.786242127E0
5.173297416E1,-1.232901812E0,9.597910881E0,-1.781456470E0
5.173535182E1,-1.199402332E0,9.612267494E0,-1.798206210E0
5.173773026E1,-1.220937729E0,9.614660263E0,-1.788634896E0
5.174010874E1,-1.197009563E0,9.624231339E0,-1.800599098E0
5.174248640E1,-1.223330617E0,9.619445801E0,-1.769492388E0
5.174486411E1,-1.216152072E0,9.614660263E0,-1.795813441E0
5.174724255E1,-1.201795220E0,9.636196136E0,-1.769492388E0
5.174962098E1,-1.216152072E0,9.605089188E0,-1.798206210E0
5.175199864E1,-1.216152072E0,9.617053032E0,-1.807777524E0
5.175437635E1,-1.187438250E0,9.626625061E0,-1.800599098E0
5.175675479E1,-1.201795220E0,9.624231339E0,-1.795813441E0
5.175913323E1,-1.208973646E0,9.624231339E0,-1.791027784E0
5.176151088E1,-1.228116274E0,9.655338287E0,-1.795813441E0
5.176388859E1,-1.228116274E0,9.650552750E0,-1.814955950E0
5.176626703E1,-1.232901812E0,9.633803368E0,-1.817348838E0
5.176864552E1,-1.220937729E0,9.624231339E0,-1.819741607E0
5.177102317E1,-1.228116274E0,9.648159981E0,-1.824527264E0
5.177340088E1,-1.228116274E0,9.633803368E0,-1.819741607E0
5.177577932E1,-1.232901812E0,9.648159981E0,-1.829312921E0
5.177815776E1,-1.254437327E0,9.648159981E0,-1.826920033E0
5.178053541E1,-1.249651670E0,9.631410599E0,-1.814955950E0
5.178291312E1,-1.254437327E0,9.631410599E0,-1.829312921E0
5.178529156E1,-1.249651670E0,9.657731056E0,-1.824527264E0
5.178767000E1,-1.268794179E0,9.626625061E0,-1.795813441E0
5.179004765E1,-1.247258782E0,9.626625061E0,-1.810170293E0
5.179242536E1,-1.256830096E0,9.629017830E0,-1.798206210E0
5.179480380E1,-1.244866014E0,9.617053032E0,-1.812563181E0
5.179718229E1,-1.256830096E0,9.636196136E0,-1.793420553E0
5.179955994E1,-1.249651670E0,9.612267494E0,-1.807777524E0
5.180193765E1,-1.256830096E0,9.595518112E0,-1.810170293E0
5.180431609E1,-1.264008522E0,9.614660263E0,-1.829312921E0
5.180669453E1,-1.256830096E0,9.595518112E0,-1.791027784E0
5.180907218E1,-1.273579836E0,9.607481956E0,-1.774278045E0
5.181144989E1,-1.249651670E0,9.597910881E0,-1.795813441E0
5.181382833E1,-1.259222865E0,9.600303650E0,-1.800599098E0
5.181620677E1,-1.264008522E0,9.590732574E0,-1.810170293E0
5.181858442E1,-1.264008522E0,9.607481956E0,-1.774278045E0
5.182096213E1,-1.242473125E0,9.588339806E0,-1.752742529E0
5.182334057E1,-1.252044439E0,9.588339806E0,-1.798206210E0
5.182571906E1,-1.240080357E0,9.590732574E0,-1.795813441E0
5.182809671E1,-1.256830096E0,9.602696419E0,-1.764706731E0
5.183047437E1,-1.254437327E0,9.588339806E0,-1.764706731E0
5.183285281E1,-1.252044439E0,9.597910881E0,-1.798206210E0
5.183523130E1,-1.268794179E0,9.600303650E0,-1.786242127E0
5.183760895E1,-1.240080357E0,9.593125343E0,-1.771885157E0
5.183998666E1,-1.206580877E0,9.593125343E0,-1.764706731E0
5.184236510E1,-1.225723386E0,9.617053032E0,-1.791027784E0
5.184474354E1,-1.232901812E0,9.614660263E0,-1.755135417E0
5.184712119E1,-1.228116274E0,9.600303650E0,-1.767099500E0
5.184949890E1,-1.218544960E0,9.605089188E0,-1.767099500E0
5.185187734E1,-1.235294700E0,9.585947037E0,-1.771885157E0
5.185425578E1,-1.228116274E0,9.576375008E0,-1.767099500E0
5.185663348E1,-1.216152072E0,9.578767776E0,-1.774278045E0
5.185901114E1,-1.213759303E0,9.581160545E0,-1.759921074E0
5.186138958E1,-1.235294700E0,9.595518112E0,-1.767099500E0
5.186376807E1,-1.204187989E0,9.585947037E0,-1.755135417E0
5.186614572E1,-1.225723386E0,9.588339806E0,-1.757528186E0
5.186852343E1,-1.216152072E0,9.593125343E0,-1.752742529E0
5.187090187E1,-1.204187989E0,9.609874725E0,-1.764706731E0
5.187328031E1,-1.197009563E0,9.607481956E0,-1.764706731E0
5.187565796E1,-1.216152072E0,9.609874725E0,-1.762313843E0
5.187803567E1,-1.213759303E0,9.600303650E0,-1.771885157E0
5.188041411E1,-1.197009563E0,9.609874725E0,-1.769492388E0
5.188279255E1,-1.199402332E0,9.597910881E0,-1.781456470E0
5.188517020E1,-1.192223907E0,9.597910881E0,-1.802991867E0
5.188754791E1,-1.177866936E0,9.605089188E0,-1.783849239E0
5.188992635E1,-1.170688510E0,9.609874725E0,-1.776670814E0
5.189230484E1,-1.173081279E0,9.626625061E0,-1.795813441E0
5.189468250E1,-1.177866936E0,9.600303650E0,-1.769492388E0
5.189706015E1,-1.170688510E0,9.612267494E0,-1.781456470E0
5.189943859E1,-1.180259824E0,9.619445801E0,-1.793420553E0
5.190181708E1,-1.163509965E0,9.600303650E0,-1.800599098E0
5.190419474E1,-1.173081279E0,9.626625061E0,-1.762313843E0
5.190657244E1,-1.187438250E0,9.643374443E0,-1.814955950E0
5.190895088E1,-1.185045362E0,9.643374443E0,-1.805384636E0
5.191132932E1,-1.156331539E0,9.636196136E0,-1.783849239E0
5.191370698E1,-1.153938770E0,9.631410599E0,-1.802991867E0
5.191608468E1,-1.156331539E0,9.667302132E0,-1.762313843E0
5.191846312E1,-1.163509965E0,9.636196136E0,-1.776670814E0
5.192084161E1,-1.146760225E0,9.643374443E0,-1.788634896E0
5.192321927E1,-1.149153113E0,9.640981674E0,-1.774278045E0
5.192559692E1,-1.161117196E0,9.621838570E0,-1.755135417E0
5.192797536E1,-1.144367456E0,9.650552750E0,-1.791027784E0
5.193035385E1,-1.173081279E0,9.655338287E0,-1.774278045E0
5.193273151E1,-1.151545882E0,9.640981674E0,-1.779063582E0
5.193510921E1,-1.144367456E0,9.636196136E0,-1.767099500E0
5.193748765E1,-1.158724308E0,9.633803368E0,-1.759921074E0
5.193986609E1,-1.168295622E0,9.619445801E0,-1.755135417E0
5.194224375E1,-1.158724308E0,9.626625061E0,-1.771885157E0
5.194462145E1,-1.139581800E0,9.640981674E0,-1.759921074E0
5.194699989E1,-1.149153113E0,9.626625061E0,-1.747956991E0
5.194937838E1,-1.151545882E0,9.621838570E0,-1.764706731E0
5.195175604E1,-1.141974568E0,9.612267494E0,-1.752742529E0
5.195413369E1,-1.120439172E0,9.633803368E0,-1.752742529E0
5.195651213E1,-1.137188911E0,9.624231339E0,-1.742872238E0
5.195889062E1,-1.134796143E0,9.633803368E0,-1.747956991E0
5.196126828E1,-1.139581800E0,9.621838570E0,-1.755135417E0
5.196364599E1,-1.122832060E0,9.607481956E0,-1.747956991E0
5.196602442E1,-1.120439172E0,9.607481956E0,-1.750349760E0
5.196840286E1,-1.132403374E0,9.612267494E0,-1.767099500E0
5.197078052E1,-1.122832060E0,9.621838570E0,-1.757528186E0
5.197315823E1,-1.132403374E0,9.621838570E0,-1.750349760E0
5.197553666E1,-1.146760225E0,9.595518112E0,-1.745265007E0
5.197791515E1,-1.137188911E0,9.626625061E0,-1.757528186E0
5.198029281E1,-1.132403374E0,9.614660263E0,-1.759921074E0
5.198267046E1,-1.113260746E0,9.590732574E0,-1.750349760E0
5.198504890E1,-1.134796143E0,9.621838570E0,-1.747956991E0
5.198742739E1,-1.125224829E0,9.621838570E0,-1.728515267E0
5.198980505E1,-1.137188911E0,9.624231339E0,-1.721336842E0
5.199218276E1,-1.137188911E0,9.619445801E0,-1.728515267E0
5.199456119E1,-1.134796143E0,9.640981674E0,-1.723729610E0
5.199693963E1,-1.139581800E0,9.636196136E0,-1.738086581E0
5.199931729E1,-1.144367456E0,9.652945518E0,-1.742872238E0
5.200169500E1,-1.134796143E0,9.657731056E0,-1.742872238E0
5.200407343E1,-1.144367456E0,9.664909363E0,-1.726122379E0
5.200645187E1,-1.137188911E0,9.657731056E0,-1.738086581E0
5.200882958E1,-1.161117196E0,9.672088623E0,-1.742872238E0
5.201120724E1,-1.137188911E0,9.693623543E0,-1.745265007E0
5.201358567E1,-1.137188911E0,9.693623543E0,-1.730908036E0
5.201596416E1,-1.134796143E0,9.686445236E0,-1.750349760E0
5.201834182E1,-1.141974568E0,9.681659698E0,-1.742872238E0
5.202071953E1,-1.149153113E0,9.693623543E0,-1.721336842E0
5.202309796E1,-1.139581800E0,9.688838005E0,-1.764706731E0
5.202547640E1,-1.144367456E0,9.669695854E0,-1.750349760E0
5.202785406E1,-1.158724308E0,9.703194618E0,-1.757528186E0
5.203023177E1,-1.149153113E0,9.696016312E0,-1.747956991E0
5.203261020E1,-1.161117196E0,9.698409081E0,-1.762313843E0
5.203498869E1,-1.156331539E0,9.686445236E0,-1.750349760E0
5.203736635E1,-1.158724308E0,9.684052467E0,-1.757528186E0
5.203974401E1,-1.163509965E0,9.693623543E0,-1.750349760E0
5.204212244E1,-1.168295622E0,9.652945518E0,-1.752742529E0
5.204450093E1,-1.163509965E0,9.662516594E0,-1.750349760E0
5.204687859E1,-1.165902853E0,9.674481392E0,-1.759921074E0
5.204925630E1,-1.194616675E0,9.672088623E0,-1.767099500E0
5.205163474E1,-1.165902853E0,9.669695854E0,-1.771885157E0
5.205401317E1,-1.185045362E0,9.688838005E0,-1.757528186E0
5.205639083E1,-1.189831018E0,9.669695854E0,-1.755135417E0
5.205876854E1,-1.182652593E0,9.688838005E0,-1.769492388E0
5.206114698E1,-1.199402332E0,9.640981674E0,-1.757528186E0
5.206352546E1,-1.213759303E0,9.657731056E0,-1.764706731E0
5.206590312E1,-1.211366415E0,9.638588905E0,-1.771885157E0
5.206828078E1,-1.220937729E0,9.629017830E0,-1.783849239E0
5.207065921E1,-1.240080357E0,9.629017830E0,-1.752742529E0
5.207303770E1,-1.235294700E0,9.648159981E0,-1.750349760E0
5.207541536E1,-1.240080357E0,9.626625061E0,-1.774278045E0
5.207779307E1,-1.249651670E0,9.600303650E0,-1.764706731E0
5.208017151E1,-1.259222865E0,9.600303650E0,-1.776670814E0
5.208254994E1,-1.268794179E0,9.607481956E0,-1.769492388E0
5.208492760E1,-1.275972724E0,9.605089188E0,-1.747956991E0
5.208730531E1,-1.287936807E0,9.588339806E0,-1.740479350E0
5.208968374E1,-1.285543919E0,9.602696419E0,-1.747956991E0
5.209206224E1,-1.307079315E0,9.573982239E0,-1.757528186E0
5.209443989E1,-1.321436286E0,9.600303650E0,-1.762313843E0
5.209681755E1,-1.307079315E0,9.573982239E0,-1.759921074E0
5.209919598E1,-1.302293777E0,9.600303650E0,-1.745265007E0
5.210157448E1,-1.321436286E0,9.595518112E0,-1.745265007E0
5.210395213E1,-1.331007600E0,9.600303650E0,-1.755135417E0
5.210632984E1,-1.331007600E0,9.595518112E0,-1.767099500E0
5.210870828E1,-1.345364571E0,9.617053032E0,-1.774278045E0
5.211108671E1,-1.335793257E0,9.619445801E0,-1.757528186E0
5.211346437E1,-1.357328653E0,9.624231339E0,-1.742872238E0
5.211584208E1,-1.359721422E0,9.638588905E0,-1.767099500E0
5.211822052E1,-1.381256819E0,9.633803368E0,-1.759921074E0
5.212059901E1,-1.398006678E0,9.657731056E0,-1.762313843E0
5.212297666E1,-1.374078393E0,9.652945518E0,-1.776670814E0
5.212535432E1,-1.400399446E0,9.681659698E0,-1.774278045E0
5.212773276E1,-1.402792215E0,9.667302132E0,-1.776670814E0
5.213011124E1,-1.398006678E0,9.664909363E0,-1.767099500E0
5.213248890E1,-1.426720500E0,9.681659698E0,-1.774278045E0
5.213486661E1,-1.424327731E0,9.691230774E0,-1.776670814E0
5.213724505E1,-1.433898926E0,9.686445236E0,-1.783849239E0
5.213962348E1,-1.426720500E0,9.674481392E0,-1.807777524E0
5.214200114E1,-1.445863128E0,9.674481392E0,-1.805384636E0
5.214437885E1,-1.445863128E0,9.669695854E0,-1.795813441E0
5.214675729E1,-1.441077471E0,9.679266930E0,-1.764706731E0
5.214913578E1,-1.438684583E0,9.669695854E0,-1.817348838E0
5.215151343E1,-1.445863128E0,9.672088623E0,-1.798206210E0
5.215389109E1,-1.429113269E0,9.674481392E0,-1.824527264E0
5.215626953E1,-1.448255897E0,9.664909363E0,-1.843669891E0
5.215864802E1,-1.433898926E0,9.648159981E0,-1.824527264E0
5.216102567E1,-1.426720500E0,9.643374443E0,-1.812563181E0
5.216340338E1,-1.405185103E0,9.633803368E0,-1.838884234E0
5.216578182E1,-1.378864050E0,9.626625061E0,-1.836491346E0
5.216816026E1,-1.390828133E0,9.638588905E0,-1.810170293E0
5.217053791E1,-1.364507079E0,9.621838570E0,-1.838884234E0
5.217291562E1,-1.326221943E0,9.614660263E0,-1.848455548E0
5.217529406E1,-1.311864972E0,9.595518112E0,-1.858026743E0
5.217767255E1,-1.295115232E0,9.590732574E0,-1.829312921E0
5.218005020E1,-1.275972724E0,9.595518112E0,-1.862812400E0
5.218242791E1,-1.261615753E0,9.600303650E0,-1.872383714E0
5.218480635E1,-1.232901812E0,9.581160545E0,-1.867598057E0
5.218718479E1,-1.206580877E0,9.569196701E0,-1.886740685E0
5.218956244E1,-1.175474167E0,9.547661781E0,-1.874776483E0
5.219194015E1,-1.173081279E0,9.545269012E0,-1.898704767E0
5.219431859E1,-1.132403374E0,9.523733139E0,-1.893919110E0
5.219669708E1,-1.134796143E0,9.521340370E0,-1.889133453E0
5.219907474E1,-1.125224829E0,9.521340370E0,-1.903490424E0
5.220145239E1,-1.110867858E0,9.499805450E0,-1.903490424E0
5.220383083E1,-1.108475089E0,9.509376526E0,-1.936989903E0
5.220620932E1,-1.094118118E0,9.487840652E0,-1.920240164E0
5.220858698E1,-1.082154036E0,9.495018959E0,-1.910668850E0
5.221096468E1,-1.070189953E0,9.504590988E0,-1.901097536E0
5.221334312E1,-1.065105200E0,9.502198219E0,-1.889133453E0
5.221572156E1,-1.055533886E0,9.471091270E0,-1.886740685E0
5.221809921E1,-1.065105200E0,9.473484039E0,-1.881955028E0
5.222047692E1,-1.043569803E0,9.444769859E0,-1.858026743E0
5.222285536E1,-1.053141117E0,9.475876808E0,-1.853241086E0
5.222523385E1,-1.070189953E0,9.471091270E0,-1.843669891E0
5.222761151E1,-1.055533886E0,9.499805450E0,-1.838884234E0
5.222998916E1,-1.050748229E0,9.504590988E0,-1.831705689E0
5.223236760E1,-1.043569803E0,9.480662346E0,-1.824527264E0
5.223474609E1,-1.043569803E0,9.499805450E0,-1.802991867E0
5.223712375E1,-1.055533886E0,9.511769295E0,-1.798206210E0
5.223950145E1,-1.043569803E0,9.516554832E0,-1.786242127E0
5.224187989E1,-1.050748229E0,9.514162064E0,-1.759921074E0
5.224425833E1,-1.031605721E0,9.547661781E0,-1.750349760E0
5.224663599E1,-1.026820064E0,9.540482521E0,-1.740479350E0
5.224901369E1,-1.017248750E0,9.569196701E0,-1.752742529E0
5.225139213E1,-9.981061220E-1,9.564411163E0,-1.728515267E0
5.225377062E1,-9.933205247E-1,9.562018394E0,-1.718943954E0
5.225614828E1,-9.717850685E-1,9.590732574E0,-1.714158297E0
5.225852599E1,-9.598209858E-1,9.595518112E0,-1.726122379E0
5.226090442E1,-9.430712461E-1,9.629017830E0,-1.685444474E0
5.226328286E1,-9.454640746E-1,9.609874725E0,-1.692622900E0
5.226566052E1,-9.191430211E-1,9.624231339E0,-1.690230131E0
5.226803823E1,-9.167501926E-1,9.638588905E0,-1.673480392E0
5.227041666E1,-9.023932219E-1,9.621838570E0,-1.656730533E0
5.227279515E1,-8.784649968E-1,9.617053032E0,-1.656730533E0
5.227517281E1,-8.784649968E-1,9.643374443E0,-1.654337764E0
5.227755046E1,-8.665009141E-1,9.629017830E0,-1.654337764E0
5.227992890E1,-8.545367718E-1,9.629017830E0,-1.654337764E0
5.228230739E1,-8.377870321E-1,9.657731056E0,-1.666301847E0
5.228468505E1,-8.258228898E-1,9.662516594E0,-1.661516190E0
5.228706276E1,-8.018946648E-1,9.648159981E0,-1.659123421E0
5.228944119E1,-8.186444640E-1,9.676874161E0,-1.683051586E0
5.229181963E1,-8.186444640E-1,9.674481392E0,-1.666301847E0
5.229419729E1,-8.066803217E-1,9.686445236E0,-1.680658817E0
5.229657500E1,-8.138588071E-1,9.684052467E0,-1.685444474E0
5.229895343E1,-8.234301209E-1,9.703194618E0,-1.678265929E0
5.230133192E1,-8.258228898E-1,9.691230774E0,-1.678265929E0
5.230370958E1,-8.330013752E-1,9.681659698E0,-1.685444474E0
5.230608724E1,-8.688937426E-1,9.664909363E0,-1.699801445E0
5.230846567E1,-8.808578253E-1,9.693623543E0,-1.687837243E0
5.231084416E1,-8.904291391E-1,9.696016312E0,-1.683051586E0
5.231322182E1,-9.000003934E-1,9.657731056E0,-1.702194214E0
5.231559953E1,-9.406784177E-1,9.684052467E0,-1.683051586E0
5.231797796E1,-9.550353289E-1,9.688838005E0,-1.695015788E0
5.232035640E1,-9.526425004E-1,9.693623543E0,-1.680658817E0
5.232273406E1,-9.741778970E-1,9.703194618E0,-1.690230131E0
5.232511177E1,-9.861420393E-1,9.684052467E0,-1.668694735E0
5.232749020E1,-1.005284667E0,9.693623543E0,-1.649552107E0
5.232986869E1,-1.012463093E0,9.727123260E0,-1.642373681E0
5.233224635E1,-1.012463093E0,9.710372925E0,-1.659123421E0
5.233462406E1,-1.026820064E0,9.722337723E0,-1.649552107E0
5.233700250E1,-1.026820064E0,9.712766647E0,-1.623231053E0
5.233938093E1,-1.038784146E0,9.698409081E0,-1.608874083E0
5.234175859E1,-1.055533886E0,9.700801849E0,-1.594517231E0
5.234413630E1,-1.045962572E0,9.700801849E0,-1.589731574E0
5.234651474E1,-1.074975610E0,9.691230774E0,-1.582553029E0
5.234889317E1,-1.062712312E0,9.688838005E0,-1.558624864E0
5.235127083E1,-1.070189953E0,9.681659698E0,-1.546660781E0
5.235364854E1,-1.070189953E0,9.691230774E0,-1.556231976E0
5.235602698E1,-1.065105200E0,9.672088623E0,-1.537089467E0
5.235840546E1,-1.057926655E0,9.698409081E0,-1.525125384E0
5.236078312E1,-1.077368379E0,9.691230774E0,-1.517946839E0
5.236316083E1,-1.067797065E0,9.691230774E0,-1.501197100E0
5.236553927E1,-1.070189953E0,9.724730492E0,-1.494018674E0
5.236791770E1,-1.074975610E0,9.758230209E0,-1.527518153E0
5.237029536E1,-1.077368379E0,9.734301567E0,-1.534696579E0
5.237267307E1,-1.103689432E0,9.746265411E0,-1.529910922E0
5.237505151E1,-1.118046403E0,9.767801285E0,-1.527518153E0
5.237743000E1,-1.108475089E0,9.748658180E0,-1.522732496E0
5.237980765E1,-1.113260746E0,9.765408516E0,-1.556231976E0
5.238218531E1,-1.132403374E0,9.770194054E0,-1.553839207E0
5.238456374E1,-1.132403374E0,9.782457352E0,-1.551446438E0
5.238694224E1,-1.146760225E0,9.780064583E0,-1.558624864E0
5.238931989E1,-1.182652593E0,9.765408516E0,-1.570588946E0
5.239169760E1,-1.199402332E0,9.755837440E0,-1.565803289E0
5.239407604E1,-1.213759303E0,9.722337723E0,-1.577767372E0
5.239645448E1,-1.194616675E0,9.712766647E0,-1.611266971E0
5.239883213E1,-1.235294700E0,9.707980156E0,-1.587338686E0
5.240120984E1,-1.240080357E0,9.731908798E0,-1.596910000E0
5.240358828E1,-1.237687469E0,9.698409081E0,-1.628016710E0
5.240596677E1,-1.275972724E0,9.669695854E0,-1.606481314E0
5.240834442E1,-1.271187067E0,9.650552750E0,-1.623231053E0
5.241072213E1,-1.266401410E0,9.638588905E0,-1.613659739E0
5.241310057E1,-1.264008522E0,9.643374443E0,-1.639980793E0
5.241547901E1,-1.259222865E0,9.645767212E0,-1.671087503E0
5.241785666E1,-1.275972724E0,9.638588905E0,-1.678265929E0
5.242023437E1,-1.244866014E0,9.621838570E0,-1.690230131E0
5.242261281E1,-1.230509043E0,9.600303650E0,-1.702194214E0
5.242499130E1,-1.252044439E0,9.602696419E0,-1.721336842E0
5.242736895E1,-1.261615753E0,9.600303650E0,-1.740479350E0
5.242974666E1,-1.249651670E0,9.593125343E0,-1.764706731E0
5.243212510E1,-1.247258782E0,9.588339806E0,-1.786242127E0
5.243450354E1,-1.254437327E0,9.588339806E0,-1.824527264E0
5.243688119E1,-1.287936807E0,9.581160545E0,-1.822134495E0
5.243925890E1,-1.273579836E0,9.564411163E0,-1.812563181E0
5.244163734E1,-1.275972724E0,9.576375008E0,-1.826920033E0
5.244401578E1,-1.285543919E0,9.581160545E0,-1.834098577E0
5.244639343E1,-1.304686546E0,9.581160545E0,-1.841277003E0
5.244877114E1,-1.307079315E0,9.583553314E0,-1.831705689E0
5.245114958E1,-1.307079315E0,9.593125343E0,-1.834098577E0
5.245352807E1,-1.323829174E0,9.597910881E0,-1.800599098E0
5.245590572E1,-1.342971683E0,9.609874725E0,-1.807777524E0
5.245828343E1,-1.352542996E0,9.597910881E0,-1.786242127E0
5.246066187E1,-1.357328653E0,9.621838570E0,-1.791027784E0
5.246304031E1,-1.328614831E0,9.640981674E0,-1.788634896E0
5.246541796E1,-1.347757339E0,9.643374443E0,-1.759921074E0
5.246779567E1,-1.342971683E0,9.676874161E0,-1.762313843E0
5.247017411E1,-1.328614831E0,9.686445236E0,-1.769492388E0
5.247255260E1,-1.354935765E0,9.698409081E0,-1.767099500E0
5.247493026E1,-1.364507079E0,9.681659698E0,-1.767099500E0
5.247730796E1,-1.359721422E0,9.674481392E0,-1.764706731E0
5.247968640E1,-1.345364571E0,9.696016312E0,-1.742872238E0
5.248206484E1,-1.340578914E0,9.707980156E0,-1.718943954E0
5.248444250E1,-1.347757339E0,9.710372925E0,-1.718943954E0
5.248682020E1,-1.347757339E0,9.707980156E0,-1.711765528E0
5.248919864E1,-1.338186026E0,9.691230774E0,-1.702194214E0
5.249157713E1,-1.323829174E0,9.698409081E0,-1.687837243E0
5.249395479E1,-1.326221943E0,9.686445236E0,-1.692622900E0
5.249633244E1,-1.299900889E0,9.693623543E0,-1.690230131E0
5.249871088E1,-1.280758262E0,9.703194618E0,-1.685444474E0
5.250108937E1,-1.273579836E0,9.679266930E0,-1.678265929E0
5.250346703E1,-1.287936807E0,9.681659698E0,-1.695015788E0
5.250584474E1,-1.271187067E0,9.667302132E0,-1.695015788E0
5.250822317E1,-1.271187067E0,9.667302132E0,-1.695015788E0
5.251060161E1,-1.261615753E0,9.664909363E0,-1.699801445E0
5.251297927E1,-1.266401410E0,9.633803368E0,-1.697408557E0
5.251535698E1,-1.261615753E0,9.631410599E0,-1.704586983E0
5.251773541E1,-1.271187067E0,9.633803368E0,-1.711765528E0
5.252011390E1,-1.249651670E0,9.640981674E0,-1.709372640E0
5.252249156E1,-1.261615753E0,9.650552750E0,-1.718943954E0
5.252486927E1,-1.266401410E0,9.624231339E0,-1.692622900E0
5.252724770E1,-1.271187067E0,9.638588905E0,-1.714158297E0
5.252962614E1,-1.278365493E0,9.638588905E0,-1.718943954E0
5.253200380E1,-1.287936807E0,9.617053032E0,-1.726122379E0
5.253438151E1,-1.307079315E0,9.605089188E0,-1.759921074E0
5.253675994E1,-1.304686546E0,9.593125343E0,-1.767099500E0
5.253913843E1,-1.323829174E0,9.600303650E0,-1.740479350E0
5.254151609E1,-1.309472203E0,9.600303650E0,-1.757528186E0
5.254389375E1,-1.338186026E0,9.581160545E0,-1.726122379E0
5.254627218E1,-1.326221943E0,9.593125343E0,-1.735693693E0
5.254865067E1,-1.352542996E0,9.569196701E0,-1.750349760E0
5.255102833E1,-1.357328653E0,9.588339806E0,-1.728515267E0
5.255340604E1,-1.350150228E0,9.578767776E0,-1.740479350E0
5.255578448E1,-1.383649707E0,9.554840088E0,-1.721336842E0
5.255816291E1,-1.386042476E0,9.542876244E0,-1.733300924E0
5.256054057E1,-1.398006678E0,9.550054550E0,-1.714158297E0
5.256291828E1,-1.371685624E0,9.518947601E0,-1.718943954E0
5.256529671E1,-1.398006678E0,9.518947601E0,-1.711765528E0
5.256767520E1,-1.378864050E0,9.506983757E0,-1.687837243E0
5.257005286E1,-1.366899967E0,9.514162064E0,-1.697408557E0
5.257243057E1,-1.388435364E0,9.511769295E0,-1.683051586E0
5.257480901E1,-1.376471281E0,9.502198219E0,-1.678265929E0
5.257718744E1,-1.354935765E0,9.511769295E0,-1.663909078E0
5.257956510E1,-1.345364571E0,9.538089752E0,-1.678265929E0
5.258194281E1,-1.319043517E0,9.550054550E0,-1.683051586E0
5.258432125E1,-1.314257860E0,9.559625626E0,-1.623231053E0
5.258669974E1,-1.285543919E0,9.554840088E0,-1.639980793E0
5.258907739E1,-1.292722464E0,9.571589470E0,-1.647159338E0
5.259145510E1,-1.244866014E0,9.576375008E0,-1.632802367E0
5.259383354E1,-1.218544960E0,9.585947037E0,-1.608874083E0
5.259621198E1,-1.211366415E0,9.588339806E0,-1.618445396E0
5.259858963E1,-1.189831018E0,9.612267494E0,-1.582553029E0
5.260096734E1,-1.177866936E0,9.607481956E0,-1.575374603E0
5.260334578E1,-1.163509965E0,9.612267494E0,-1.589731574E0
5.260572427E1,-1.170688510E0,9.609874725E0,-1.584945917E0
5.260810192E1,-1.153938770E0,9.629017830E0,-1.628016710E0
5.261047963E1,-1.141974568E0,9.626625061E0,-1.637588024E0
5.261285807E1,-1.137188911E0,9.645767212E0,-1.635195136E0
5.261523651E1,-1.134796143E0,9.636196136E0,-1.618445396E0
5.261761416E1,-1.108475089E0,9.645767212E0,-1.651944876E0
5.261999187E1,-1.108475089E0,9.655338287E0,-1.651944876E0
5.262237031E1,-1.108475089E0,9.655338287E0,-1.661516190E0
5.262474880E1,-1.118046403E0,9.664909363E0,-1.654337764E0
5.262712645E1,-1.089332461E0,9.662516594E0,-1.678265929E0
5.262950411E1,-1.113260746E0,9.664909363E0,-1.675873160E0
5.263188255E1,-1.101296663E0,9.674481392E0,-1.687837243E0
5.263426104E1,-1.113260746E0,9.679266930E0,-1.704586983E0
5.263663869E1,-1.134796143E0,9.662516594E0,-1.697408557E0
5.263901640E1,-1.132403374E0,9.660123825E0,-1.704586983E0
5.264139484E1,-1.141974568E0,9.640981674E0,-1.695015788E0
5.264377328E1,-1.141974568E0,9.631410599E0,-1.728515267E0
5.264615093E1,-1.149153113E0,9.631410599E0,-1.718943954E0
5.264852864E1,-1.144367456E0,9.621838570E0,-1.735693693E0
5.265090708E1,-1.163509965E0,9.619445801E0,-1.714158297E0
5.265328557E1,-1.156331539E0,9.600303650E0,-1.718943954E0
5.265566323E1,-1.163509965E0,9.607481956E0,-1.726122379E0
5.265804093E1,-1.177866936E0,9.617053032E0,-1.745265007E0
5.266041937E1,-1.187438250E0,9.583553314E0,-1.745265007E0
5.266279781E1,-1.180259824E0,9.600303650E0,-1.762313843E0
5.266517546E1,-1.197009563E0,9.602696419E0,-1.757528186E0
5.266755317E1,-1.206580877E0,9.590732574E0,-1.733300924E0
5.266993161E1,-1.232901812E0,9.600303650E0,-1.774278045E0
5.267231010E1,-1.237687469E0,9.600303650E0,-1.752742529E0
5.267468776E1,-1.240080357E0,9.585947037E0,-1.767099500E0
5.267706546E1,-1.268794179E0,9.624231339E0,-1.747956991E0
5.267944390E1,-1.275972724E0,9.602696419E0,-1.774278045E0
5.268182234E1,-1.290329576E0,9.597910881E0,-1.771885157E0
5.268420000E1,-1.297508121E0,9.614660263E0,-1.786242127E0
5.268657770E1,-1.299900889E0,9.602696419E0,-1.767099500E0
5.268895614E1,-1.323829174E0,9.609874725E0,-1.783849239E0
5.269133463E1,-1.345364571E0,9.617053032E0,-1.771885157E0
5.269371229E1,-1.335793257E0,9.605089188E0,-1.783849239E0
5.269609000E1,-1.350150228E0,9.619445801E0,-1.776670814E0
5.269846843E1,-1.340578914E0,9.602696419E0,-1.776670814E0
5.270084687E1,-1.371685624E0,9.626625061E0,-1.776670814E0
5.270322453E1,-1.366899967E0,9.636196136E0,-1.747956991E0
5.270560224E1,-1.357328653E0,9.614660263E0,-1.752742529E0
5.270798067E1,-1.386042476E0,9.631410599E0,-1.767099500E0
5.271035916E1,-1.378864050E0,9.640981674E0,-1.750349760E0
5.271273682E1,-1.405185103E0,9.629017830E0,-1.767099500E0
5.271511453E1,-1.398006678E0,9.624231339E0,-1.762313843E0
5.271749296E1,-1.409970760E0,9.614660263E0,-1.757528186E0
5.271987140E1,-1.429113269E0,9.629017830E0,-1.776670814E0
5.272224906E1,-1.441077471E0,9.612267494E0,-1.776670814E0
5.272462677E1,-1.457827210E0,9.605089188E0,-1.764706731E0
5.272700520E1,-1.443470240E0,9.609874725E0,-1.774278045E0
5.272938369E1,-1.453041553E0,9.619445801E0,-1.795813441E0
5.273176135E1,-1.450648785E0,9.600303650E0,-1.807777524E0
5.273413901E1,-1.472184181E0,9.588339806E0,-1.788634896E0
5.273651744E1,-1.486541033E0,9.583553314E0,-1.810170293E0
5.273889593E1,-1.498505235E0,9.573982239E0,-1.802991867E0
5.274127359E1,-1.503290772E0,9.566803932E0,-1.791027784E0
5.274365130E1,-1.496112347E0,9.602696419E0,-1.805384636E0
5.274602974E1,-1.481755376E0,9.571589470E0,-1.822134495E0
5.274840823E1,-1.467398524E0,9.581160545E0,-1.807777524E0
5.275078588E1,-1.481755376E0,9.612267494E0,-1.824527264E0
5.275316354E1,-1.517647743E0,9.602696419E0,-1.834098577E0
5.275554198E1,-1.484148264E0,9.612267494E0,-1.819741607E0
5.275792046E1,-1.491326690E0,9.605089188E0,-1.807777524E0
5.276029812E1,-1.493719578E0,9.612267494E0,-1.826920033E0
5.276267583E1,-1.462612867E0,9.595518112E0,-1.850848317E0
5.276505427E1,-1.479362607E0,9.619445801E0,-1.853241086E0
5.276743276E1,-1.462612867E0,9.617053032E0,-1.884347796E0
5.276981041E1,-1.479362607E0,9.602696419E0,-1.836491346E0
5.277218807E1,-1.472184181E0,9.609874725E0,-1.865205288E0
5.277456651E1,-1.453041553E0,9.595518112E0,-1.862812400E0
5.277694500E1,-1.465005636E0,9.583553314E0,-1.879562140E0
5.277932265E1,-1.481755376E0,9.595518112E0,-1.850848317E0
5.278170036E1,-1.460219979E0,9.581160545E0,-1.872383714E0
5.278407880E1,-1.453041553E0,9.571589470E0,-1.867598057E0
5.278645724E1,-1.462612867E0,9.571589470E0,-1.855633974E0
5.278883489E1,-1.457827210E0,9.571589470E0,-1.874776483E0
5.279121260E1,-1.460219979E0,9.571589470E0,-1.877169371E0
5.279359104E1,-1.465005636E0,9.552447319E0,-1.855633974E0
5.279596953E1,-1.457827210E0,9.573982239E0,-1.865205288E0
5.279834718E1,-1.469791293E0,9.533304214E0,-1.858026743E0
5.280072489E1,-1.450648785E0,9.547661781E0,-1.858026743E0
5.280310333E1,-1.445863128E0,9.533304214E0,-1.855633974E0
5.280548177E1,-1.445863128E0,9.538089752E0,-1.872383714E0
5.280785942E1,-1.445863128E0,9.545269012E0,-1.855633974E0
5.281023713E1,-1.448255897E0,9.547661781E0,-1.826920033E0
5.281261557E1,-1.433898926E0,9.535696983E0,-1.824527264E0
5.281499406E1,-1.436291814E0,9.552447319E0,-1.831705689E0
5.281737171E1,-1.426720500E0,9.530911446E0,-1.819741607E0
5.281974942E1,-1.407577872E0,9.547661781E0,-1.838884234E0
5.282212786E1,-1.412363529E0,9.547661781E0,-1.812563181E0
5.282450630E1,-1.393221021E0,9.550054550E0,-1.812563181E0
5.282688395E1,-1.407577872E0,9.542876244E0,-1.805384636E0
5.282926166E1,-1.393221021E0,9.557232857E0,-1.802991867E0
5.283164010E1,-1.364507079E0,9.538089752E0,-1.800599098E0
5.283401859E1,-1.376471281E0,9.550054550E0,-1.783849239E0
5.283639624E1,-1.374078393E0,9.540482521E0,-1.814955950E0
5.283877395E1,-1.354935765E0,9.564411163E0,-1.810170293E0
5.284115239E1,-1.364507079E0,9.564411163E0,-1.822134495E0
5.284353083E1,-1.350150228E0,9.578767776E0,-1.810170293E0
5.284590848E1,-1.331007600E0,9.566803932E0,-1.814955950E0
5.284828619E1,-1.340578914E0,9.576375008E0,-1.836491346E0
5.285066463E1,-1.357328653E0,9.564411163E0,-1.812563181E0
5.285304312E1,-1.347757339E0,9.581160545E0,-1.822134495E0
5.285542078E1,-1.345364571E0,9.585947037E0,-1.817348838E0
5.285779848E1,-1.333400369E0,9.614660263E0,-1.814955950E0
5.286017692E1,-1.333400369E0,9.619445801E0,-1.798206210E0
5.286255536E1,-1.316650629E0,9.629017830E0,-1.805384636E0
5.286493302E1,-1.328614831E0,9.645767212E0,-1.788634896E0
5.286731072E1,-1.321436286E0,9.629017830E0,-1.800599098E0
5.286968916E1,-1.314257860E0,9.650552750E0,-1.795813441E0
5.287206765E1,-1.280758262E0,9.660123825E0,-1.776670814E0
5.287444531E1,-1.307079315E0,9.662516594E0,-1.771885157E0
5.287682302E1,-1.290329576E0,9.667302132E0,-1.762313843E0
5.287920145E1,-1.268794179E0,9.650552750E0,-1.762313843E0
5.288157989E1,-1.264008522E0,9.681659698E0,-1.757528186E0
5.288395755E1,-1.280758262E0,9.669695854E0,-1.762313843E0
5.288633526E1,-1.244866014E0,9.676874161E0,-1.750349760E0
5.288871369E1,-1.240080357E0,9.660123825E0,-1.764706731E0
5.289109218E1,-1.247258782E0,9.652945518E0,-1.740479350E0
5.289346984E1,-1.211366415E0,9.672088623E0,-1.757528186E0
5.289584755E1,-1.206580877E0,9.662516594E0,-1.755135417E0
5.289822598E1,-1.197009563E0,9.648159981E0,-1.742872238E0
5.290060442E1,-1.177866936E0,9.638588905E0,-1.740479350E0
5.290298208E1,-1.182652593E0,9.636196136E0,-1.733300924E0
5.290535979E1,-1.158724308E0,9.643374443E0,-1.742872238E0
5.290773822E1,-1.180259824E0,9.619445801E0,-1.738086581E0
5.291011671E1,-1.161117196E0,9.648159981E0,-1.709372640E0
5.291249437E1,-1.173081279E0,9.652945518E0,-1.728515267E0
5.291487208E1,-1.151545882E0,9.638588905E0,-1.726122379E0
5.291725052E1,-1.161117196E0,9.643374443E0,-1.695015788E0
5.291962895E1,-1.163509965E0,9.648159981E0,-1.735693693E0
5.292200661E1,-1.137188911E0,9.655338287E0,-1.728515267E0
5.292438432E1,-1.153938770E0,9.655338287E0,-1.704586983E0
5.292676276E1,-1.158724308E0,9.667302132E0,-1.714158297E0
5.292914125E1,-1.163509965E0,9.667302132E0,-1.735693693E0
5.293151890E1,-1.149153113E0,9.662516594E0,-1.706979871E0
5.293389661E1,-1.141974568E0,9.662516594E0,-1.714158297E0
5.293627505E1,-1.146760225E0,9.681659698E0,-1.699801445E0
5.293865348E1,-1.144367456E0,9.672088623E0,-1.687837243E0
5.294103114E1,-1.141974568E0,9.672088623E0,-1.654337764E0
5.294340885E1,-1.149153113E0,9.667302132E0,-1.721336842E0
5.294578729E1,-1.151545882E0,9.672088623E0,-1.709372640E0
5.294816578E1,-1.153938770E0,9.676874161E0,-1.716551185E0
5.295054343E1,-1.118046403E0,9.660123825E0,-1.726122379E0
5.295292114E1,-1.149153113E0,9.660123825E0,-1.699801445E0
5.295529958E1,-1.139581800E0,9.664909363E0,-1.716551185E0
5.295767802E1,-1.134796143E0,9.655338287E0,-1.709372640E0
5.296005567E1,-1.127617717E0,9.684052467E0,-1.699801445E0
5.296243338E1,-1.151545882E0,9.684052467E0,-1.709372640E0
5.296481182E1,-1.120439172E0,9.652945518E0,-1.750349760E0
5.296719031E1,-1.127617717E0,9.667302132E0,-1.745265007E0
5.296956796E1,-1.149153113E0,9.667302132E0,-1.735693693E0
5.297194567E1,-1.134796143E0,9.693623543E0,-1.728515267E0
5.297432411E1,-1.137188911E0,9.684052467E0,-1.733300924E0
5.297670260E1,-1.139581800E0,9.717552185E0,-1.738086581E0
5.297908026E1,-1.153938770E0,9.717552185E0,-1.716551185E0
5.298145791E1,-1.144367456E0,9.743872643E0,-1.706979871E0
5.298383635E1,-1.163509965E0,9.741479874E0,-1.706979871E0
5.298621484E1,-1.156331539E0,9.729516029E0,-1.711765528E0
5.298859250E1,-1.137188911E0,9.734301567E0,-1.718943954E0
5.299097020E1,-1.141974568E0,9.748658180E0,-1.711765528E0
5.299334864E1,-1.134796143E0,9.765408516E0,-1.706979871E0
5.299572713E1,-1.161117196E0,9.765408516E0,-1.704586983E0
5.299810479E1,-1.139581800E0,9.753444672E0,-1.718943954E0
5.300048244E1,-1.132403374E0,9.763015747E0,-1.718943954E0
5.300286088E1,-1.132403374E0,9.746265411E0,-1.709372640E0
5.300523937E1,-1.118046403E0,9.751050949E0,-1.711765528E0
5.300761703E1,-1.113260746E0,9.729516029E0,-1.675873160E0
5.300999474E1,-1.098903775E0,9.707980156E0,-1.668694735E0
5.301237317E1,-1.091725349E0,9.698409081E0,-1.663909078E0
5.301475166E1,-1.103689432E0,9.693623543E0,-1.642373681E0
5.301712963E1,-1.072582722E0,9.674481392E0,-1.673480392E0
5.301950750E1,-1.057926655E0,9.676874161E0,-1.635195136E0
5.302188562E1,-1.057926655E0,9.650552750E0,-1.649552107E0
5.302426390E1,-1.048355460E0,9.636196136E0,-1.661516190E0
5.302664156E1,-1.031605721E0,9.640981674E0,-1.685444474E0
5.302901927E1,-1.050748229E0,9.619445801E0,-1.692622900E0
5.303139770E1,-1.060319543E0,9.588339806E0,-1.692622900E0
5.303377619E1,-1.048355460E0,9.581160545E0,-1.695015788E0
5.303615385E1,-1.055533886E0,9.566803932E0,-1.697408557E0
5.303853156E1,-1.060319543E0,9.557232857E0,-1.718943954E0
5.304091000E1,-1.065105200E0,9.557232857E0,-1.714158297E0
5.304328843E1,-1.053141117E0,9.542876244E0,-1.726122379E0
5.304566609E1,-1.091725349E0,9.523733139E0,-1.706979871E0
5.304804380E1,-1.062712312E0,9.540482521E0,-1.697408557E0
5.305042224E1,-1.089332461E0,9.547661781E0,-1.687837243E0
5.305280073E1,-1.091725349E0,9.506983757E0,-1.687837243E0
5.305517838E1,-1.103689432E0,9.514162064E0,-1.683051586E0
5.305755609E1,-1.108475089E0,9.540482521E0,-1.690230131E0
5.305993453E1,-1.110867858E0,9.516554832E0,-1.695015788E0
5.306231296E1,-1.110867858E0,9.511769295E0,-1.702194214E0
5.306469062E1,-1.094118118E0,9.528518677E0,-1.718943954E0
5.306706833E1,-1.130010486E0,9.514162064E0,-1.730908036E0
5.306944677E1,-1.108475089E0,9.502198219E0,-1.742872238E0
5.307182526E1,-1.103689432E0,9.502198219E0,-1.740479350E0
5.307420291E1,-1.091725349E0,9.490233421E0,-1.767099500E0
5.307658062E1,-1.101296663E0,9.495018959E0,-1.783849239E0
5.307895906E1,-1.101296663E0,9.504590988E0,-1.779063582E0
5.308133750E1,-1.077368379E0,9.526125908E0,-1.783849239E0
5.308371515E1,-1.096511006E0,9.502198219E0,-1.824527264E0
5.308609286E1,-1.094118118E0,9.516554832E0,-1.841277003E0
5.308847130E1,-1.091725349E0,9.518947601E0,-1.853241086E0
5.309084979E1,-1.106082320E0,9.540482521E0,-1.855633974E0
5.309322744E1,-1.072582722E0,9.533304214E0,-1.855633974E0
5.309560515E1,-1.077368379E0,9.538089752E0,-1.853241086E0
5.309798359E1,-1.101296663E0,9.566803932E0,-1.860419631E0
5.310036203E1,-1.098903775E0,9.564411163E0,-1.865205288E0
5.310273974E1,-1.120439172E0,9.566803932E0,-1.860419631E0
5.310511739E1,-1.101296663E0,9.562018394E0,-1.848455548E0
5.310749583E1,-1.118046403E0,9.540482521E0,-1.836491346E0
5.310987432E1,-1.132403374E0,9.538089752E0,-1.846062660E0
5.311225198E1,-1.125224829E0,9.552447319E0,-1.810170293E0
5.311462968E1,-1.106082320E0,9.571589470E0,-1.798206210E0
5.311700812E1,-1.161117196E0,9.569196701E0,-1.855633974E0
5.311938661E1,-1.204187989E0,9.564411163E0,-1.877169371E0
5.312176427E1,-1.197009563E0,9.550054550E0,-1.834098577E0
5.312414192E1,-1.177866936E0,9.564411163E0,-1.850848317E0
5.312652036E1,-1.185045362E0,9.540482521E0,-1.850848317E0
5.312889885E1,-1.213759303E0,9.559625626E0,-1.858026743E0
5.313127651E1,-1.208973646E0,9.535696983E0,-1.872383714E0
5.313365421E1,-1.235294700E0,9.528518677E0,-1.867598057E0
5.313603265E1,-1.249651670E0,9.542876244E0,-1.879562140E0
5.313841114E1,-1.271187067E0,9.516554832E0,-1.869990945E0
5.314078880E1,-1.283151150E0,9.504590988E0,-1.869990945E0
5.314316651E1,-1.290329576E0,9.509376526E0,-1.865205288E0
5.314554494E1,-1.287936807E0,9.480662346E0,-1.893919110E0
5.314792338E1,-1.323829174E0,9.492626190E0,-1.867598057E0
5.315030104E1,-1.345364571E0,9.483055115E0,-1.853241086E0
5.315267874E1,-1.326221943E0,9.475876808E0,-1.862812400E0
5.315505718E1,-1.342971683E0,9.473484039E0,-1.846062660E0
5.315743567E1,-1.352542996E0,9.475876808E0,-1.867598057E0
5.315981333E1,-1.342971683E0,9.492626190E0,-1.862812400E0
5.316219104E1,-1.371685624E0,9.502198219E0,-1.858026743E0
5.316456948E1,-1.354935765E0,9.518947601E0,-1.860419631E0
5.316694791E1,-1.383649707E0,9.540482521E0,-1.865205288E0
5.316932557E1,-1.383649707E0,9.590732574E0,-1.865205288E0
5.317170328E1,-1.400399446E0,9.597910881E0,-1.879562140E0
5.317408171E1,-1.400399446E0,9.612267494E0,-1.884347796E0
5.317646020E1,-1.421934843E0,9.629017830E0,-1.884347796E0
5.317883786E1,-1.417149186E0,9.664909363E0,-1.872383714E0
5.318121557E1,-1.426720500E0,9.669695854E0,-1.872383714E0
5.318359401E1,-1.426720500E0,9.719944954E0,-1.896311998E0
5.318597250E1,-1.429113269E0,9.710372925E0,-1.901097536E0
5.318835015E1,-1.443470240E0,9.748658180E0,-1.877169371E0
5.319072781E1,-1.431506157E0,9.755837440E0,-1.896311998E0
5.319310624E1,-1.443470240E0,9.770194054E0,-1.879562140E0
5.319548474E1,-1.450648785E0,9.820742607E0,-1.867598057E0
5.319786239E1,-1.436291814E0,9.792028427E0,-1.862812400E0
5.320024010E1,-1.429113269E0,9.808777809E0,-1.836491346E0
5.320261854E1,-1.436291814E0,9.813564301E0,-1.853241086E0
5.320499698E1,-1.426720500E0,9.823135376E0,-1.841277003E0
5.320737468E1,-1.426720500E0,9.811170578E0,-1.841277003E0
5.320975239E1,-1.426720500E0,9.784850121E0,-1.822134495E0
5.321213083E1,-1.424327731E0,9.784850121E0,-1.822134495E0
5.321450927E1,-1.405185103E0,9.751050949E0,-1.831705689E0
5.321688692E1,-1.417149186E0,9.727123260E0,-1.817348838E0
5.321926463E1,-1.419542074E0,9.717552185E0,-1.800599098E0
5.322164307E1,-1.441077471E0,9.679266930E0,-1.793420553E0
5.322402156E1,-1.409970760E0,9.664909363E0,-1.783849239E0
5.322639921E1,-1.436291814E0,9.648159981E0,-1.781456470E0
5.322877692E1,-1.421934843E0,9.617053032E0,-1.791027784E0
5.323115536E1,-1.414756417E0,9.605089188E0,-1.783849239E0
5.323353380E1,-1.429113269E0,9.578767776E0,-1.776670814E0
5.323591145E1,-1.407577872E0,9.557232857E0,-1.793420553E0
5.323828916E1,-1.409970760E0,9.545269012E0,-1.783849239E0
5.324066760E1,-1.395613790E0,9.545269012E0,-1.781456470E0
5.324304609E1,-1.405185103E0,9.552447319E0,-1.791027784E0
5.324542375E1,-1.395613790E0,9.542876244E0,-1.779063582E0
5.324780145E1,-1.381256819E0,9.526125908E0,-1.769492388E0
5.325017989E1,-1.362114310E0,9.540482521E0,-1.791027784E0
5.325255833E1,-1.369292736E0,9.533304214E0,-1.795813441E0
5.325493604E1,-1.364507079E0,9.528518677E0,-1.798206210E0
5.325731369E1,-1.340578914E0,9.526125908E0,-1.795813441E0
5.325969213E1,-1.304686546E0,9.533304214E0,-1.807777524E0
5.326207062E1,-1.319043517E0,9.533304214E0,-1.807777524E0
5.326444828E1,-1.297508121E0,9.523733139E0,-1.800599098E0
5.326682599E1,-1.292722464E0,9.542876244E0,-1.826920033E0
5.326920442E1,-1.283151150E0,9.545269012E0,-1.800599098E0
5.327158291E1,-1.278365493E0,9.562018394E0,-1.791027784E0
5.327396057E1,-1.271187067E0,9.576375008E0,-1.774278045E0
5.327633828E1,-1.271187067E0,9.578767776E0,-1.802991867E0
5.327871671E1,-1.232901812E0,9.566803932E0,-1.769492388E0
5.328109515E1,-1.244866014E0,9.581160545E0,-1.759921074E0
5.328347281E1,-1.240080357E0,9.590732574E0,-1.757528186E0
5.328585052E1,-1.247258782E0,9.595518112E0,-1.735693693E0
5.328822895E1,-1.240080357E0,9.612267494E0,-1.747956991E0
5.329060744E1,-1.230509043E0,9.614660263E0,-1.755135417E0
5.329298510E1,-1.252044439E0,9.607481956E0,-1.723729610E0
5.329536281E1,-1.271187067E0,9.612267494E0,-1.742872238E0
5.329774125E1,-1.275972724E0,9.621838570E0,-1.733300924E0
5.330011968E1,-1.287936807E0,9.624231339E0,-1.699801445E0
5.330249734E1,-1.283151150E0,9.612267494E0,-1.709372640E0
5.330487505E1,-1.290329576E0,9.614660263E0,-1.697408557E0
5.330725349E1,-1.307079315E0,9.633803368E0,-1.680658817E0
5.330963198E1,-1.304686546E0,9.629017830E0,-1.656730533E0
5.331200963E1,-1.326221943E0,9.633803368E0,-1.635195136E0
5.331438734E1,-1.311864972E0,9.633803368E0,-1.639980793E0
5.331676578E1,-1.323829174E0,9.648159981E0,-1.647159338E0
5.331914427E1,-1.321436286E0,9.643374443E0,-1.649552107E0
5.332152192E1,-1.319043517E0,9.617053032E0,-1.639980793E0
5.332389958E1,-1.302293777E0,9.643374443E0,-1.649552107E0
5.332627802E1,-1.309472203E0,9.655338287E0,-1.618445396E0
5.332865651E1,-1.290329576E0,9.648159981E0,-1.666301847E0
5.333103416E1,-1.299900889E0,9.631410599E0,-1.666301847E0
5.333341187E1,-1.314257860E0,9.617053032E0,-1.675873160E0
5.333579031E1,-1.278365493E0,9.624231339E0,-1.678265929E0
5.333816880E1,-1.268794179E0,9.619445801E0,-1.683051586E0
5.334054645E1,-1.278365493E0,9.614660263E0,-1.711765528E0
5.334292416E1,-1.275972724E0,9.593125343E0,-1.723729610E0
5.334530260E1,-1.268794179E0,9.581160545E0,-1.738086581E0
5.334768104E1,-1.264008522E0,9.566803932E0,-1.740479350E0
5.335005869E1,-1.266401410E0,9.535696983E0,-1.755135417E0
5.335243640E1,-1.259222865E0,9.523733139E0,-1.745265007E0
5.335481484E1,-1.259222865E0,9.509376526E0,-1.793420553E0
5.335719333E1,-1.261615753E0,9.509376526E0,-1.802991867E0
5.335957099E1,-1.264008522E0,9.492626190E0,-1.814955950E0
5.336194869E1,-1.252044439E0,9.490233421E0,-1.836491346E0
5.336432713E1,-1.283151150E0,9.485447884E0,-1.843669891E0
5.336670562E1,-1.278365493E0,9.490233421E0,-1.850848317E0
5.336908328E1,-1.295115232E0,9.483055115E0,-1.872383714E0
5.337146099E1,-1.314257860E0,9.473484039E0,-1.869990945E0
5.337383942E1,-1.321436286E0,9.475876808E0,-1.884347796E0
5.337621786E1,-1.345364571E0,9.485447884E0,-1.891526341E0
5.337859552E1,-1.362114310E0,9.487840652E0,-1.922633052E0
5.338097323E1,-1.395613790E0,9.492626190E0,-1.905883193E0
5.338335166E1,-1.400399446E0,9.521340370E0,-1.903490424E0
5.338573015E1,-1.378864050E0,9.518947601E0,-1.884347796E0
5.338810781E1,-1.400399446E0,9.552447319E0,-1.862812400E0
5.339048552E1,-1.429113269E0,9.573982239E0,-1.860419631E0
5.339286395E1,-1.417149186E0,9.576375008E0,-1.838884234E0
5.339524239E1,-1.405185103E0,9.595518112E0,-1.841277003E0
5.339762005E1,-1.414756417E0,9.621838570E0,-1.824527264E0
5.339999776E1,-1.414756417E0,9.621838570E0,-1.843669891E0
5.340237619E1,-1.424327731E0,9.648159981E0,-1.853241086E0
5.340475468E1,-1.443470240E0,9.662516594E0,-1.874776483E0
5.340713234E1,-1.453041553E0,9.662516594E0,-1.886740685E0
5.340951005E1,-1.450648785E0,9.700801849E0,-1.898704767E0
5.341188849E1,-1.441077471E0,9.696016312E0,-1.886740685E0
5.341426698E1,-1.443470240E0,9.693623543E0,-1.858026743E0
5.341664463E1,-1.438684583E0,9.691230774E0,-1.865205288E0
5.341902234E1,-1.441077471E0,9.679266930E0,-1.874776483E0
5.342140078E1,-1.431506157E0,9.688838005E0,-1.850848317E0
5.342377921E1,-1.460219979E0,9.696016312E0,-1.848455548E0
5.342615687E1,-1.438684583E0,9.664909363E0,-1.819741607E0
5.342853458E1,-1.445863128E0,9.660123825E0,-1.817348838E0
5.343091302E1,-1.448255897E0,9.667302132E0,-1.814955950E0
5.343329151E1,-1.441077471E0,9.648159981E0,-1.805384636E0
5.343566916E1,-1.441077471E0,9.631410599E0,-1.812563181E0
5.343804687E1,-1.455434322E0,9.633803368E0,-1.802991867E0
5.344042531E1,-1.462612867E0,9.614660263E0,-1.814955950E0
5.344280375E1,-1.457827210E0,9.612267494E0,-1.795813441E0
5.344518140E1,-1.465005636E0,9.605089188E0,-1.781456470E0
5.344755911E1,-1.450648785E0,9.593125343E0,-1.819741607E0
5.344993755E1,-1.465005636E0,9.571589470E0,-1.793420553E0
5.345231604E1,-1.479362607E0,9.583553314E0,-1.769492388E0
5.345469369E1,-1.472184181E0,9.593125343E0,-1.774278045E0
5.345707140E1,-1.472184181E0,9.562018394E0,-1.786242127E0
5.345944984E1,-1.469791293E0,9.564411163E0,-1.798206210E0
5.346182833E1,-1.469791293E0,9.550054550E0,-1.783849239E0
5.346420599E1,-1.484148264E0,9.566803932E0,-1.786242127E0
5.346658369E1,-1.460219979E0,9.564411163E0,-1.786242127E0
5.346896213E1,-1.474576950E0,9.542876244E0,-1.786242127E0
5.347134057E1,-1.460219979E0,9.571589470E0,-1.783849239E0
5.347371823E1,-1.476969719E0,9.569196701E0,-1.755135417E0
5.347609593E1,-1.450648785E0,9.571589470E0,-1.738086581E0
5.347847437E1,-1.455434322E0,9.569196701E0,-1.764706731E0
5.348085286E1,-1.462612867E0,9.595518112E0,-1.767099500E0
5.348323052E1,-1.429113269E0,9.597910881E0,-1.757528186E0
5.348560822E1,-1.445863128E0,9.612267494E0,-1.781456470E0
5.348798666E1,-1.450648785E0,9.607481956E0,-1.779063582E0
5.349036510E1,-1.414756417E0,9.605089188E0,-1.781456470E0
5.349274281E1,-1.412363529E0,9.629017830E0,-1.757528186E0
5.349512046E1,-1.386042476E0,9.602696419E0,-1.771885157E0
5.349749890E1,-1.364507079E0,9.619445801E0,-1.774278045E0
5.349987739E1,-1.376471281E0,9.633803368E0,-1.781456470E0
5.350225505E1,-1.359721422E0,9.631410599E0,-1.767099500E0
5.350463265E1,-1.352542996E0,9.660123825E0,-1.771885157E0
5.350701052E1,-1.354935765E0,9.648159981E0,-1.769492388E0
5.350938906E1,-1.338186026E0,9.652945518E0,-1.776670814E0
5.351176734E1,-1.345364571E0,9.652945518E0,-1.747956991E0
5.351414505E1,-1.311864972E0,9.650552750E0,-1.730908036E0
5.351652348E1,-1.326221943E0,9.662516594E0,-1.747956991E0
5.351890192E1,-1.319043517E0,9.672088623E0,-1.716551185E0
5.352127958E1,-1.333400369E0,9.643374443E0,-1.759921074E0
5.352365729E1,-1.292722464E0,9.652945518E0,-1.726122379E0
5.352603572E1,-1.297508121E0,9.655338287E0,-1.740479350E0
5.352841421E1,-1.314257860E0,9.657731056E0,-1.740479350E0
5.353079187E1,-1.287936807E0,9.624231339E0,-1.718943954E0
5.353316958E1,-1.292722464E0,9.631410599E0,-1.721336842E0
5.353554802E1,-1.285543919E0,9.648159981E0,-1.757528186E0
5.353792651E1,-1.273579836E0,9.631410599E0,-1.742872238E0
5.354030416E1,-1.283151150E0,9.624231339E0,-1.755135417E0
5.354268187E1,-1.268794179E0,9.626625061E0,-1.747956991E0
5.354506031E1,-1.266401410E0,9.617053032E0,-1.750349760E0
5.354743874E1,-1.259222865E0,9.588339806E0,-1.740479350E0
5.354981640E1,-1.271187067E0,9.602696419E0,-1.759921074E0
5.355219411E1,-1.273579836E0,9.569196701E0,-1.786242127E0
5.355457255E1,-1.268794179E0,9.573982239E0,-1.776670814E0
5.355695104E1,-1.259222865E0,9.585947037E0,-1.752742529E0
5.355932869E1,-1.256830096E0,9.571589470E0,-1.757528186E0
5.356170640E1,-1.249651670E0,9.569196701E0,-1.764706731E0
5.356408484E1,-1.244866014E0,9.557232857E0,-1.745265007E0
5.356646333E1,-1.252044439E0,9.573982239E0,-1.742872238E0
5.356884098E1,-1.218544960E0,9.550054550E0,-1.752742529E0
5.357121869E1,-1.230509043E0,9.588339806E0,-1.723729610E0
5.357359713E1,-1.201795220E0,9.564411163E0,-1.750349760E0
5.357597557E1,-1.204187989E0,9.585947037E0,-1.742872238E0
5.357835322E1,-1.223330617E0,9.578767776E0,-1.730908036E0
5.358073093E1,-1.194616675E0,9.576375008E0,-1.723729610E0
5.358310937E1,-1.165902853E0,9.562018394E0,-1.723729610E0
5.358548786E1,-1.182652593E0,9.585947037E0,-1.728515267E0
5.358786552E1,-1.187438250E0,9.583553314E0,-1.714158297E0
5.359024322E1,-1.177866936E0,9.569196701E0,-1.716551185E0
5.359262166E1,-1.168295622E0,9.557232857E0,-1.718943954E0
5.359500015E1,-1.180259824E0,9.600303650E0,-1.711765528E0
5.359737781E1,-1.180259824E0,9.578767776E0,-1.718943954E0
5.359975546E1,-1.156331539E0,9.590732574E0,-1.704586983E0
5.360213390E1,-1.146760225E0,9.597910881E0,-1.690230131E0
5.360451239E1,-1.153938770E0,9.602696419E0,-1.685444474E0
5.360689005E1,-1.161117196E0,9.588339806E0,-1.702194214E0
5.360926776E1,-1.170688510E0,9.619445801E0,-1.697408557E0
5.361164619E1,-1.161117196E0,9.617053032E0,-1.697408557E0
5.361402468E1,-1.161117196E0,9.631410599E0,-1.718943954E0
5.361640234E1,-1.151545882E0,9.617053032E0,-1.706979871E0
5.361878005E1,-1.163509965E0,9.633803368E0,-1.711765528E0
5.362115848E1,-1.163509965E0,9.643374443E0,-1.706979871E0
5.362353692E1,-1.170688510E0,9.669695854E0,-1.704586983E0
5.362591458E1,-1.165902853E0,9.648159981E0,-1.716551185E0
5.362829229E1,-1.168295622E0,9.662516594E0,-1.721336842E0
5.363067072E1,-1.151545882E0,9.664909363E0,-1.714158297E0
5.363304921E1,-1.151545882E0,9.681659698E0,-1.718943954E0
5.363542687E1,-1.189831018E0,9.698409081E0,-1.704586983E0
5.363780458E1,-1.194616675E0,9.686445236E0,-1.714158297E0
5.364018302E1,-1.173081279E0,9.667302132E0,-1.726122379E0
5.364256151E1,-1.197009563E0,9.684052467E0,-1.733300924E0
5.364493916E1,-1.170688510E0,9.676874161E0,-1.757528186E0
5.364731687E1,-1.187438250E0,9.662516594E0,-1.750349760E0
5.364969531E1,-1.168295622E0,9.693623543E0,-1.728515267E0
5.365207374E1,-1.177866936E0,9.669695854E0,-1.716551185E0
5.365445145E1,-1.182652593E0,9.662516594E0,-1.726122379E0
5.365682911E1,-1.197009563E0,9.645767212E0,-1.716551185E0
5.365920755E1,-1.216152072E0,9.636196136E0,-1.723729610E0
5.366158604E1,-1.201795220E0,9.624231339E0,-1.706979871E0
5.366396369E1,-1.194616675E0,9.614660263E0,-1.738086581E0
5.366634140E1,-1.208973646E0,9.602696419E0,-1.730908036E0
5.366871984E1,-1.208973646E0,9.595518112E0,-1.738086581E0
5.367109833E1,-1.211366415E0,9.619445801E0,-1.721336842E0
5.367347598E1,-1.211366415E0,9.595518112E0,-1.733300924E0
5.367585369E1,-1.208973646E0,9.581160545E0,-1.740479350E0
5.367823213E1,-1.206580877E0,9.605089188E0,-1.757528186E0
5.368061057E1,-1.223330617E0,9.585947037E0,-1.733300924E0
5.368298822E1,-1.216152072E0,9.585947037E0,-1.721336842E0
5.368536593E1,-1.204187989E0,9.583553314E0,-1.709372640E0
5.368774437E1,-1.213759303E0,9.581160545E0,-1.718943954E0
5.369012286E1,-1.206580877E0,9.562018394E0,-1.704586983E0
5.369250052E1,-1.194616675E0,9.571589470E0,-1.718943954E0
5.369487823E1,-1.194616675E0,9.569196701E0,-1.735693693E0
5.369725666E1,-1.189831018E0,9.590732574E0,-1.757528186E0
5.369963510E1,-1.192223907E0,9.578767776E0,-1.728515267E0
5.370201281E1,-1.194616675E0,9.569196701E0,-1.755135417E0
5.370439052E1,-1.199402332E0,9.569196701E0,-1.747956991E0
5.370676895E1,-1.173081279E0,9.583553314E0,-1.733300924E0
5.370914739E1,-1.185045362E0,9.583553314E0,-1.735693693E0
5.371152505E1,-1.177866936E0,9.578767776E0,-1.745265007E0
5.371390276E1,-1.168295622E0,9.597910881E0,-1.752742529E0
5.371628119E1,-1.168295622E0,9.588339806E0,-1.755135417E0
5.371865968E1,-1.182652593E0,9.605089188E0,-1.730908036E0
5.372103734E1,-1.165902853E0,9.614660263E0,-1.747956991E0
5.372341505E1,-1.180259824E0,9.612267494E0,-1.750349760E0
5.372579349E1,-1.168295622E0,9.629017830E0,-1.762313843E0
5.372817198E1,-1.170688510E0,9.614660263E0,-1.759921074E0
5.373054963E1,-1.189831018E0,9.609874725E0,-1.776670814E0
5.373292734E1,-1.201795220E0,9.645767212E0,-1.774278045E0
5.373530578E1,-1.192223907E0,9.638588905E0,-1.757528186E0
5.373768421E1,-1.199402332E0,9.650552750E0,-1.747956991E0
5.374006187E1,-1.220937729E0,9.652945518E0,-1.767099500E0
5.374243958E1,-1.201795220E0,9.655338287E0,-1.752742529E0
5.374481802E1,-1.208973646E0,9.660123825E0,-1.783849239E0
5.374719651E1,-1.189831018E0,9.650552750E0,-1.755135417E0
5.374957416E1,-1.208973646E0,9.652945518E0,-1.769492388E0
5.375195187E1,-1.204187989E0,9.664909363E0,-1.752742529E0
5.375433031E1,-1.206580877E0,9.650552750E0,-1.750349760E0
5.375670880E1,-1.201795220E0,9.655338287E0,-1.791027784E0
5.375908645E1,-1.182652593E0,9.679266930E0,-1.786242127E0
5.376146416E1,-1.201795220E0,9.688838005E0,-1.779063582E0
5.376384260E1,-1.189831018E0,9.674481392E0,-1.786242127E0
5.376622104E1,-1.211366415E0,9.684052467E0,-1.800599098E0
5.376859869E1,-1.187438250E0,9.660123825E0,-1.795813441E0
5.377097640E1,-1.187438250E0,9.655338287E0,-1.819741607E0
5.377335484E1,-1.213759303E0,9.643374443E0,-1.802991867E0
5.377573333E1,-1.223330617E0,9.624231339E0,-1.791027784E0
5.377811099E1,-1.228116274E0,9.643374443E0,-1.786242127E0
5.378048869E1,-1.216152072E0,9.629017830E0,-1.814955950E0
5.378286713E1,-1.220937729E0,9.650552750E0,-1.800599098E0
5.378524562E1,-1.218544960E0,9.640981674E0,-1.791027784E0
5.378762328E1,-1.235294700E0,9.633803368E0,-1.812563181E0
5.379000099E1,-1.237687469E0,9.660123825E0,-1.791027784E0
5.379237942E1,-1.228116274E0,9.645767212E0,-1.781456470E0
5.379475786E1,-1.247258782E0,9.645767212E0,-1.798206210E0
5.379713552E1,-1.237687469E0,9.636196136E0,-1.762313843E0
5.379951323E1,-1.244866014E0,9.652945518E0,-1.774278045E0
5.380189166E1,-1.223330617E0,9.626625061E0,-1.771885157E0
5.380427015E1,-1.256830096E0,9.638588905E0,-1.762313843E0
5.380664781E1,-1.223330617E0,9.645767212E0,-1.788634896E0
5.380902552E1,-1.256830096E0,9.631410599E0,-1.757528186E0
5.381140395E1,-1.249651670E0,9.640981674E0,-1.776670814E0
5.381378244E1,-1.244866014E0,9.629017830E0,-1.776670814E0
5.381616010E1,-1.268794179E0,9.626625061E0,-1.793420553E0
5.381853781E1,-1.249651670E0,9.631410599E0,-1.762313843E0
5.382091625E1,-1.261615753E0,9.614660263E0,-1.779063582E0
5.382329468E1,-1.287936807E0,9.600303650E0,-1.779063582E0
5.382567239E1,-1.295115232E0,9.600303650E0,-1.774278045E0
5.382805010E1,-1.302293777E0,9.617053032E0,-1.776670814E0
5.383042854E1,-1.295115232E0,9.600303650E0,-1.776670814E0
5.383280698E1,-1.307079315E0,9.595518112E0,-1.774278045E0
5.383518463E1,-1.302293777E0,9.595518112E0,-1.781456470E0
5.383756234E1,-1.316650629E0,9.593125343E0,-1.764706731E0
5.383994078E1,-1.316650629E0,9.609874725E0,-1.786242127E0
5.384231927E1,-1.323829174E0,9.578767776E0,-1.757528186E0
5.384469692E1,-1.347757339E0,9.595518112E0,-1.786242127E0
5.384707463E1,-1.338186026E0,9.593125343E0,-1.759921074E0
5.384945307E1,-1.328614831E0,9.593125343E0,-1.767099500E0
5.385183151E1,-1.309472203E0,9.593125343E0,-1.752742529E0
5.385420921E1,-1.326221943E0,9.593125343E0,-1.745265007E0
5.385658687E1,-1.304686546E0,9.595518112E0,-1.774278045E0
5.385896531E1,-1.302293777E0,9.602696419E0,-1.745265007E0
5.386134380E1,-1.304686546E0,9.602696419E0,-1.764706731E0
5.386372145E1,-1.309472203E0,9.619445801E0,-1.779063582E0
5.386609916E1,-1.304686546E0,9.617053032E0,-1.781456470E0
5.386847760E1,-1.297508121E0,9.624231339E0,-1.759921074E0
5.387085609E1,-1.287936807E0,9.629017830E0,-1.783849239E0
5.387323374E1,-1.285543919E0,9.612267494E0,-1.795813441E0
5.387561145E1,-1.273579836E0,9.614660263E0,-1.771885157E0
5.387798989E1,-1.297508121E0,9.619445801E0,-1.788634896E0
5.388036838E1,-1.261615753E0,9.617053032E0,-1.776670814E0
5.388274604E1,-1.266401410E0,9.602696419E0,-1.786242127E0
5.388512374E1,-1.275972724E0,9.602696419E0,-1.764706731E0
5.388750218E1,-1.273579836E0,9.605089188E0,-1.779063582E0
5.388988062E1,-1.285543919E0,9.602696419E0,-1.764706731E0
5.389225828E1,-1.280758262E0,9.621838570E0,-1.769492388E0
5.389463598E1,-1.259222865E0,9.619445801E0,-1.762313843E0
5.389701442E1,-1.280758262E0,9.617053032E0,-1.779063582E0
5.389939291E1,-1.280758262E0,9.597910881E0,-1.771885157E0
5.390177057E1,-1.285543919E0,9.614660263E0,-1.779063582E0
5.390414828E1,-1.259222865E0,9.595518112E0,-1.774278045E0
5.390652671E1,-1.275972724E0,9.600303650E0,-1.793420553E0
5.390890520E1,-1.247258782E0,9.609874725E0,-1.807777524E0
5.391128286E1,-1.261615753E0,9.612267494E0,-1.793420553E0
5.391366057E1,-1.273579836E0,9.607481956E0,-1.779063582E0
5.391603901E1,-1.275972724E0,9.617053032E0,-1.786242127E0
5.391841744E1,-1.280758262E0,9.619445801E0,-1.800599098E0
5.392079510E1,-1.261615753E0,9.614660263E0,-1.793420553E0
5.392317281E1,-1.261615753E0,9.621838570E0,-1.774278045E0
5.392555124E1,-1.278365493E0,9.607481956E0,-1.810170293E0
5.392792974E1,-1.275972724E0,9.605089188E0,-1.807777524E0
5.393030739E1,-1.256830096E0,9.612267494E0,-1.817348838E0
5.393268510E1,-1.264008522E0,9.585947037E0,-1.798206210E0
5.393506354E1,-1.280758262E0,9.609874725E0,-1.783849239E0
5.393744203E1,-1.259222865E0,9.600303650E0,-1.767099500E0
5.393981968E1,-1.261615753E0,9.590732574E0,-1.793420553E0
5.394219739E1,-1.247258782E0,9.583553314E0,-1.791027784E0
5.394457583E1,-1.244866014E0,9.585947037E0,-1.807777524E0
5.394695427E1,-1.275972724E0,9.569196701E0,-1.779063582E0
5.394933198E1,-1.273579836E0,9.600303650E0,-1.798206210E0
5.395170968E1,-1.249651670E0,9.583553314E0,-1.812563181E0
5.395408812E1,-1.271187067E0,9.573982239E0,-1.812563181E0
5.395646656E1,-1.237687469E0,9.597910881E0,-1.805384636E0
5.395884421E1,-1.256830096E0,9.600303650E0,-1.807777524E0
5.396122192E1,-1.254437327E0,9.595518112E0,-1.812563181E0
5.396360036E1,-1.237687469E0,9.578767776E0,-1.817348838E0
5.396597885E1,-1.259222865E0,9.602696419E0,-1.829312921E0
5.396835651E1,-1.242473125E0,9.588339806E0,-1.834098577E0
5.397073421E1,-1.235294700E0,9.590732574E0,-1.826920033E0
5.397311265E1,-1.225723386E0,9.597910881E0,-1.829312921E0
5.397549114E1,-1.228116274E0,9.609874725E0,-1.826920033E0
5.397786880E1,-1.223330617E0,9.626625061E0,-1.826920033E0
5.398024651E1,-1.247258782E0,9.626625061E0,-1.812563181E0
5.398262494E1,-1.220937729E0,9.614660263E0,-1.822134495E0
5.398500338E1,-1.220937729E0,9.621838570E0,-1.836491346E0
5.398738104E1,-1.232901812E0,9.607481956E0,-1.807777524E0
5.398975874E1,-1.244866014E0,9.636196136E0,-1.824527264E0
5.399213718E1,-1.237687469E0,9.643374443E0,-1.822134495E0
5.399451567E1,-1.235294700E0,9.633803368E0,-1.819741607E0
5.399689333E1,-1.228116274E0,9.657731056E0,-1.822134495E0
5.399927104E1,-1.211366415E0,9.650552750E0,-1.805384636E0
5.400164948E1,-1.223330617E0,9.648159981E0,-1.791027784E0
5.400402796E1,-1.223330617E0,9.640981674E0,-1.779063582E0
5.400640562E1,-1.235294700E0,9.655338287E0,-1.788634896E0
5.400878333E1,-1.213759303E0,9.657731056E0,-1.786242127E0
5.401116177E1,-1.206580877E0,9.664909363E0,-1.786242127E0
5.401354026E1,-1.197009563E0,9.662516594E0,-1.776670814E0
5.401591791E1,-1.208973646E0,9.645767212E0,-1.783849239E0
5.401829557E1,-1.194616675E0,9.638588905E0,-1.779063582E0
5.402067401E1,-1.208973646E0,9.626625061E0,-1.798206210E0
5.402305250E1,-1.213759303E0,9.607481956E0,-1.807777524E0
5.402543015E1,-1.211366415E0,9.629017830E0,-1.795813441E0
5.402780786E1,-1.208973646E0,9.619445801E0,-1.788634896E0
5.403018630E1,-1.208973646E0,9.607481956E0,-1.800599098E0
5.403256479E1,-1.223330617E0,9.597910881E0,-1.814955950E0
5.403494244E1,-1.225723386E0,9.588339806E0,-1.826920033E0
5.403732015E1,-1.240080357E0,9.588339806E0,-1.829312921E0
5.403969859E1,-1.256830096E0,9.590732574E0,-1.841277003E0
5.404207708E1,-1.252044439E0,9.602696419E0,-1.822134495E0
5.404445474E1,-1.254437327E0,9.624231339E0,-1.822134495E0
5.404683244E1,-1.268794179E0,9.614660263E0,-1.824527264E0
5.404921088E1,-1.273579836E0,9.617053032E0,-1.848455548E0
5.405158932E1,-1.273579836E0,9.636196136E0,-1.838884234E0
5.405396698E1,-1.283151150E0,9.640981674E0,-1.860419631E0
5.405634468E1,-1.268794179E0,9.614660263E0,-1.858026743E0
5.405872312E1,-1.299900889E0,9.626625061E0,-1.858026743E0
5.406110161E1,-1.297508121E0,9.648159981E0,-1.838884234E0
5.406347927E1,-1.299900889E0,9.648159981E0,-1.865205288E0
5.406585698E1,-1.292722464E0,9.655338287E0,-1.877169371E0
5.406823541E1,-1.271187067E0,9.643374443E0,-1.862812400E0
5.407061390E1,-1.290329576E0,9.655338287E0,-1.860419631E0
5.407299156E1,-1.285543919E0,9.660123825E0,-1.826920033E0
5.407536927E1,-1.304686546E0,9.676874161E0,-1.824527264E0
5.407774770E1,-1.292722464E0,9.667302132E0,-1.855633974E0
5.408012619E1,-1.297508121E0,9.650552750E0,-1.824527264E0
5.408250385E1,-1.285543919E0,9.674481392E0,-1.810170293E0
5.408488156E1,-1.268794179E0,9.655338287E0,-1.810170293E0
5.408726000E1,-1.264008522E0,9.652945518E0,-1.819741607E0
5.408963843E1,-1.273579836E0,9.640981674E0,-1.812563181E0
5.409201609E1,-1.271187067E0,9.669695854E0,-1.817348838E0
5.409439380E1,-1.256830096E0,9.633803368E0,-1.802991867E0
5.409677224E1,-1.264008522E0,9.633803368E0,-1.810170293E0
5.409915072E1,-1.249651670E0,9.626625061E0,-1.783849239E0
5.410152838E1,-1.256830096E0,9.621838570E0,-1.788634896E0
5.410390609E1,-1.268794179E0,9.624231339E0,-1.779063582E0
5.410628453E1,-1.261615753E0,9.640981674E0,-1.795813441E0
5.410866302E1,-1.254437327E0,9.645767212E0,-1.817348838E0
5.411104067E1,-1.242473125E0,9.631410599E0,-1.805384636E0
5.411341838E1,-1.235294700E0,9.631410599E0,-1.791027784E0
5.411579682E1,-1.242473125E0,9.636196136E0,-1.798206210E0
5.411817531E1,-1.232901812E0,9.626625061E0,-1.788634896E0
5.412055296E1,-1.244866014E0,9.617053032E0,-1.791027784E0
5.412293067E1,-1.242473125E0,9.626625061E0,-1.795813441E0
5.412530911E1,-1.232901812E0,9.609874725E0,-1.783849239E0
5.412768755E1,-1.278365493E0,9.617053032E0,-1.795813441E0
5.413006520E1,-1.261615753E0,9.624231339E0,-1.802991867E0
5.413244291E1,-1.254437327E0,9.631410599E0,-1.802991867E0
5.413482135E1,-1.252044439E0,9.609874725E0,-1.814955950E0
5.413719984E1,-1.273579836E0,9.614660263E0,-1.834098577E0
5.413957750E1,-1.271187067E0,9.621838570E0,-1.819741607E0
5.414195520E1,-1.266401410E0,9.607481956E0,-1.843669891E0
5.414433364E1,-1.285543919E0,9.612267494E0,-1.824527264E0
5.414671213E1,-1.259222865E0,9.609874725E0,-1.834098577E0
5.414908979E1,-1.292722464E0,9.585947037E0,-1.822134495E0
5.415146750E1,-1.299900889E0,9.595518112E0,-1.805384636E0
5.415384593E1,-1.297508121E0,9.590732574E0,-1.812563181E0
5.415622437E1,-1.304686546E0,9.600303650E0,-1.822134495E0
5.415860208E1,-1.323829174E0,9.593125343E0,-1.805384636E0
5.416097979E1,-1.321436286E0,9.602696419E0,-1.810170293E0
5.416335822E1,-1.321436286E0,9.564411163E0,-1.812563181E0
5.416573666E1,-1.328614831E0,9.569196701E0,-1.774278045E0
5.416811432E1,-1.328614831E0,9.564411163E0,-1.807777524E0
5.417049203E1,-1.319043517E0,9.597910881E0,-1.802991867E0
5.417287046E1,-1.335793257E0,9.554840088E0,-1.802991867E0
5.417524895E1,-1.333400369E0,9.557232857E0,-1.783849239E0
5.417762661E1,-1.311864972E0,9.559625626E0,-1.798206210E0
5.418000432E1,-1.309472203E0,9.581160545E0,-1.812563181E0
5.418238276E1,-1.316650629E0,9.550054550E0,-1.812563181E0
5.418476125E1,-1.335793257E0,9.557232857E0,-1.788634896E0
5.418713890E1,-1.338186026E0,9.545269012E0,-1.793420553E0
5.418951661E1,-1.333400369E0,9.562018394E0,-1.800599098E0
5.419189505E1,-1.333400369E0,9.528518677E0,-1.800599098E0
5.419427349E1,-1.333400369E0,9.538089752E0,-1.807777524E0
5.419665119E1,-1.342971683E0,9.540482521E0,-1.793420553E0
5.419902885E1,-1.347757339E0,9.547661781E0,-1.805384636E0
5.420140729E1,-1.350150228E0,9.552447319E0,-1.819741607E0
5.420378578E1,-1.350150228E0,9.533304214E0,-1.826920033E0
5.420616343E1,-1.328614831E0,9.559625626E0,-1.826920033E0
5.420854114E1,-1.352542996E0,9.557232857E0,-1.822134495E0
5.421091958E1,-1.352542996E0,9.562018394E0,-1.831705689E0
5.421329807E1,-1.342971683E0,9.578767776E0,-1.824527264E0
5.421567573E1,-1.340578914E0,9.576375008E0,-1.838884234E0
5.421805343E1,-1.378864050E0,9.585947037E0,-1.824527264E0
5.422043187E1,-1.352542996E0,9.585947037E0,-1.858026743E0
5.422281036E1,-1.378864050E0,9.585947037E0,-1.862812400E0
5.422518802E1,-1.388435364E0,9.595518112E0,-1.850848317E0
5.422756573E1,-1.374078393E0,9.600303650E0,-1.836491346E0
5.422994416E1,-1.383649707E0,9.600303650E0,-1.850848317E0
5.423232260E1,-1.398006678E0,9.605089188E0,-1.831705689E0
5.423470026E1,-1.386042476E0,9.597910881E0,-1.841277003E0
5.423707796E1,-1.376471281E0,9.593125343E0,-1.834098577E0
5.423945640E1,-1.386042476E0,9.595518112E0,-1.805384636E0
5.424183489E1,-1.376471281E0,9.612267494E0,-1.819741607E0
5.424421255E1,-1.378864050E0,9.581160545E0,-1.795813441E0
5.424659026E1,-1.357328653E0,9.600303650E0,-1.805384636E0
5.424896869E1,-1.359721422E0,9.585947037E0,-1.793420553E0
5.425134718E1,-1.347757339E0,9.600303650E0,-1.805384636E0
5.425372484E1,-1.347757339E0,9.621838570E0,-1.802991867E0
5.425610255E1,-1.338186026E0,9.590732574E0,-1.774278045E0
5.425848099E1,-1.338186026E0,9.605089188E0,-1.805384636E0
5.426085948E1,-1.340578914E0,9.573982239E0,-1.791027784E0
5.426323713E1,-1.362114310E0,9.569196701E0,-1.802991867E0
5.426561484E1,-1.362114310E0,9.566803932E0,-1.814955950E0
5.426799328E1,-1.342971683E0,9.571589470E0,-1.819741607E0
5.427037171E1,-1.366899967E0,9.559625626E0,-1.819741607E0
5.427274942E1,-1.359721422E0,9.557232857E0,-1.805384636E0
5.427512713E1,-1.345364571E0,9.564411163E0,-1.802991867E0
5.427750557E1,-1.340578914E0,9.566803932E0,-1.826920033E0
5.427988401E1,-1.333400369E0,9.576375008E0,-1.826920033E0
5.428226166E1,-1.321436286E0,9.605089188E0,-1.826920033E0
5.428463937E1,-1.309472203E0,9.612267494E0,-1.838884234E0
5.428701781E1,-1.319043517E0,9.578767776E0,-1.834098577E0
5.428939630E1,-1.309472203E0,9.597910881E0,-1.829312921E0
5.429177395E1,-1.319043517E0,9.605089188E0,-1.858026743E0
5.429415166E1,-1.328614831E0,9.593125343E0,-1.858026743E0
5.429653010E1,-1.340578914E0,9.595518112E0,-1.869990945E0
5.429890859E1,-1.345364571E0,9.588339806E0,-1.867598057E0
5.430128624E1,-1.335793257E0,9.595518112E0,-1.846062660E0
5.430366395E1,-1.354935765E0,9.597910881E0,-1.848455548E0
5.430604239E1,-1.340578914E0,9.595518112E0,-1.843669891E0
5.430842088E1,-1.342971683E0,9.578767776E0,-1.850848317E0
5.431079854E1,-1.352542996E0,9.578767776E0,-1.824527264E0
5.431317624E1,-1.369292736E0,9.600303650E0,-1.819741607E0
5.431555468E1,-1.340578914E0,9.605089188E0,-1.829312921E0
5.431793312E1,-1.362114310E0,9.595518112E0,-1.824527264E0
5.432031078E1,-1.369292736E0,9.609874725E0,-1.836491346E0
5.432268848E1,-1.350150228E0,9.605089188E0,-1.826920033E0
5.432506692E1,-1.359721422E0,9.597910881E0,-1.826920033E0
5.432744541E1,-1.347757339E0,9.602696419E0,-1.841277003E0
5.432982307E1,-1.345364571E0,9.602696419E0,-1.853241086E0
5.433220078E1,-1.357328653E0,9.595518112E0,-1.881955028E0
5.433457921E1,-1.340578914E0,9.576375008E0,-1.869990945E0
5.433695770E1,-1.350150228E0,9.583553314E0,-1.858026743E0
5.433933536E1,-1.333400369E0,9.600303650E0,-1.877169371E0
5.434171307E1,-1.335793257E0,9.569196701E0,-1.858026743E0
5.434409151E1,-1.362114310E0,9.576375008E0,-1.841277003E0
5.434647000E1,-1.333400369E0,9.585947037E0,-1.836491346E0
5.434884765E1,-1.357328653E0,9.554840088E0,-1.858026743E0
5.435122536E1,-1.333400369E0,9.571589470E0,-1.855633974E0
5.435360380E1,-1.345364571E0,9.569196701E0,-1.826920033E0
5.435598224E1,-1.340578914E0,9.576375008E0,-1.838884234E0
5.435835989E1,-1.338186026E0,9.585947037E0,-1.834098577E0
5.436073760E1,-1.335793257E0,9.590732574E0,-1.841277003E0
5.436311604E1,-1.333400369E0,9.576375008E0,-1.836491346E0
5.436549453E1,-1.340578914E0,9.585947037E0,-1.841277003E0
5.436787218E1,-1.335793257E0,9.595518112E0,-1.826920033E0
5.437024989E1,-1.321436286E0,9.564411163E0,-1.829312921E0
5.437262833E1,-1.338186026E0,9.581160545E0,-1.826920033E0
5.437500682E1,-1.342971683E0,9.578767776E0,-1.838884234E0
5.437738448E1,-1.342971683E0,9.590732574E0,-1.822134495E0
5.437976218E1,-1.333400369E0,9.585947037E0,-1.822134495E0
5.438214062E1,-1.362114310E0,9.585947037E0,-1.826920033E0
5.438451911E1,-1.347757339E0,9.581160545E0,-1.824527264E0
5.438689677E1,-1.354935765E0,9.597910881E0,-1.812563181E0
5.438927448E1,-1.333400369E0,9.597910881E0,-1.798206210E0
5.439165291E1,-1.342971683E0,9.573982239E0,-1.814955950E0
5.439403140E1,-1.350150228E0,9.581160545E0,-1.769492388E0
5.439640906E1,-1.321436286E0,9.597910881E0,-1.781456470E0
5.439878677E1,-1.352542996E0,9.590732574E0,-1.793420553E0
5.440116520E1,-1.338186026E0,9.583553314E0,-1.771885157E0
5.440354364E1,-1.314257860E0,9.573982239E0,-1.783849239E0
5.440592130E1,-1.323829174E0,9.578767776E0,-1.781456470E0
5.440829901E1,-1.335793257E0,9.557232857E0,-1.802991867E0
5.441067744E1,-1.338186026E0,9.581160545E0,-1.795813441E0
5.441305593E1,-1.345364571E0,9.573982239E0,-1.781456470E0
5.441543359E1,-1.333400369E0,9.585947037E0,-1.776670814E0
5.441781130E1,-1.314257860E0,9.573982239E0,-1.788634896E0
5.442018974E1,-1.314257860E0,9.585947037E0,-1.807777524E0
5.442256823E1,-1.314257860E0,9.566803932E0,-1.829312921E0
5.442494588E1,-1.328614831E0,9.562018394E0,-1.826920033E0
5.442732359E1,-1.309472203E0,9.547661781E0,-1.829312921E0
5.442970203E1,-1.304686546E0,9.564411163E0,-1.824527264E0
5.443208052E1,-1.314257860E0,9.581160545E0,-1.841277003E0
5.443445817E1,-1.333400369E0,9.566803932E0,-1.814955950E0
5.443683588E1,-1.299900889E0,9.576375008E0,-1.836491346E0
5.443921432E1,-1.295115232E0,9.578767776E0,-1.812563181E0
5.444159276E1,-1.285543919E0,9.552447319E0,-1.850848317E0
5.444397046E1,-1.302293777E0,9.585947037E0,-1.855633974E0
5.444634812E1,-1.304686546E0,9.583553314E0,-1.853241086E0
5.444872656E1,-1.302293777E0,9.571589470E0,-1.831705689E0
5.445110505E1,-1.311864972E0,9.573982239E0,-1.826920033E0
5.445348270E1,-1.314257860E0,9.562018394E0,-1.858026743E0
5.445586041E1,-1.309472203E0,9.573982239E0,-1.872383714E0
5.445823885E1,-1.316650629E0,9.578767776E0,-1.867598057E0
5.446061734E1,-1.323829174E0,9.590732574E0,-1.889133453E0
5.446299500E1,-1.323829174E0,9.583553314E0,-1.879562140E0
5.446537270E1,-1.335793257E0,9.566803932E0,-1.881955028E0
5.446775114E1,-1.347757339E0,9.607481956E0,-1.884347796E0
5.447012963E1,-1.342971683E0,9.593125343E0,-1.872383714E0
5.447250729E1,-1.350150228E0,9.583553314E0,-1.879562140E0
5.447488500E1,-1.354935765E0,9.605089188E0,-1.884347796E0
5.447726343E1,-1.371685624E0,9.605089188E0,-1.877169371E0
5.447964192E1,-1.374078393E0,9.609874725E0,-1.862812400E0
5.448201989E1,-1.386042476E0,9.605089188E0,-1.879562140E0
5.448439776E1,-1.388435364E0,9.633803368E0,-1.855633974E0
5.448677588E1,-1.395613790E0,9.624231339E0,-1.829312921E0
5.448915416E1,-1.366899967E0,9.626625061E0,-1.853241086E0
5.449153213E1,-1.374078393E0,9.605089188E0,-1.838884234E0
5.449391000E1,-1.400399446E0,9.645767212E0,-1.850848317E0
5.449628786E1,-1.400399446E0,9.624231339E0,-1.848455548E0
5.449866572E1,-1.393221021E0,9.645767212E0,-1.834098577E0
5.450104369E1,-1.374078393E0,9.643374443E0,-1.824527264E0
5.450342182E1,-1.381256819E0,9.605089188E0,-1.819741607E0
5.450580026E1,-1.393221021E0,9.609874725E0,-1.814955950E0
5.450817874E1,-1.383649707E0,9.624231339E0,-1.829312921E0
5.451055640E1,-1.386042476E0,9.633803368E0,-1.817348838E0
5.451293411E1,-1.386042476E0,9.624231339E0,-1.836491346E0
5.451531255E1,-1.369292736E0,9.624231339E0,-1.829312921E0
5.451769104E1,-1.386042476E0,9.581160545E0,-1.836491346E0
5.452006869E1,-1.381256819E0,9.600303650E0,-1.836491346E0
5.452244640E1,-1.388435364E0,9.578767776E0,-1.831705689E0
5.452482484E1,-1.400399446E0,9.588339806E0,-1.846062660E0
5.452720328E1,-1.393221021E0,9.585947037E0,-1.834098577E0
5.452958098E1,-1.383649707E0,9.566803932E0,-1.841277003E0
5.453195869E1,-1.390828133E0,9.566803932E0,-1.822134495E0
5.453433713E1,-1.388435364E0,9.581160545E0,-1.838884234E0
5.453671557E1,-1.376471281E0,9.590732574E0,-1.814955950E0
5.453909322E1,-1.398006678E0,9.581160545E0,-1.810170293E0
5.454147093E1,-1.386042476E0,9.595518112E0,-1.831705689E0
5.454384942E1,-1.393221021E0,9.564411163E0,-1.829312921E0
5.454622786E1,-1.402792215E0,9.578767776E0,-1.843669891E0
5.454860552E1,-1.378864050E0,9.581160545E0,-1.838884234E0
5.455098322E1,-1.395613790E0,9.566803932E0,-1.805384636E0
5.455336166E1,-1.378864050E0,9.578767776E0,-1.831705689E0
5.455574015E1,-1.371685624E0,9.559625626E0,-1.831705689E0
5.455811781E1,-1.366899967E0,9.564411163E0,-1.834098577E0
5.456049552E1,-1.364507079E0,9.562018394E0,-1.824527264E0
5.456287395E1,-1.357328653E0,9.562018394E0,-1.819741607E0
5.456525244E1,-1.364507079E0,9.576375008E0,-1.824527264E0
5.456763010E1,-1.369292736E0,9.566803932E0,-1.814955950E0
5.457000781E1,-1.352542996E0,9.573982239E0,-1.831705689E0
5.457238625E1,-1.352542996E0,9.595518112E0,-1.848455548E0
5.457476474E1,-1.378864050E0,9.583553314E0,-1.848455548E0
5.457714239E1,-1.354935765E0,9.578767776E0,-1.841277003E0
5.457952010E1,-1.345364571E0,9.573982239E0,-1.834098577E0
5.458189854E1,-1.390828133E0,9.569196701E0,-1.838884234E0
5.458427698E1,-1.347757339E0,9.566803932E0,-1.838884234E0
5.458665468E1,-1.366899967E0,9.576375008E0,-1.848455548E0
5.458903239E1,-1.350150228E0,9.581160545E0,-1.843669891E0
5.459141083E1,-1.374078393E0,9.562018394E0,-1.843669891E0
5.459378927E1,-1.345364571E0,9.571589470E0,-1.865205288E0
5.459616692E1,-1.347757339E0,9.573982239E0,-1.826920033E0
5.459854463E1,-1.376471281E0,9.566803932E0,-1.838884234E0
5.460092307E1,-1.357328653E0,9.573982239E0,-1.817348838E0
5.460330156E1,-1.335793257E0,9.588339806E0,-1.807777524E0
5.460567921E1,-1.371685624E0,9.583553314E0,-1.800599098E0
5.460805692E1,-1.366899967E0,9.566803932E0,-1.805384636E0
5.461043536E1,-1.347757339E0,9.590732574E0,-1.798206210E0
5.461281385E1,-1.357328653E0,9.597910881E0,-1.800599098E0
5.461519151E1,-1.354935765E0,9.590732574E0,-1.814955950E0
5.461756921E1,-1.347757339E0,9.583553314E0,-1.817348838E0
5.461994765E1,-1.350150228E0,9.569196701E0,-1.807777524E0
5.462232614E1,-1.338186026E0,9.619445801E0,-1.848455548E0
5.462470380E1,-1.366899967E0,9.602696419E0,-1.829312921E0
5.462708151E1,-1.374078393E0,9.607481956E0,-1.853241086E0
5.462945994E1,-1.378864050E0,9.609874725E0,-1.865205288E0
5.463183838E1,-1.364507079E0,9.595518112E0,-1.889133453E0
5.463421609E1,-1.364507079E0,9.621838570E0,-1.877169371E0
5.463659380E1,-1.390828133E0,9.605089188E0,-1.879562140E0
5.463897224E1,-1.407577872E0,9.619445801E0,-1.884347796E0
5.464135067E1,-1.386042476E0,9.607481956E0,-1.874776483E0
5.464372833E1,-1.378864050E0,9.617053032E0,-1.879562140E0
5.464610604E1,-1.388435364E0,9.607481956E0,-1.874776483E0
5.464848448E1,-1.393221021E0,9.602696419E0,-1.872383714E0
5.465086296E1,-1.402792215E0,9.607481956E0,-1.867598057E0
5.465324062E1,-1.400399446E0,9.607481956E0,-1.879562140E0
5.465561833E1,-1.395613790E0,9.590732574E0,-1.874776483E0
5.465799677E1,-1.405185103E0,9.605089188E0,-1.865205288E0
5.466037526E1,-1.376471281E0,9.595518112E0,-1.884347796E0
5.466275291E1,-1.359721422E0,9.566803932E0,-1.874776483E0
5.466513062E1,-1.381256819E0,9.566803932E0,-1.884347796E0
5.466750906E1,-1.393221021E0,9.554840088E0,-1.869990945E0
5.466988755E1,-1.381256819E0,9.547661781E0,-1.884347796E0
5.467226520E1,-1.378864050E0,9.554840088E0,-1.872383714E0
5.467464291E1,-1.359721422E0,9.557232857E0,-1.855633974E0
5.467702135E1,-1.388435364E0,9.557232857E0,-1.877169371E0
5.467939984E1,-1.371685624E0,9.597910881E0,-1.855633974E0
5.468177750E1,-1.364507079E0,9.590732574E0,-1.848455548E0
5.468415520E1,-1.376471281E0,9.583553314E0,-1.858026743E0
5.468653364E1,-1.362114310E0,9.571589470E0,-1.874776483E0
5.468891208E1,-1.366899967E0,9.600303650E0,-1.886740685E0
5.469128979E1,-1.381256819E0,9.607481956E0,-1.869990945E0
5.469366744E1,-1.364507079E0,9.600303650E0,-1.879562140E0
5.469604588E1,-1.369292736E0,9.607481956E0,-1.886740685E0
5.469842437E1,-1.402792215E0,9.612267494E0,-1.874776483E0
5.470080203E1,-1.364507079E0,9.631410599E0,-1.886740685E0
5.470317974E1,-1.405185103E0,9.588339806E0,-1.867598057E0
5.470555817E1,-1.359721422E0,9.602696419E0,-1.891526341E0
5.470793666E1,-1.369292736E0,9.605089188E0,-1.879562140E0
5.471031432E1,-1.357328653E0,9.614660263E0,-1.881955028E0
5.471269203E1,-1.374078393E0,9.621838570E0,-1.858026743E0
5.471507046E1,-1.359721422E0,9.605089188E0,-1.841277003E0
5.471744895E1,-1.374078393E0,9.631410599E0,-1.834098577E0
5.471982661E1,-1.366899967E0,9.607481956E0,-1.853241086E0
5.472220432E1,-1.364507079E0,9.617053032E0,-1.838884234E0
5.472458276E1,-1.350150228E0,9.619445801E0,-1.874776483E0
5.472696125E1,-1.350150228E0,9.595518112E0,-1.860419631E0
5.472933890E1,-1.342971683E0,9.600303650E0,-1.865205288E0
5.473171661E1,-1.342971683E0,9.588339806E0,-1.855633974E0
5.473409505E1,-1.342971683E0,9.578767776E0,-1.853241086E0
5.473647354E1,-1.335793257E0,9.600303650E0,-1.884347796E0
5.473885119E1,-1.323829174E0,9.607481956E0,-1.855633974E0
5.474122890E1,-1.316650629E0,9.588339806E0,-1.853241086E0
5.474360734E1,-1.309472203E0,9.581160545E0,-1.865205288E0
5.474598578E1,-1.319043517E0,9.576375008E0,-1.853241086E0
5.474836343E1,-1.321436286E0,9.600303650E0,-1.855633974E0
5.475074114E1,-1.304686546E0,9.585947037E0,-1.869990945E0
5.475311958E1,-1.302293777E0,9.585947037E0,-1.831705689E0
5.475549807E1,-1.290329576E0,9.576375008E0,-1.817348838E0
5.475787573E1,-1.297508121E0,9.576375008E0,-1.850848317E0
5.476025343E1,-1.297508121E0,9.581160545E0,-1.824527264E0
5.476263187E1,-1.285543919E0,9.578767776E0,-1.812563181E0
5.476501036E1,-1.285543919E0,9.569196701E0,-1.817348838E0
5.476738802E1,-1.321436286E0,9.578767776E0,-1.838884234E0
5.476976573E1,-1.295115232E0,9.576375008E0,-1.841277003E0
5.477214416E1,-1.287936807E0,9.578767776E0,-1.805384636E0
5.477452265E1,-1.292722464E0,9.583553314E0,-1.838884234E0
5.477690031E1,-1.323829174E0,9.569196701E0,-1.826920033E0
5.477927802E1,-1.297508121E0,9.590732574E0,-1.829312921E0
5.478165645E1,-1.287936807E0,9.578767776E0,-1.812563181E0
5.478403494E1,-1.302293777E0,9.609874725E0,-1.819741607E0
5.478641260E1,-1.302293777E0,9.581160545E0,-1.814955950E0
5.478879031E1,-1.290329576E0,9.614660263E0,-1.829312921E0
5.479116874E1,-1.311864972E0,9.617053032E0,-1.814955950E0
5.479354724E1,-1.328614831E0,9.614660263E0,-1.838884234E0
5.479592489E1,-1.297508121E0,9.609874725E0,-1.841277003E0
5.479830260E1,-1.307079315E0,9.643374443E0,-1.807777524E0
5.480068104E1,-1.307079315E0,9.624231339E0,-1.841277003E0
5.480305948E1,-1.316650629E0,9.612267494E0,-1.841277003E0
5.480543718E1,-1.314257860E0,9.619445801E0,-1.834098577E0
5.480781489E1,-1.316650629E0,9.609874725E0,-1.846062660E0
5.481019333E1,-1.331007600E0,9.617053032E0,-1.822134495E0
5.481257177E1,-1.321436286E0,9.612267494E0,-1.838884234E0
5.481494942E1,-1.302293777E0,9.607481956E0,-1.841277003E0
5.481732713E1,-1.321436286E0,9.607481956E0,-1.848455548E0
5.481970557E1,-1.316650629E0,9.609874725E0,-1.843669891E0
5.482208406E1,-1.316650629E0,9.600303650E0,-1.853241086E0
5.482446171E1,-1.299900889E0,9.605089188E0,-1.817348838E0
5.482683942E1,-1.323829174E0,9.612267494E0,-1.836491346E0
5.482921786E1,-1.326221943E0,9.614660263E0,-1.846062660E0
5.483159635E1,-1.316650629E0,9.605089188E0,-1.807777524E0
5.483397401E1,-1.311864972E0,9.588339806E0,-1.819741607E0
5.483635171E1,-1.326221943E0,9.605089188E0,-1.817348838E0
5.483873015E1,-1.309472203E0,9.581160545E0,-1.795813441E0
5.484110864E1,-1.316650629E0,9.602696419E0,-1.812563181E0
5.484348630E1,-1.309472203E0,9.614660263E0,-1.819741607E0
5.484586401E1,-1.326221943E0,9.566803932E0,-1.824527264E0
5.484824244E1,-1.297508121E0,9.597910881E0,-1.793420553E0
5.485062093E1,-1.323829174E0,9.578767776E0,-1.807777524E0
5.485299859E1,-1.299900889E0,9.585947037E0,-1.829312921E0
5.485537630E1,-1.292722464E0,9.588339806E0,-1.805384636E0
5.485775474E1,-1.323829174E0,9.583553314E0,-1.805384636E0
5.486013323E1,-1.311864972E0,9.576375008E0,-1.793420553E0
5.486251088E1,-1.307079315E0,9.585947037E0,-1.786242127E0
5.486488859E1,-1.311864972E0,9.588339806E0,-1.807777524E0
5.486726703E1,-1.314257860E0,9.600303650E0,-1.795813441E0
5.486964546E1,-1.304686546E0,9.605089188E0,-1.767099500E0
5.487202312E1,-1.328614831E0,9.595518112E0,-1.793420553E0
5.487440083E1,-1.307079315E0,9.597910881E0,-1.769492388E0
5.487677927E1,-1.321436286E0,9.609874725E0,-1.786242127E0
5.487915776E1,-1.326221943E0,9.631410599E0,-1.798206210E0
5.488153541E1,-1.331007600E0,9.617053032E0,-1.767099500E0
5.488391312E1,-1.321436286E0,9.626625061E0,-1.774278045E0
5.488629156E1,-1.316650629E0,9.609874725E0,-1.791027784E0
5.488867005E1,-1.319043517E0,9.638588905E0,-1.802991867E0
5.489104770E1,-1.335793257E0,9.624231339E0,-1.795813441E0
5.489342541E1,-1.335793257E0,9.643374443E0,-1.812563181E0
5.489580385E1,-1.326221943E0,9.624231339E0,-1.791027784E0
5.489818234E1,-1.323829174E0,9.633803368E0,-1.788634896E0
5.490056000E1,-1.311864972E0,9.638588905E0,-1.798206210E0
5.490293770E1,-1.304686546E0,9.645767212E0,-1.786242127E0
5.490531614E1,-1.316650629E0,9.638588905E0,-1.783849239E0
5.490769463E1,-1.323829174E0,9.664909363E0,-1.783849239E0
5.491007229E1,-1.307079315E0,9.633803368E0,-1.783849239E0
5.491245000E1,-1.311864972E0,9.636196136E0,-1.788634896E0
5.491482843E1,-1.321436286E0,9.602696419E0,-1.769492388E0
5.491720692E1,-1.307079315E0,9.607481956E0,-1.781456470E0
5.491958458E1,-1.304686546E0,9.605089188E0,-1.774278045E0
5.492196229E1,-1.287936807E0,9.605089188E0,-1.764706731E0
5.492434072E1,-1.273579836E0,9.605089188E0,-1.764706731E0
5.492671916E1,-1.297508121E0,9.597910881E0,-1.762313843E0
5.492909687E1,-1.309472203E0,9.595518112E0,-1.764706731E0
5.493147458E1,-1.304686546E0,9.585947037E0,-1.783849239E0
5.493385302E1,-1.302293777E0,9.597910881E0,-1.793420553E0
5.493623145E1,-1.295115232E0,9.576375008E0,-1.755135417E0
5.493860911E1,-1.307079315E0,9.573982239E0,-1.764706731E0
5.494098682E1,-1.290329576E0,9.590732574E0,-1.776670814E0
5.494336531E1,-1.304686546E0,9.600303650E0,-1.800599098E0
5.494574374E1,-1.283151150E0,9.564411163E0,-1.769492388E0
5.494812140E1,-1.292722464E0,9.588339806E0,-1.767099500E0
5.495049911E1,-1.287936807E0,9.602696419E0,-1.767099500E0
5.495287755E1,-1.307079315E0,9.600303650E0,-1.752742529E0
5.495525604E1,-1.311864972E0,9.595518112E0,-1.771885157E0
5.495763369E1,-1.321436286E0,9.588339806E0,-1.771885157E0
5.496001140E1,-1.299900889E0,9.588339806E0,-1.786242127E0
5.496238984E1,-1.304686546E0,9.583553314E0,-1.793420553E0
5.496476833E1,-1.302293777E0,9.590732574E0,-1.793420553E0
5.496714598E1,-1.285543919E0,9.605089188E0,-1.786242127E0
5.496952369E1,-1.273579836E0,9.605089188E0,-1.786242127E0
5.497190213E1,-1.264008522E0,9.600303650E0,-1.793420553E0
5.497428062E1,-1.264008522E0,9.593125343E0,-1.776670814E0
5.497665828E1,-1.261615753E0,9.612267494E0,-1.795813441E0
5.497903598E1,-1.261615753E0,9.607481956E0,-1.807777524E0
5.498141442E1,-1.259222865E0,9.595518112E0,-1.788634896E0
5.498379291E1,-1.261615753E0,9.617053032E0,-1.822134495E0
5.498617057E1,-1.242473125E0,9.624231339E0,-1.812563181E0
5.498854828E1,-1.244866014E0,9.633803368E0,-1.819741607E0
5.499092671E1,-1.242473125E0,9.612267494E0,-1.824527264E0
5.499330520E1,-1.256830096E0,9.631410599E0,-1.802991867E0
5.499568286E1,-1.271187067E0,9.631410599E0,-1.807777524E0
5.499806057E1,-1.254437327E0,9.633803368E0,-1.788634896E0
5.500043901E1,-1.249651670E0,9.652945518E0,-1.786242127E0
5.500281750E1,-1.256830096E0,9.645767212E0,-1.802991867E0
5.500519515E1,-1.254437327E0,9.662516594E0,-1.783849239E0
5.500757286E1,-1.230509043E0,9.655338287E0,-1.771885157E0
5.500995130E1,-1.244866014E0,9.662516594E0,-1.783849239E0
5.501232974E1,-1.242473125E0,9.633803368E0,-1.755135417E0
5.501470744E1,-1.244866014E0,9.662516594E0,-1.767099500E0
5.501708510E1,-1.240080357E0,9.664909363E0,-1.767099500E0
5.501946354E1,-1.223330617E0,9.684052467E0,-1.774278045E0
5.502184203E1,-1.230509043E0,9.652945518E0,-1.791027784E0
5.502421968E1,-1.237687469E0,9.650552750E0,-1.798206210E0
5.502659739E1,-1.208973646E0,9.652945518E0,-1.771885157E0
5.502897583E1,-1.230509043E0,9.640981674E0,-1.786242127E0
5.503135432E1,-1.235294700E0,9.657731056E0,-1.755135417E0
5.503373198E1,-1.240080357E0,9.640981674E0,-1.762313843E0
5.503610968E1,-1.228116274E0,9.640981674E0,-1.781456470E0
5.503848812E1,-1.247258782E0,9.621838570E0,-1.779063582E0
5.504086661E1,-1.240080357E0,9.617053032E0,-1.776670814E0
5.504324427E1,-1.242473125E0,9.633803368E0,-1.764706731E0
5.504562198E1,-1.252044439E0,9.636196136E0,-1.779063582E0
5.504800041E1,-1.247258782E0,9.621838570E0,-1.783849239E0
5.505037890E1,-1.266401410E0,9.617053032E0,-1.786242127E0
5.505275656E1,-1.254437327E0,9.602696419E0,-1.802991867E0
5.505513427E1,-1.259222865E0,9.605089188E0,-1.779063582E0
5.505751270E1,-1.287936807E0,9.605089188E0,-1.788634896E0
5.505989119E1,-1.304686546E0,9.590732574E0,-1.810170293E0
5.506226885E1,-1.283151150E0,9.593125343E0,-1.810170293E0
5.506464656E1,-1.295115232E0,9.593125343E0,-1.819741607E0
5.506702500E1,-1.304686546E0,9.590732574E0,-1.826920033E0
5.506940348E1,-1.297508121E0,9.595518112E0,-1.865205288E0
5.507178114E1,-1.295115232E0,9.588339806E0,-1.853241086E0
5.507415885E1,-1.316650629E0,9.614660263E0,-1.848455548E0
5.507653729E1,-1.307079315E0,9.600303650E0,-1.826920033E0
5.507891572E1,-1.302293777E0,9.597910881E0,-1.824527264E0
5.508129343E1,-1.297508121E0,9.590732574E0,-1.846062660E0
5.508367114E1,-1.311864972E0,9.602696419E0,-1.838884234E0
5.508604958E1,-1.309472203E0,9.607481956E0,-1.841277003E0
5.508842802E1,-1.292722464E0,9.607481956E0,-1.819741607E0
5.509080572E1,-1.273579836E0,9.602696419E0,-1.795813441E0
5.509318343E1,-1.275972724E0,9.609874725E0,-1.795813441E0
5.509556187E1,-1.285543919E0,9.617053032E0,-1.788634896E0
5.509794031E1,-1.297508121E0,9.624231339E0,-1.795813441E0
5.510031796E1,-1.307079315E0,9.629017830E0,-1.795813441E0
5.510269567E1,-1.290329576E0,9.609874725E0,-1.791027784E0
5.510507411E1,-1.290329576E0,9.607481956E0,-1.764706731E0
5.510745260E1,-1.314257860E0,9.619445801E0,-1.781456470E0
5.510983026E1,-1.287936807E0,9.629017830E0,-1.771885157E0
5.511220796E1,-1.295115232E0,9.621838570E0,-1.779063582E0
5.511458640E1,-1.297508121E0,9.614660263E0,-1.795813441E0
5.511696489E1,-1.304686546E0,9.612267494E0,-1.788634896E0
5.511934255E1,-1.304686546E0,9.612267494E0,-1.791027784E0
5.512172026E1,-1.292722464E0,9.612267494E0,-1.779063582E0
5.512409869E1,-1.307079315E0,9.614660263E0,-1.812563181E0
5.512647718E1,-1.323829174E0,9.602696419E0,-1.848455548E0
5.512885484E1,-1.307079315E0,9.605089188E0,-1.817348838E0
5.513123255E1,-1.309472203E0,9.597910881E0,-1.836491346E0
5.513361099E1,-1.326221943E0,9.612267494E0,-1.838884234E0
5.513598948E1,-1.314257860E0,9.617053032E0,-1.848455548E0
5.513836713E1,-1.323829174E0,9.605089188E0,-1.843669891E0
5.514074484E1,-1.338186026E0,9.619445801E0,-1.843669891E0
5.514312328E1,-1.314257860E0,9.609874725E0,-1.843669891E0
5.514550177E1,-1.328614831E0,9.602696419E0,-1.841277003E0
5.514787942E1,-1.321436286E0,9.595518112E0,-1.838884234E0
5.515025713E1,-1.338186026E0,9.607481956E0,-1.836491346E0
5.515263557E1,-1.316650629E0,9.590732574E0,-1.826920033E0
5.515501406E1,-1.333400369E0,9.590732574E0,-1.812563181E0
5.515739171E1,-1.319043517E0,9.595518112E0,-1.841277003E0
5.515976942E1,-1.316650629E0,9.602696419E0,-1.805384636E0
5.516214786E1,-1.314257860E0,9.578767776E0,-1.817348838E0
5.516452635E1,-1.287936807E0,9.583553314E0,-1.812563181E0
5.516690401E1,-1.302293777E0,9.590732574E0,-1.812563181E0
5.516928171E1,-1.311864972E0,9.578767776E0,-1.812563181E0
5.517166015E1,-1.314257860E0,9.569196701E0,-1.812563181E0
5.517403864E1,-1.295115232E0,9.550054550E0,-1.819741607E0
5.517641630E1,-1.299900889E0,9.562018394E0,-1.819741607E0
5.517879401E1,-1.309472203E0,9.566803932E0,-1.802991867E0
5.518117244E1,-1.309472203E0,9.571589470E0,-1.824527264E0
5.518355088E1,-1.309472203E0,9.571589470E0,-1.831705689E0
5.518592854E1,-1.297508121E0,9.547661781E0,-1.812563181E0
5.518830625E1,-1.302293777E0,9.554840088E0,-1.807777524E0
5.519068468E1,-1.304686546E0,9.566803932E0,-1.831705689E0
5.519306317E1,-1.299900889E0,9.559625626E0,-1.802991867E0
5.519544088E1,-1.283151150E0,9.562018394E0,-1.829312921E0
5.519781854E1,-1.285543919E0,9.578767776E0,-1.824527264E0
5.520019698E1,-1.297508121E0,9.566803932E0,-1.831705689E0
5.520257546E1,-1.302293777E0,9.573982239E0,-1.850848317E0
5.520495312E1,-1.304686546E0,9.571589470E0,-1.862812400E0
5.520733083E1,-1.295115232E0,9.547661781E0,-1.850848317E0
5.520970927E1,-1.299900889E0,9.578767776E0,-1.858026743E0
5.521208776E1,-1.285543919E0,9.588339806E0,-1.862812400E0
5.521446541E1,-1.275972724E0,9.578767776E0,-1.853241086E0
5.521684312E1,-1.271187067E0,9.590732574E0,-1.872383714E0
5.521922156E1,-1.295115232E0,9.585947037E0,-1.846062660E0
5.522160005E1,-1.297508121E0,9.597910881E0,-1.824527264E0
5.522397770E1,-1.290329576E0,9.597910881E0,-1.814955950E0
5.522635541E1,-1.283151150E0,9.597910881E0,-1.869990945E0
5.522873385E1,-1.299900889E0,9.576375008E0,-1.836491346E0
5.523111234E1,-1.304686546E0,9.600303650E0,-1.819741607E0
5.523349000E1,-1.280758262E0,9.588339806E0,-1.829312921E0
5.523586770E1,-1.295115232E0,9.597910881E0,-1.862812400E0
5.523824614E1,-1.297508121E0,9.600303650E0,-1.848455548E0
5.524062463E1,-1.297508121E0,9.593125343E0,-1.817348838E0
5.524300229E1,-1.295115232E0,9.593125343E0,-1.831705689E0
5.524538000E1,-1.297508121E0,9.602696419E0,-1.834098577E0
5.524775843E1,-1.304686546E0,9.588339806E0,-1.841277003E0
5.525013692E1,-1.299900889E0,9.597910881E0,-1.834098577E0
5.525251458E1,-1.307079315E0,9.590732574E0,-1.836491346E0
5.525489229E1,-1.304686546E0,9.564411163E0,-1.814955950E0
5.525727073E1,-1.297508121E0,9.595518112E0,-1.853241086E0
5.525964921E1,-1.326221943E0,9.595518112E0,-1.819741607E0
5.526202687E1,-1.316650629E0,9.583553314E0,-1.834098577E0
5.526440458E1,-1.299900889E0,9.581160545E0,-1.858026743E0
5.526678302E1,-1.328614831E0,9.595518112E0,-1.843669891E0
5.526916151E1,-1.338186026E0,9.595518112E0,-1.846062660E0
5.527153916E1,-1.309472203E0,9.590732574E0,-1.843669891E0
5.527391687E1,-1.323829174E0,9.609874725E0,-1.848455548E0
5.527629531E1,-1.340578914E0,9.602696419E0,-1.858026743E0
5.527867380E1,-1.333400369E0,9.602696419E0,-1.838884234E0
5.528105145E1,-1.326221943E0,9.600303650E0,-1.836491346E0
5.528342916E1,-1.333400369E0,9.607481956E0,-1.836491346E0
5.528580760E1,-1.328614831E0,9.609874725E0,-1.848455548E0
5.528818604E1,-1.347757339E0,9.583553314E0,-1.838884234E0
5.529056374E1,-1.342971683E0,9.595518112E0,-1.831705689E0
5.529294145E1,-1.354935765E0,9.578767776E0,-1.836491346E0
5.529531989E1,-1.347757339E0,9.573982239E0,-1.850848317E0
5.529769833E1,-1.340578914E0,9.571589470E0,-1.846062660E0
5.530007599E1,-1.340578914E0,9.573982239E0,-1.846062660E0
5.530245369E1,-1.350150228E0,9.581160545E0,-1.843669891E0
5.530483218E1,-1.359721422E0,9.562018394E0,-1.826920033E0
5.530721062E1,-1.345364571E0,9.569196701E0,-1.831705689E0
5.530958828E1,-1.350150228E0,9.581160545E0,-1.848455548E0
5.531196598E1,-1.352542996E0,9.583553314E0,-1.858026743E0
5.531434442E1,-1.354935765E0,9.576375008E0,-1.850848317E0
5.531672291E1,-1.328614831E0,9.581160545E0,-1.843669891E0
5.531910057E1,-1.352542996E0,9.576375008E0,-1.848455548E0
5.532147828E1,-1.331007600E0,9.588339806E0,-1.841277003E0
5.532385671E1,-1.326221943E0,9.571589470E0,-1.822134495E0
5.532623520E1,-1.333400369E0,9.593125343E0,-1.812563181E0
5.532861286E1,-1.326221943E0,9.609874725E0,-1.819741607E0
5.533099057E1,-1.316650629E0,9.595518112E0,-1.831705689E0
5.533336901E1,-1.335793257E0,9.590732574E0,-1.826920033E0
5.533574750E1,-1.345364571E0,9.593125343E0,-1.865205288E0
5.533812515E1,-1.362114310E0,9.602696419E0,-1.838884234E0
5.534050286E1,-1.352542996E0,9.593125343E0,-1.855633974E0
5.534288130E1,-1.333400369E0,9.605089188E0,-1.853241086E0
5.534525979E1,-1.340578914E0,9.607481956E0,-1.838884234E0
5.534763744E1,-1.345364571E0,9.621838570E0,-1.843669891E0
5.535001515E1,-1.340578914E0,9.607481956E0,-1.869990945E0
5.535239359E1,-1.335793257E0,9.626625061E0,-1.860419631E0
5.535477208E1,-1.333400369E0,9.609874725E0,-1.867598057E0
5.535714974E1,-1.328614831E0,9.607481956E0,-1.872383714E0
5.535952744E1,-1.328614831E0,9.600303650E0,-1.877169371E0
5.536190588E1,-1.345364571E0,9.617053032E0,-1.858026743E0
5.536428437E1,-1.328614831E0,9.619445801E0,-1.843669891E0
5.536666203E1,-1.342971683E0,9.612267494E0,-1.829312921E0
5.536903974E1,-1.342971683E0,9.619445801E0,-1.841277003E0
5.537141817E1,-1.328614831E0,9.602696419E0,-1.819741607E0
5.537379666E1,-1.319043517E0,9.602696419E0,-1.846062660E0
5.537617432E1,-1.335793257E0,9.593125343E0,-1.834098577E0
5.537855203E1,-1.333400369E0,9.619445801E0,-1.836491346E0
5.538093046E1,-1.328614831E0,9.612267494E0,-1.831705689E0
5.538330895E1,-1.352542996E0,9.600303650E0,-1.834098577E0
5.538568661E1,-1.323829174E0,9.600303650E0,-1.841277003E0
5.538806432E1,-1.328614831E0,9.626625061E0,-1.829312921E0
5.539044276E1,-1.323829174E0,9.631410599E0,-1.817348838E0
5.539282124E1,-1.314257860E0,9.617053032E0,-1.805384636E0
5.539519890E1,-1.309472203E0,9.624231339E0,-1.831705689E0
5.539757661E1,-1.304686546E0,9.624231339E0,-1.810170293E0
5.539995505E1,-1.311864972E0,9.629017830E0,-1.781456470E0
5.540233354E1,-1.319043517E0,9.636196136E0,-1.776670814E0
5.540471119E1,-1.304686546E0,9.619445801E0,-1.791027784E0
5.540708890E1,-1.297508121E0,9.626625061E0,-1.771885157E0
5.540946734E1,-1.299900889E0,9.626625061E0,-1.798206210E0
5.541184583E1,-1.309472203E0,9.612267494E0,-1.805384636E0
5.541422348E1,-1.290329576E0,9.605089188E0,-1.810170293E0
5.541660119E1,-1.304686546E0,9.609874725E0,-1.805384636E0
5.541897963E1,-1.304686546E0,9.581160545E0,-1.814955950E0
5.542135807E1,-1.309472203E0,9.590732574E0,-1.814955950E0
5.542373578E1,-1.307079315E0,9.605089188E0,-1.819741607E0
5.542611348E1,-1.309472203E0,9.564411163E0,-1.831705689E0
5.542849192E1,-1.328614831E0,9.578767776E0,-1.824527264E0
5.543087036E1,-1.321436286E0,9.564411163E0,-1.822134495E0
5.543324807E1,-1.340578914E0,9.557232857E0,-1.850848317E0
5.543562578E1,-1.340578914E0,9.569196701E0,-1.822134495E0
5.543800421E1,-1.333400369E0,9.566803932E0,-1.819741607E0
5.544038265E1,-1.342971683E0,9.576375008E0,-1.834098577E0
5.544276036E1,-1.345364571E0,9.559625626E0,-1.831705689E0
5.544513802E1,-1.345364571E0,9.566803932E0,-1.817348838E0
5.544751645E1,-1.374078393E0,9.566803932E0,-1.834098577E0
5.544989494E1,-1.369292736E0,9.578767776E0,-1.817348838E0
5.545227260E1,-1.357328653E0,9.571589470E0,-1.814955950E0
5.545465031E1,-1.362114310E0,9.585947037E0,-1.817348838E0
5.545702874E1,-1.371685624E0,9.583553314E0,-1.822134495E0
5.545940724E1,-1.354935765E0,9.585947037E0,-1.807777524E0
5.546178489E1,-1.352542996E0,9.607481956E0,-1.834098577E0
5.546416260E1,-1.352542996E0,9.588339806E0,-1.822134495E0
5.546654104E1,-1.352542996E0,9.571589470E0,-1.826920033E0
5.546891953E1,-1.333400369E0,9.590732574E0,-1.850848317E0
5.547129718E1,-1.354935765E0,9.607481956E0,-1.846062660E0
5.547367489E1,-1.362114310E0,9.609874725E0,-1.841277003E0
5.547605333E1,-1.371685624E0,9.619445801E0,-1.834098577E0
5.547843182E1,-1.359721422E0,9.607481956E0,-1.855633974E0
5.548080948E1,-1.369292736E0,9.617053032E0,-1.862812400E0
5.548318718E1,-1.374078393E0,9.621838570E0,-1.853241086E0
5.548556562E1,-1.345364571E0,9.607481956E0,-1.853241086E0
5.548794411E1,-1.354935765E0,9.614660263E0,-1.867598057E0
5.549032177E1,-1.369292736E0,9.605089188E0,-1.850848317E0
5.549269948E1,-1.366899967E0,9.621838570E0,-1.872383714E0
5.549507791E1,-1.364507079E0,9.633803368E0,-1.841277003E0
5.549745640E1,-1.357328653E0,9.617053032E0,-1.841277003E0
5.549983406E1,-1.357328653E0,9.619445801E0,-1.874776483E0
5.550221177E1,-1.342971683E0,9.612267494E0,-1.848455548E0
5.550459020E1,-1.342971683E0,9.621838570E0,-1.862812400E0
5.550696869E1,-1.359721422E0,9.612267494E0,-1.838884234E0
5.550934635E1,-1.352542996E0,9.605089188E0,-1.843669891E0
5.551172406E1,-1.338186026E0,9.612267494E0,-1.853241086E0
5.551410250E1,-1.340578914E0,9.617053032E0,-1.831705689E0
5.551648098E1,-1.354935765E0,9.617053032E0,-1.834098577E0
5.551885864E1,-1.350150228E0,9.609874725E0,-1.846062660E0
5.552123635E1,-1.335793257E0,9.593125343E0,-1.829312921E0
5.552361479E1,-1.342971683E0,9.590732574E0,-1.853241086E0
5.552599328E1,-1.350150228E0,9.585947037E0,-1.855633974E0
5.552837093E1,-1.347757339E0,9.590732574E0,-1.841277003E0
5.553074864E1,-1.362114310E0,9.588339806E0,-1.853241086E0
5.553312708E1,-1.333400369E0,9.557232857E0,-1.838884234E0
5.553550557E1,-1.323829174E0,9.571589470E0,-1.836491346E0
5.553788322E1,-1.357328653E0,9.552447319E0,-1.826920033E0
5.554026093E1,-1.362114310E0,9.547661781E0,-1.838884234E0
5.554263937E1,-1.338186026E0,9.526125908E0,-1.841277003E0
5.554501786E1,-1.326221943E0,9.535696983E0,-1.841277003E0
5.554739552E1,-1.323829174E0,9.542876244E0,-1.858026743E0
5.554977322E1,-1.333400369E0,9.530911446E0,-1.843669891E0
5.555215166E1,-1.352542996E0,9.528518677E0,-1.846062660E0
5.555453015E1,-1.357328653E0,9.518947601E0,-1.853241086E0
5.555690781E1,-1.335793257E0,9.523733139E0,-1.853241086E0
5.555928552E1,-1.347757339E0,9.526125908E0,-1.862812400E0
5.556166395E1,-1.350150228E0,9.535696983E0,-1.858026743E0
5.556404244E1,-1.366899967E0,9.538089752E0,-1.869990945E0
5.556642010E1,-1.366899967E0,9.533304214E0,-1.865205288E0
5.556879781E1,-1.354935765E0,9.550054550E0,-1.848455548E0
5.557117625E1,-1.374078393E0,9.562018394E0,-1.841277003E0
5.557355474E1,-1.369292736E0,9.564411163E0,-1.836491346E0
5.557593239E1,-1.362114310E0,9.559625626E0,-1.843669891E0
5.557831010E1,-1.366899967E0,9.578767776E0,-1.836491346E0
5.558068854E1,-1.376471281E0,9.578767776E0,-1.855633974E0
5.558306703E1,-1.376471281E0,9.583553314E0,-1.855633974E0
5.558544468E1,-1.374078393E0,9.602696419E0,-1.877169371E0
5.558782239E1,-1.371685624E0,9.593125343E0,-1.858026743E0
5.559020083E1,-1.374078393E0,9.588339806E0,-1.858026743E0
5.559257932E1,-1.352542996E0,9.614660263E0,-1.860419631E0
5.559495698E1,-1.362114310E0,9.607481956E0,-1.865205288E0
5.559733468E1,-1.362114310E0,9.600303650E0,-1.867598057E0
5.559971312E1,-1.364507079E0,9.614660263E0,-1.865205288E0
5.560209161E1,-1.374078393E0,9.614660263E0,-1.881955028E0
5.560446927E1,-1.352542996E0,9.602696419E0,-1.869990945E0
5.560684698E1,-1.331007600E0,9.617053032E0,-1.881955028E0
5.560922541E1,-1.347757339E0,9.602696419E0,-1.889133453E0
5.561160390E1,-1.333400369E0,9.614660263E0,-1.867598057E0
5.561398156E1,-1.328614831E0,9.609874725E0,-1.874776483E0
5.561635927E1,-1.333400369E0,9.612267494E0,-1.858026743E0
5.561873770E1,-1.321436286E0,9.595518112E0,-1.853241086E0
5.562111619E1,-1.335793257E0,9.609874725E0,-1.838884234E0
5.562349385E1,-1.338186026E0,9.595518112E0,-1.860419631E0
5.562587156E1,-1.326221943E0,9.595518112E0,-1.862812400E0
5.562825000E1,-1.326221943E0,9.590732574E0,-1.862812400E0
5.563062848E1,-1.328614831E0,9.588339806E0,-1.855633974E0
5.563300614E1,-1.328614831E0,9.590732574E0,-1.872383714E0
5.563538385E1,-1.333400369E0,9.583553314E0,-1.862812400E0
5.563776229E1,-1.333400369E0,9.571589470E0,-1.872383714E0
5.564014078E1,-1.331007600E0,9.564411163E0,-1.879562140E0
5.564251843E1,-1.319043517E0,9.581160545E0,-1.877169371E0
5.564489614E1,-1.321436286E0,9.581160545E0,-1.862812400E0
5.564727458E1,-1.328614831E0,9.597910881E0,-1.858026743E0
5.564965307E1,-1.328614831E0,9.583553314E0,-1.867598057E0
5.565203072E1,-1.328614831E0,9.554840088E0,-1.877169371E0
5.565440843E1,-1.314257860E0,9.585947037E0,-1.860419631E0
5.565678687E1,-1.335793257E0,9.578767776E0,-1.865205288E0
5.565916531E1,-1.347757339E0,9.595518112E0,-1.874776483E0
5.566154302E1,-1.345364571E0,9.605089188E0,-1.860419631E0
5.566392073E1,-1.350150228E0,9.597910881E0,-1.872383714E0
5.566629916E1,-1.364507079E0,9.595518112E0,-1.879562140E0
5.566867760E1,-1.342971683E0,9.590732574E0,-1.869990945E0
5.567105531E1,-1.362114310E0,9.619445801E0,-1.867598057E0
5.567343302E1,-1.354935765E0,9.602696419E0,-1.877169371E0
5.567581145E1,-1.366899967E0,9.578767776E0,-1.874776483E0
5.567818989E1,-1.374078393E0,9.597910881E0,-1.884347796E0
5.568056760E1,-1.390828133E0,9.595518112E0,-1.860419631E0
5.568294531E1,-1.362114310E0,9.612267494E0,-1.858026743E0
5.568532375E1,-1.374078393E0,9.605089188E0,-1.862812400E0
5.568770218E1,-1.362114310E0,9.607481956E0,-1.853241086E0
5.569007989E1,-1.369292736E0,9.624231339E0,-1.850848317E0
5.569245760E1,-1.357328653E0,9.633803368E0,-1.874776483E0
5.569483604E1,-1.357328653E0,9.626625061E0,-1.860419631E0
5.569721453E1,-1.350150228E0,9.607481956E0,-1.848455548E0
5.569959218E1,-1.345364571E0,9.597910881E0,-1.855633974E0
5.570196989E1,-1.338186026E0,9.624231339E0,-1.862812400E0
5.570434833E1,-1.357328653E0,9.621838570E0,-1.853241086E0
5.570672682E1,-1.335793257E0,9.600303650E0,-1.850848317E0
5.570910448E1,-1.347757339E0,9.602696419E0,-1.874776483E0
5.571148218E1,-1.321436286E0,9.583553314E0,-1.874776483E0
5.571386062E1,-1.342971683E0,9.595518112E0,-1.872383714E0
5.571623906E1,-1.311864972E0,9.597910881E0,-1.853241086E0
5.571861677E1,-1.314257860E0,9.597910881E0,-1.869990945E0
5.572099448E1,-1.307079315E0,9.564411163E0,-1.872383714E0
5.572337291E1,-1.307079315E0,9.554840088E0,-1.889133453E0
5.572575135E1,-1.304686546E0,9.573982239E0,-1.877169371E0
5.572812906E1,-1.319043517E0,9.564411163E0,-1.881955028E0
5.573050677E1,-1.287936807E0,9.576375008E0,-1.867598057E0
5.573288520E1,-1.292722464E0,9.573982239E0,-1.889133453E0
5.573526364E1,-1.323829174E0,9.569196701E0,-1.874776483E0
5.573764135E1,-1.319043517E0,9.573982239E0,-1.881955028E0
5.574001906E1,-1.309472203E0,9.562018394E0,-1.901097536E0
5.574239750E1,-1.309472203E0,9.557232857E0,-1.853241086E0
5.574477593E1,-1.333400369E0,9.576375008E0,-1.891526341E0
5.574715364E1,-1.340578914E0,9.581160545E0,-1.884347796E0
5.574953135E1,-1.321436286E0,9.566803932E0,-1.896311998E0
5.575190979E1,-1.307079315E0,9.550054550E0,-1.903490424E0
5.575428822E1,-1.311864972E0,9.566803932E0,-1.898704767E0
5.575666593E1,-1.297508121E0,9.562018394E0,-1.877169371E0
5.575904364E1,-1.314257860E0,9.576375008E0,-1.872383714E0
5.576142208E1,-1.316650629E0,9.571589470E0,-1.881955028E0
5.576380052E1,-1.333400369E0,9.569196701E0,-1.855633974E0
5.576617823E1,-1.321436286E0,9.573982239E0,-1.881955028E0
5.576855593E1,-1.311864972E0,9.562018394E0,-1.874776483E0
5.577093437E1,-1.307079315E0,9.581160545E0,-1.869990945E0
5.577331281E1,-1.319043517E0,9.590732574E0,-1.858026743E0
5.577569052E1,-1.319043517E0,9.581160545E0,-1.874776483E0
5.577806823E1,-1.304686546E0,9.588339806E0,-1.879562140E0
5.578044666E1,-1.297508121E0,9.576375008E0,-1.855633974E0
5.578282510E1,-1.304686546E0,9.583553314E0,-1.872383714E0
5.578520281E1,-1.302293777E0,9.573982239E0,-1.891526341E0
5.578758052E1,-1.295115232E0,9.576375008E0,-1.869990945E0
5.578995895E1,-1.283151150E0,9.583553314E0,-1.891526341E0
5.579233739E1,-1.297508121E0,9.590732574E0,-1.886740685E0
5.579471510E1,-1.304686546E0,9.588339806E0,-1.872383714E0
5.579709281E1,-1.290329576E0,9.595518112E0,-1.860419631E0
5.579947125E1,-1.299900889E0,9.578767776E0,-1.874776483E0
5.580184968E1,-1.302293777E0,9.597910881E0,-1.877169371E0
5.580422739E1,-1.314257860E0,9.581160545E0,-1.858026743E0
5.580660510E1,-1.278365493E0,9.595518112E0,-1.848455548E0
5.580898354E1,-1.307079315E0,9.590732574E0,-1.846062660E0
5.581136198E1,-1.311864972E0,9.588339806E0,-1.846062660E0
5.581373968E1,-1.297508121E0,9.617053032E0,-1.877169371E0
5.581611739E1,-1.326221943E0,9.595518112E0,-1.865205288E0
5.581849583E1,-1.309472203E0,9.597910881E0,-1.858026743E0
5.582087427E1,-1.319043517E0,9.602696419E0,-1.872383714E0
5.582325198E1,-1.335793257E0,9.593125343E0,-1.872383714E0
5.582562968E1,-1.335793257E0,9.588339806E0,-1.862812400E0
5.582800812E1,-1.354935765E0,9.585947037E0,-1.855633974E0
5.583038656E1,-1.347757339E0,9.583553314E0,-1.848455548E0
5.583276427E1,-1.342971683E0,9.605089188E0,-1.850848317E0
5.583514198E1,-1.333400369E0,9.590732574E0,-1.822134495E0
5.583752041E1,-1.321436286E0,9.602696419E0,-1.824527264E0
5.583989890E1,-1.321436286E0,9.609874725E0,-1.829312921E0
5.584227656E1,-1.309472203E0,9.583553314E0,-1.826920033E0
5.584465427E1,-1.309472203E0,9.583553314E0,-1.802991867E0
5.584703270E1,-1.319043517E0,9.576375008E0,-1.843669891E0
5.584941114E1,-1.316650629E0,9.585947037E0,-1.846062660E0
5.585178885E1,-1.333400369E0,9.605089188E0,-1.846062660E0
5.585416656E1,-1.338186026E0,9.602696419E0,-1.838884234E0
5.585654500E1,-1.335793257E0,9.609874725E0,-1.843669891E0
5.585892349E1,-1.319043517E0,9.612267494E0,-1.817348838E0
5.586130114E1,-1.333400369E0,9.638588905E0,-1.858026743E0
5.586367885E1,-1.338186026E0,9.655338287E0,-1.879562140E0
5.586605729E1,-1.328614831E0,9.652945518E0,-1.893919110E0
5.586843578E1,-1.338186026E0,9.681659698E0,-1.908276081E0
5.587081343E1,-1.378864050E0,9.655338287E0,-1.932204247E0
5.587319114E1,-1.371685624E0,9.686445236E0,-1.946561217E0
5.587556958E1,-1.388435364E0,9.681659698E0,-1.963310957E0
5.587794802E1,-1.405185103E0,9.698409081E0,-1.944168448E0
5.588032573E1,-1.417149186E0,9.715159416E0,-1.953739643E0
5.588270343E1,-1.421934843E0,9.705587387E0,-1.977667928E0
5.588508187E1,-1.414756417E0,9.719944954E0,-1.982453585E0
5.588746036E1,-1.426720500E0,9.703194618E0,-1.968096614E0
5.588983802E1,-1.417149186E0,9.715159416E0,-1.956132531E0
5.589221573E1,-1.436291814E0,9.705587387E0,-1.972882271E0
5.589459416E1,-1.414756417E0,9.705587387E0,-1.941775560E0
5.589697265E1,-1.412363529E0,9.696016312E0,-1.922633052E0
5.589935031E1,-1.405185103E0,9.696016312E0,-1.920240164E0
5.590172802E1,-1.388435364E0,9.686445236E0,-1.932204247E0
5.590410645E1,-1.362114310E0,9.676874161E0,-1.898704767E0
5.590648494E1,-1.352542996E0,9.652945518E0,-1.893919110E0
5.590886260E1,-1.331007600E0,9.643374443E0,-1.872383714E0
5.591124031E1,-1.316650629E0,9.631410599E0,-1.869990945E0
5.591361874E1,-1.295115232E0,9.605089188E0,-1.838884234E0
5.591599724E1,-1.278365493E0,9.590732574E0,-1.824527264E0
5.591837489E1,-1.254437327E0,9.569196701E0,-1.802991867E0
5.592075260E1,-1.237687469E0,9.571589470E0,-1.774278045E0
5.592313104E1,-1.254437327E0,9.562018394E0,-1.750349760E0
5.592550953E1,-1.225723386E0,9.530911446E0,-1.733300924E0
5.592788718E1,-1.242473125E0,9.545269012E0,-1.702194214E0
5.593026489E1,-1.206580877E0,9.523733139E0,-1.711765528E0
5.593264333E1,-1.220937729E0,9.509376526E0,-1.680658817E0
5.593502182E1,-1.204187989E0,9.509376526E0,-1.668694735E0
5.593739948E1,-1.218544960E0,9.516554832E0,-1.695015788E0
5.593977718E1,-1.192223907E0,9.530911446E0,-1.680658817E0
5.594215562E1,-1.206580877E0,9.530911446E0,-1.666301847E0
5.594453411E1,-1.206580877E0,9.516554832E0,-1.697408557E0
5.594691177E1,-1.208973646E0,9.523733139E0,-1.723729610E0
5.594928948E1,-1.208973646E0,9.552447319E0,-1.733300924E0
5.595166791E1,-1.211366415E0,9.530911446E0,-1.776670814E0
5.595404640E1,-1.206580877E0,9.540482521E0,-1.786242127E0
5.595642406E1,-1.204187989E0,9.538089752E0,-1.814955950E0
5.595880177E1,-1.199402332E0,9.516554832E0,-1.791027784E0
5.596118020E1,-1.204187989E0,9.523733139E0,-1.817348838E0
5.596355869E1,-1.213759303E0,9.514162064E0,-1.838884234E0
5.596593635E1,-1.225723386E0,9.495018959E0,-1.846062660E0
5.596831406E1,-1.249651670E0,9.490233421E0,-1.858026743E0
5.597069250E1,-1.244866014E0,9.483055115E0,-1.869990945E0
5.597307099E1,-1.256830096E0,9.511769295E0,-1.889133453E0
5.597544864E1,-1.271187067E0,9.514162064E0,-1.891526341E0
5.597782635E1,-1.278365493E0,9.490233421E0,-1.874776483E0
5.598020479E1,-1.295115232E0,9.497411728E0,-1.891526341E0
5.598258328E1,-1.292722464E0,9.504590988E0,-1.889133453E0
5.598496093E1,-1.314257860E0,9.521340370E0,-1.884347796E0
5.598733864E1,-1.311864972E0,9.516554832E0,-1.925025821E0
5.598971708E1,-1.335793257E0,9.547661781E0,-1.932204247E0
5.599209557E1,-1.357328653E0,9.576375008E0,-1.941775560E0
5.599447322E1,-1.371685624E0,9.607481956E0,-1.941775560E0
5.599685093E1,-1.378864050E0,9.648159981E0,-1.951346874E0
5.599922937E1,-1.414756417E0,9.674481392E0,-1.965703845E0
5.600160786E1,-1.445863128E0,9.700801849E0,-1.987239242E0
5.600398552E1,-1.450648785E0,9.751050949E0,-2.001596212E0
5.600636322E1,-1.467398524E0,9.787242889E0,-2.008774519E0
5.600874166E1,-1.476969719E0,9.813564301E0,-2.001596212E0
5.601112015E1,-1.496112347E0,9.803992271E0,-2.003988981E0
5.601349781E1,-1.486541033E0,9.837491989E0,-2.023131609E0
5.601587552E1,-1.493719578E0,9.820742607E0,-2.008774519E0
5.601825395E1,-1.520040631E0,9.815957069E0,-2.003988981E0
5.602063244E1,-1.529611826E0,9.818349838E0,-1.984846354E0
5.602301010E1,-1.563111424E0,9.820742607E0,-2.008774519E0
5.602538781E1,-1.543968797E0,9.811170578E0,-2.006381750E0
5.602776624E1,-1.570289850E0,9.799206734E0,-1.999203324E0
5.603014474E1,-1.560718536E0,9.755837440E0,-1.970489502E0
5.603252239E1,-1.546361685E0,9.734301567E0,-1.939382792E0
5.603490010E1,-1.520040631E0,9.652945518E0,-1.891526341E0
5.603727854E1,-1.462612867E0,9.588339806E0,-1.822134495E0
5.603965703E1,-1.405185103E0,9.518947601E0,-1.735693693E0
5.604203468E1,-1.350150228E0,9.439984322E0,-1.659123421E0
5.604441239E1,-1.278365493E0,9.372985840E0,-1.544267893E0
5.604679083E1,-1.244866014E0,9.327521324E0,-1.441376567E0
5.604916932E1,-1.211366415E0,9.267701149E0,-1.360020518E0
5.605154698E1,-1.146760225E0,9.215059280E0,-1.269093275E0
5.605392468E1,-1.125224829E0,9.171689034E0,-1.211665511E0
5.605630312E1,-1.106082320E0,9.140582085E0,-1.146760225E0
5.605868161E1,-1.048355460E0,9.087940216E0,-1.036690354E0
5.606105927E1,-9.813563824E-1,9.068798065E0,-1.000798106E0
5.606343698E1,-8.904291391E-1,9.047262192E0,-9.529415965E-1
5.606581541E1,-8.473583460E-1,9.042476654E0,-9.577272534E-1
5.606819390E1,-8.210372925E-1,9.047262192E0,-9.529415965E-1
5.607057156E1,-8.018946648E-1,9.052047729E0,-9.409775138E-1
5.607294927E1,-7.516453862E-1,9.071190834E0,-9.194421172E-1
5.607532770E1,-7.253243923E-1,9.116654396E0,-9.577272534E-1
5.607770619E1,-7.181459069E-1,9.109476089E0,-9.720842242E-1
5.608008385E1,-7.181459069E-1,9.140582085E0,-1.024726272E0
5.608246156E1,-6.942176819E-1,9.188439369E0,-1.122832060E0
5.608484000E1,-6.870391965E-1,9.212666512E0,-1.163509965E0
5.608721848E1,-7.037889361E-1,9.272486687E0,-1.264307618E0
5.608959619E1,-7.229315639E-1,9.332307816E0,-1.369591832E0
5.609197385E1,-7.133602500E-1,9.423234940E0,-1.458126307E0
5.609435229E1,-7.683951855E-1,9.495018959E0,-1.515554070E0
5.609673078E1,-7.947162390E-1,9.571589470E0,-1.580160260E0
5.609910848E1,-8.401798606E-1,9.640981674E0,-1.659123421E0
5.610148619E1,-8.880363107E-1,9.693623543E0,-1.711765528E0
5.610386463E1,-8.928219676E-1,9.782457352E0,-1.771885157E0
5.610624307E1,-9.526425004E-1,9.839884758E0,-1.826920033E0
5.610862078E1,-1.010070205E0,9.897313118E0,-1.860419631E0
5.611099848E1,-1.024427176E0,9.964311600E0,-1.886740685E0
5.611337692E1,-1.079761267E0,9.973882675E0,-1.913061738E0
5.611575536E1,-1.127617717E0,1.002413273E1,-1.925025821E0
5.611813307E1,-1.144367456E0,1.004566765E1,-1.903490424E0
5.612051078E1,-1.173081279E0,1.008873844E1,-1.944168448E0
5.612288921E1,-1.187438250E0,1.010788059E1,-1.913061738E0
5.612526765E1,-1.225723386E0,1.011984539E1,-1.901097536E0
5.612764536E1,-1.264008522E0,1.013420200E1,-1.898704767E0
5.613002307E1,-1.309472203E0,1.014855862E1,-1.881955028E0
5.613240151E1,-1.347757339E0,1.016291618E1,-1.853241086E0
5.613478000E1,-1.405185103E0,1.016770172E1,-1.855633974E0
5.613715765E1,-1.445863128E0,1.017248726E1,-1.881955028E0
5.613953536E1,-1.498505235E0,1.017009449E1,-1.838884234E0
5.614191333E1,-1.539183140E0,1.016770172E1,-1.860419631E0
5.614429119E1,-1.618146300E0,1.017966557E1,-1.901097536E0
5.614666906E1,-1.651944876E0,1.014138031E1,-1.898704767E0
5.614904692E1,-1.690230131E0,1.012223816E1,-1.929811478E0
5.615142479E1,-1.714158297E0,1.011505985E1,-1.958525300E0
5.615380265E1,-1.721336842E0,1.008634567E1,-1.972882271E0
5.615618125E1,-1.793121457E0,1.005763149E1,-2.003988981E0
5.615855994E1,-1.855334878E0,1.002891827E1,-2.020738840E0
5.616093838E1,-1.862513304E0,1.004566765E1,-2.039881229E0
5.616331687E1,-1.884048700E0,1.002413273E1,-2.063809633E0
5.616569453E1,-1.905584097E0,1.002891827E1,-2.152343988E0
5.616807224E1,-1.903191328E0,1.006480980E1,-2.195414782E0
5.617045067E1,-1.967797518E0,1.007677460E1,-2.315355062E0
5.617282916E1,-2.032403708E0,1.012941647E1,-2.420639277E0
5.617520682E1,-2.061117649E0,1.012941647E1,-2.511566401E0
5.617758453E1,-2.077867270E0,1.013420200E1,-2.624029160E0
5.617996296E1,-2.089831591E0,1.010548782E1,-2.707777977E0
5.618234145E1,-2.092224360E0,1.005284595E1,-2.762812853E0
5.618471911E1,-2.108973980E0,9.964311600E0,-2.820240498E0
5.618709682E1,-2.137687922E0,9.863813400E0,-2.805883646E0
5.618947526E1,-2.142473459E0,9.751050949E0,-2.724527597E0
5.619185374E1,-2.123331070E0,9.600303650E0,-2.688635349E0
5.619423140E1,-2.087438583E0,9.444769859E0,-2.600100994E0
5.619660911E1,-2.061117649E0,9.301200867E0,-2.468495607E0
5.619898755E1,-2.020439625E0,9.152546883E0,-2.344068766E0
5.620136604E1,-1.953440547E0,9.016156197E0,-2.204986095E0
5.620374369E1,-1.919941068E0,8.908478737E0,-2.092523336E0
5.620612140E1,-1.881655931E0,8.796015739E0,-1.968096614E0
5.620849984E1,-1.802692771E0,8.724231720E0,-1.819741607E0
5.621087833E1,-1.747657895E0,8.657232285E0,-1.687837243E0
5.621325598E1,-1.683051586E0,8.616254807E0,-1.611266971E0
5.621563369E1,-1.601396561E0,8.609076500E0,-1.510768414E0
5.621801213E1,-1.546361685E0,8.633005142E0,-1.388734460E0
5.622039062E1,-1.508076429E0,8.676374435E0,-1.328913927E0
5.622276828E1,-1.453041553E0,8.729017258E0,-1.278664589E0
5.622514599E1,-1.393221021E0,8.793622971E0,-1.271486163E0
5.622752442E1,-1.350150228E0,8.891729355E0,-1.269093275E0
5.622990291E1,-1.275972724E0,8.953942299E0,-1.266700506E0
5.623228057E1,-1.247258782E0,9.097511292E0,-1.273878932E0
5.623465828E1,-1.187438250E0,9.186046600E0,-1.314556956E0
5.623703671E1,-1.151545882E0,9.284450531E0,-1.376770377E0
5.623941520E1,-1.094118118E0,9.387342453E0,-1.422233939E0
5.624179291E1,-1.072582722E0,9.478269577E0,-1.496411443E0
5.624417062E1,-1.029212832E0,9.566803932E0,-1.561017632E0
5.624654906E1,-1.012463093E0,9.638588905E0,-1.632802367E0
5.624892750E1,-9.909276962E-1,9.679266930E0,-1.687837243E0
5.625130520E1,-9.837492108E-1,9.746265411E0,-1.810170293E0
5.625368291E1,-9.981061220E-1,9.780064583E0,-1.884347796E0
5.625606135E1,-1.012463093E0,9.827920914E0,-1.963310957E0
5.625843979E1,-1.065105200E0,9.849455833E0,-2.013560295E0
5.626081750E1,-1.098903775E0,9.878170013E0,-2.087737799E0
5.626319520E1,-1.149153113E0,9.906884193E0,-2.145165443E0
5.626557364E1,-1.211366415E0,9.882955551E0,-2.149951220E0
5.626795208E1,-1.218544960E0,9.882955551E0,-2.154736757E0
5.627032979E1,-1.240080357E0,9.892526627E0,-2.166700840E0
5.627270750E1,-1.254437327E0,9.890133858E0,-2.142772675E0
5.627508593E1,-1.314257860E0,9.844670296E0,-2.109273195E0
5.627746442E1,-1.335793257E0,9.835099220E0,-2.087737799E0
5.627984208E1,-1.378864050E0,9.808777809E0,-2.056631088E0
5.628221979E1,-1.402792215E0,9.751050949E0,-2.030309916E0
5.628459822E1,-1.431506157E0,9.712766647E0,-1.989632010E0
5.628697671E1,-1.414756417E0,9.664909363E0,-1.987239242E0
5.628935437E1,-1.443470240E0,9.648159981E0,-1.929811478E0
5.629173208E1,-1.436291814E0,9.629017830E0,-1.932204247E0
5.629411052E1,-1.457827210E0,9.605089188E0,-1.889133453E0
5.629648901E1,-1.486541033E0,9.593125343E0,-1.896311998E0
5.629886666E1,-1.498505235E0,9.600303650E0,-1.884347796E0
5.630124437E1,-1.491326690E0,9.590732574E0,-1.893919110E0
5.630362281E1,-1.503290772E0,9.593125343E0,-1.869990945E0
5.630600130E1,-1.510469317E0,9.573982239E0,-1.891526341E0
5.630837895E1,-1.510469317E0,9.573982239E0,-1.903490424E0
5.631075666E1,-1.527219057E0,9.595518112E0,-1.903490424E0
5.631313510E1,-1.529611826E0,9.607481956E0,-1.917847395E0
5.631551359E1,-1.520040631E0,9.617053032E0,-1.936989903E0
5.631789125E1,-1.584646821E0,9.617053032E0,-1.984846354E0
5.632026895E1,-1.572682738E0,9.617053032E0,-2.006381750E0
5.632264739E1,-1.575075507E0,9.609874725E0,-2.035095692E0
5.632502588E1,-1.584646821E0,9.638588905E0,-2.078166485E0
5.632740354E1,-1.577468276E0,9.593125343E0,-2.106880426E0
5.632978125E1,-1.572682738E0,9.633803368E0,-2.161915302E0
5.633215968E1,-1.587039590E0,9.638588905E0,-2.245664120E0
5.633453817E1,-1.599003673E0,9.638588905E0,-2.295913219E0
5.633691583E1,-1.615753531E0,9.652945518E0,-2.356033087E0
5.633929354E1,-1.630409479E0,9.660123825E0,-2.430210590E0
5.634167198E1,-1.639980793E0,9.676874161E0,-2.525923491E0
5.634405046E1,-1.632802367E0,9.633803368E0,-2.595315218E0
5.634642812E1,-1.632802367E0,9.621838570E0,-2.652743101E0
5.634880583E1,-1.625324726E0,9.600303650E0,-2.645564556E0
5.635118427E1,-1.603789330E0,9.554840088E0,-2.631207705E0
5.635356276E1,-1.591825247E0,9.478269577E0,-2.614457846E0
5.635594041E1,-1.587039590E0,9.428020477E0,-2.564208508E0
5.635831812E1,-1.563111424E0,9.339486122E0,-2.509173632E0
5.636069656E1,-1.541576028E0,9.246166229E0,-2.399103880E0
5.636307505E1,-1.522433400E0,9.181260109E0,-2.305484533E0
5.636545276E1,-1.493719578E0,9.104690552E0,-2.190629244E0
5.636783041E1,-1.445863128E0,9.011369705E0,-2.049452543E0
5.637020885E1,-1.453041553E0,8.982656479E0,-1.925025821E0
5.637258734E1,-1.407577872E0,8.949156761E0,-1.795813441E0
5.637496505E1,-1.366899967E0,8.903693199E0,-1.661516190E0
5.637734276E1,-1.311864972E0,8.889336586E0,-1.539482236E0
5.637972119E1,-1.225723386E0,8.870193481E0,-1.436590910E0
5.638209963E1,-1.175474167E0,8.867800713E0,-1.333699465E0
5.638447734E1,-1.132403374E0,8.906085968E0,-1.252343535E0
5.638685505E1,-1.108475089E0,8.891729355E0,-1.182652593E0
5.638923349E1,-1.014855862E0,8.939585686E0,-1.125224829E0
5.639161198E1,-9.574281573E-1,9.035298347E0,-1.082154036E0
5.639398963E1,-9.167501926E-1,9.116654396E0,-1.036690354E0
5.639636734E1,-8.521439433E-1,9.222237587E0,-1.065404296E0
5.639874578E1,-8.306085467E-1,9.341878891E0,-1.063011408E0
5.640112427E1,-8.449655175E-1,9.473484039E0,-1.132403374E0
5.640350192E1,-8.425726891E-1,9.566803932E0,-1.177866936E0
5.640587963E1,-8.377870321E-1,9.693623543E0,-1.266700506E0
5.640825807E1,-8.545367718E-1,9.801599503E0,-1.381555915E0
5.641063656E1,-8.665009141E-1,9.885348320E0,-1.453340650E0
5.641301421E1,-8.688937426E-1,9.961918831E0,-1.561017632E0
5.641539192E1,-9.143573642E-1,1.003131104E1,-1.616052628E0
5.641777036E1,-9.598209858E-1,1.006720352E1,-1.738086581E0
5.642014885E1,-1.031605721E0,1.008395290E1,-1.836491346E0
5.642252651E1,-1.091725349E0,1.009113121E1,-1.908276081E0
5.642490421E1,-1.130010486E0,1.006959629E1,-1.958525300E0
5.642728265E1,-1.177866936E0,1.007916737E1,-2.008774519E0
5.642966114E1,-1.244866014E0,1.003131104E1,-2.006381750E0
5.643203880E1,-1.302293777E0,1.000498962E1,-2.003988981E0
5.643441651E1,-1.345364571E0,9.978668213E0,-2.051845312E0
5.643679494E1,-1.371685624E0,9.940383911E0,-2.008774519E0
5.643917343E1,-1.421934843E0,9.916455269E0,-1.987239242E0
5.644155109E1,-1.455434322E0,9.856635094E0,-1.980060697E0
5.644392880E1,-1.476969719E0,9.799206734E0,-1.953739643E0
5.644630724E1,-1.488933921E0,9.763015747E0,-1.922633052E0
5.644868573E1,-1.517647743E0,9.700801849E0,-1.877169371E0
5.645106338E1,-1.517647743E0,9.672088623E0,-1.826920033E0
5.645344109E1,-1.534397483E0,9.633803368E0,-1.817348838E0
5.645581958E1,-1.541576028E0,9.602696419E0,-1.802991867E0
5.645819802E1,-1.534397483E0,9.595518112E0,-1.721336842E0
5.646057573E1,-1.522433400E0,9.526125908E0,-1.706979871E0
5.646295343E1,-1.508076429E0,9.509376526E0,-1.702194214E0
5.646533187E1,-1.481755376E0,9.466305733E0,-1.637588024E0
5.646771031E1,-1.469791293E0,9.444769859E0,-1.630409479E0
5.647008802E1,-1.443470240E0,9.428020477E0,-1.596910000E0
5.647246573E1,-1.433898926E0,9.420842171E0,-1.549053550E0
5.647484416E1,-1.412363529E0,9.382556915E0,-1.522732496E0
5.647722265E1,-1.400399446E0,9.387342453E0,-1.532303810E0
5.647960031E1,-1.378864050E0,9.372985840E0,-1.517946839E0
5.648197802E1,-1.376471281E0,9.363413811E0,-1.525125384E0
5.648435645E1,-1.359721422E0,9.396913528E0,-1.553839207E0
5.648673494E1,-1.359721422E0,9.396913528E0,-1.601695657E0
5.648911260E1,-1.347757339E0,9.418449402E0,-1.599302888E0
5.649149031E1,-1.326221943E0,9.444769859E0,-1.635195136E0
5.649386874E1,-1.321436286E0,9.478269577E0,-1.697408557E0
5.649624724E1,-1.347757339E0,9.499805450E0,-1.752742529E0
5.649862489E1,-1.354935765E0,9.540482521E0,-1.807777524E0
5.650100260E1,-1.331007600E0,9.621838570E0,-1.841277003E0
5.650338104E1,-1.364507079E0,9.660123825E0,-1.865205288E0
5.650575953E1,-1.354935765E0,9.703194618E0,-1.915454507E0
5.650813718E1,-1.357328653E0,9.722337723E0,-1.953739643E0
5.651051489E1,-1.388435364E0,9.775279045E0,-2.013560295E0
5.651289333E1,-1.383649707E0,9.811170578E0,-2.061416626E0
5.651527182E1,-1.374078393E0,9.832706451E0,-2.078166485E0
5.651764948E1,-1.388435364E0,9.854242325E0,-2.133201361E0
5.652002718E1,-1.398006678E0,9.847063065E0,-2.130808592E0
5.652240562E1,-1.405185103E0,9.885348320E0,-2.178664923E0
5.652478411E1,-1.419542074E0,9.894919395E0,-2.190629244E0
5.652716177E1,-1.424327731E0,9.904491425E0,-2.204986095E0
5.652953948E1,-1.414756417E0,9.926026344E0,-2.231307030E0
5.653191791E1,-1.414756417E0,9.918848038E0,-2.250449657E0
5.653429640E1,-1.433898926E0,9.945169449E0,-2.224128723E0
5.653667406E1,-1.429113269E0,9.926026344E0,-2.204986095E0
5.653905177E1,-1.445863128E0,9.935597420E0,-2.209771633E0
5.654143020E1,-1.438684583E0,9.957133293E0,-2.195414782E0
5.654380869E1,-1.433898926E0,9.961918831E0,-2.185843468E0
5.654618640E1,-1.433898926E0,9.964311600E0,-2.181057930E0
5.654856411E1,-1.441077471E0,9.957133293E0,-2.147558212E0
5.655094255E1,-1.460219979E0,9.940383911E0,-2.135594130E0
5.655332099E1,-1.467398524E0,9.906884193E0,-2.111665964E0
5.655569869E1,-1.479362607E0,9.880562782E0,-2.094916344E0
5.655807640E1,-1.476969719E0,9.839884758E0,-2.051845312E0
5.656045484E1,-1.460219979E0,9.803992271E0,-2.047059774E0
5.656283328E1,-1.462612867E0,9.763015747E0,-2.020738840E0
5.656521098E1,-1.448255897E0,9.724730492E0,-2.006381750E0
5.656758869E1,-1.448255897E0,9.700801849E0,-1.989632010E0
5.656996713E1,-1.465005636E0,9.631410599E0,-1.951346874E0
5.657234562E1,-1.453041553E0,9.612267494E0,-1.939382792E0
5.657472328E1,-1.431506157E0,9.578767776E0,-1.913061738E0
5.657710098E1,-1.424327731E0,9.554840088E0,-1.913061738E0
5.657947942E1,-1.419542074E0,9.538089752E0,-1.908276081E0
5.658185791E1,-1.405185103E0,9.514162064E0,-1.917847395E0
5.658423557E1,-1.402792215E0,9.490233421E0,-1.913061738E0
5.658661328E1,-1.424327731E0,9.471091270E0,-1.920240164E0
5.658899171E1,-1.421934843E0,9.461520195E0,-1.956132531E0
5.659137020E1,-1.419542074E0,9.449555397E0,-1.980060697E0
5.659374786E1,-1.388435364E0,9.430413246E0,-1.987239242E0
5.659612557E1,-1.383649707E0,9.396913528E0,-2.008774519E0
5.659850401E1,-1.352542996E0,9.356235504E0,-2.025524378E0
5.660088250E1,-1.345364571E0,9.329915047E0,-2.027917147E0
5.660326015E1,-1.338186026E0,9.270093918E0,-2.049452543E0
5.660563786E1,-1.338186026E0,9.282057762E0,-2.049452543E0
5.660801630E1,-1.326221943E0,9.231808662E0,-2.025524378E0
5.661039479E1,-1.328614831E0,9.198010445E0,-1.987239242E0
5.661277244E1,-1.335793257E0,9.157332420E0,-1.948953986E0
5.661515015E1,-1.307079315E0,9.135796547E0,-1.905883193E0
5.661752859E1,-1.292722464E0,9.150154114E0,-1.886740685E0
5.661990708E1,-1.278365493E0,9.131011009E0,-1.858026743E0
5.662228479E1,-1.266401410E0,9.099904060E0,-1.802991867E0
5.662466250E1,-1.261615753E0,9.111868858E0,-1.752742529E0
5.662704093E1,-1.232901812E0,9.142974854E0,-1.730908036E0
5.662941937E1,-1.261615753E0,9.174081802E0,-1.716551185E0
5.663179708E1,-1.259222865E0,9.178867340E0,-1.675873160E0
5.663417479E1,-1.218544960E0,9.229415894E0,-1.666301847E0
5.663655322E1,-1.223330617E0,9.231808662E0,-1.639980793E0
5.663893171E1,-1.201795220E0,9.291629791E0,-1.644766450E0
5.664130937E1,-1.197009563E0,9.337093353E0,-1.642373681E0
5.664368708E1,-1.204187989E0,9.389735222E0,-1.654337764E0
5.664606552E1,-1.170688510E0,9.454340935E0,-1.637588024E0
5.664844401E1,-1.149153113E0,9.487840652E0,-1.601695657E0
5.665082166E1,-1.180259824E0,9.516554832E0,-1.668694735E0
5.665319937E1,-1.232901812E0,9.566803932E0,-1.692622900E0
5.665557781E1,-1.297508121E0,9.633803368E0,-1.721336842E0
5.665795630E1,-1.230509043E0,9.734301567E0,-1.709372640E0
5.666033395E1,-1.175474167E0,9.767801285E0,-1.704586983E0
5.666271166E1,-1.187438250E0,9.799206734E0,-1.759921074E0
5.666509010E1,-1.230509043E0,9.827920914E0,-1.779063582E0
5.666746859E1,-1.273579836E0,9.837491989E0,-1.805384636E0
5.666984624E1,-1.264008522E0,9.844670296E0,-1.826920033E0
5.667222395E1,-1.275972724E0,9.856635094E0,-1.819741607E0
5.667460239E1,-1.264008522E0,9.890133858E0,-1.843669891E0
5.667698088E1,-1.252044439E0,9.854242325E0,-1.846062660E0
5.667935854E1,-1.268794179E0,9.847063065E0,-1.867598057E0
5.668173624E1,-1.266401410E0,9.847063065E0,-1.879562140E0
5.668411468E1,-1.271187067E0,9.796813965E0,-1.891526341E0
5.668649317E1,-1.254437327E0,9.772586823E0,-1.874776483E0
5.668887083E1,-1.261615753E0,9.741479874E0,-1.884347796E0
5.669124854E1,-1.268794179E0,9.698409081E0,-1.886740685E0
5.669362698E1,-1.261615753E0,9.667302132E0,-1.872383714E0
5.669600546E1,-1.285543919E0,9.667302132E0,-1.865205288E0
5.669838317E1,-1.287936807E0,9.624231339E0,-1.869990945E0
5.670076088E1,-1.287936807E0,9.621838570E0,-1.860419631E0
5.670313932E1,-1.283151150E0,9.593125343E0,-1.838884234E0
5.670551776E1,-1.304686546E0,9.588339806E0,-1.848455548E0
5.670789546E1,-1.295115232E0,9.569196701E0,-1.846062660E0
5.671027317E1,-1.307079315E0,9.573982239E0,-1.838884234E0
5.671265161E1,-1.338186026E0,9.566803932E0,-1.843669891E0
5.671503010E1,-1.338186026E0,9.581160545E0,-1.860419631E0
5.671740776E1,-1.352542996E0,9.590732574E0,-1.867598057E0
5.671978546E1,-1.381256819E0,9.576375008E0,-1.869990945E0
5.672216390E1,-1.386042476E0,9.583553314E0,-1.874776483E0
5.672454239E1,-1.386042476E0,9.576375008E0,-1.901097536E0
5.672692005E1,-1.395613790E0,9.581160545E0,-1.917847395E0
5.672929776E1,-1.395613790E0,9.578767776E0,-1.922633052E0
5.673167619E1,-1.407577872E0,9.566803932E0,-1.936989903E0
5.673405468E1,-1.412363529E0,9.550054550E0,-1.936989903E0
5.673643234E1,-1.421934843E0,9.559625626E0,-1.941775560E0
5.673881005E1,-1.381256819E0,9.573982239E0,-1.941775560E0
5.674118848E1,-1.388435364E0,9.578767776E0,-1.939382792E0
5.674356698E1,-1.409970760E0,9.581160545E0,-1.963310957E0
5.674594463E1,-1.371685624E0,9.566803932E0,-1.953739643E0
5.674832234E1,-1.409970760E0,9.585947037E0,-1.948953986E0
5.675070078E1,-1.419542074E0,9.585947037E0,-1.975275040E0
5.675307927E1,-1.405185103E0,9.602696419E0,-1.987239242E0
5.675545692E1,-1.393221021E0,9.629017830E0,-2.023131609E0
5.675783463E1,-1.390828133E0,9.636196136E0,-2.047059774E0
5.676021307E1,-1.424327731E0,9.631410599E0,-2.070987940E0
5.676259156E1,-1.421934843E0,9.638588905E0,-2.109273195E0
5.676496927E1,-1.419542074E0,9.657731056E0,-2.097309113E0
5.676734698E1,-1.405185103E0,9.676874161E0,-2.118844509E0
5.676972541E1,-1.393221021E0,9.676874161E0,-2.128415823E0
5.677210385E1,-1.390828133E0,9.691230774E0,-2.147558212E0
5.677448156E1,-1.376471281E0,9.684052467E0,-2.161915302E0
5.677685927E1,-1.393221021E0,9.691230774E0,-2.166700840E0
5.677923770E1,-1.390828133E0,9.688838005E0,-2.169093609E0
5.678161619E1,-1.390828133E0,9.684052467E0,-2.171486616E0
5.678399385E1,-1.362114310E0,9.681659698E0,-2.142772675E0
5.678637156E1,-1.364507079E0,9.669695854E0,-2.135594130E0
5.678875000E1,-1.333400369E0,9.638588905E0,-2.126022816E0
5.679112848E1,-1.304686546E0,9.650552750E0,-2.123630047E0
5.679350614E1,-1.273579836E0,9.633803368E0,-2.106880426E0
5.679588385E1,-1.273579836E0,9.609874725E0,-2.073380709E0
5.679826229E1,-1.228116274E0,9.593125343E0,-2.042274237E0
5.680064078E1,-1.223330617E0,9.557232857E0,-1.987239242E0
5.680301843E1,-1.216152072E0,9.545269012E0,-1.968096614E0
5.680539614E1,-1.187438250E0,9.547661781E0,-1.915454507E0
5.680777458E1,-1.161117196E0,9.533304214E0,-1.889133453E0
5.681015307E1,-1.130010486E0,9.511769295E0,-1.848455548E0
5.681253072E1,-1.130010486E0,9.511769295E0,-1.795813441E0
5.681490843E1,-1.101296663E0,9.502198219E0,-1.783849239E0
5.681728687E1,-1.101296663E0,9.495018959E0,-1.776670814E0
5.681966536E1,-1.084546804E0,9.506983757E0,-1.774278045E0
5.682204302E1,-1.067797065E0,9.497411728E0,-1.745265007E0
5.682442072E1,-1.079761267E0,9.504590988E0,-1.752742529E0
5.682679921E1,-1.060319543E0,9.511769295E0,-1.750349760E0
5.682917765E1,-1.060319543E0,9.516554832E0,-1.747956991E0
5.683155536E1,-1.050748229E0,9.533304214E0,-1.767099500E0
5.683393307E1,-1.065105200E0,9.550054550E0,-1.759921074E0
5.683631151E1,-1.065105200E0,9.557232857E0,-1.793420553E0
5.683868994E1,-1.070189953E0,9.562018394E0,-1.798206210E0
5.684106765E1,-1.043569803E0,9.578767776E0,-1.805384636E0
5.684344536E1,-1.050748229E0,9.607481956E0,-1.822134495E0
5.684582380E1,-1.070189953E0,9.617053032E0,-1.846062660E0
5.684820229E1,-1.074975610E0,9.638588905E0,-1.860419631E0
5.685057994E1,-1.077368379E0,9.607481956E0,-1.881955028E0
5.685295765E1,-1.070189953E0,9.595518112E0,-1.896311998E0
5.685533609E1,-1.062712312E0,9.588339806E0,-1.922633052E0
5.685771458E1,-1.096511006E0,9.585947037E0,-1.922633052E0
5.686009224E1,-1.091725349E0,9.569196701E0,-1.934597135E0
5.686246994E1,-1.106082320E0,9.576375008E0,-1.972882271E0
5.686484838E1,-1.122832060E0,9.540482521E0,-1.977667928E0
5.686722687E1,-1.130010486E0,9.523733139E0,-1.994417667E0
5.686960453E1,-1.130010486E0,9.514162064E0,-1.994417667E0
5.687198224E1,-1.153938770E0,9.466305733E0,-1.968096614E0
5.687436067E1,-1.149153113E0,9.461520195E0,-1.999203324E0
5.687673916E1,-1.137188911E0,9.456734657E0,-1.989632010E0
5.687911682E1,-1.149153113E0,9.466305733E0,-1.994417667E0
5.688149453E1,-1.151545882E0,9.461520195E0,-1.982453585E0
5.688387296E1,-1.182652593E0,9.475876808E0,-1.958525300E0
5.688625145E1,-1.177866936E0,9.485447884E0,-1.953739643E0
5.688862916E1,-1.170688510E0,9.526125908E0,-1.948953986E0
5.689100687E1,-1.189831018E0,9.518947601E0,-1.956132531E0
5.689338531E1,-1.158724308E0,9.569196701E0,-1.975275040E0
5.689576375E1,-1.180259824E0,9.609874725E0,-1.970489502E0
5.689814145E1,-1.208973646E0,9.664909363E0,-1.980060697E0
5.690051916E1,-1.240080357E0,9.676874161E0,-1.953739643E0
5.690289760E1,-1.311864972E0,9.705587387E0,-2.070987940E0
5.690527609E1,-1.390828133E0,9.698409081E0,-2.097309113E0
5.690765375E1,-1.366899967E0,9.691230774E0,-2.037488461E0
5.691003145E1,-1.264008522E0,9.710372925E0,-2.030309916E0
5.691240989E1,-1.201795220E0,9.751050949E0,-2.037488461E0
5.691478838E1,-1.223330617E0,9.748658180E0,-2.063809633E0
5.691716604E1,-1.275972724E0,9.710372925E0,-2.087737799E0
5.691954375E1,-1.311864972E0,9.707980156E0,-2.109273195E0
5.692192218E1,-1.364507079E0,9.696016312E0,-2.102094650E0
5.692430067E1,-1.412363529E0,9.664909363E0,-2.118844509E0
5.692667833E1,-1.457827210E0,9.645767212E0,-2.149951220E0
5.692905604E1,-1.467398524E0,9.667302132E0,-2.185843468E0
5.693143448E1,-1.503290772E0,9.614660263E0,-2.195414782E0
5.693381296E1,-1.503290772E0,9.624231339E0,-2.219342947E0
5.693619062E1,-1.546361685E0,9.612267494E0,-2.219342947E0
5.693856833E1,-1.563111424E0,9.590732574E0,-2.216950178E0
5.694094677E1,-1.575075507E0,9.566803932E0,-2.204986095E0
5.694332526E1,-1.582253933E0,9.554840088E0,-2.202593327E0
5.694570296E1,-1.596610904E0,9.514162064E0,-2.178664923E0
5.694808062E1,-1.539183140E0,9.530911446E0,-2.169093609E0
5.695045906E1,-1.553540111E0,9.504590988E0,-2.188236237E0
5.695283755E1,-1.628016710E0,9.480662346E0,-2.126022816E0
5.695521526E1,-1.579861164E0,9.497411728E0,-2.063809633E0
5.695759296E1,-1.536790371E0,9.499805450E0,-2.032702923E0
5.695997140E1,-1.510469317E0,9.511769295E0,-2.056631088E0
5.696234989E1,-1.500898004E0,9.497411728E0,-2.056631088E0
5.696472755E1,-1.474576950E0,9.528518677E0,-2.042274237E0
5.696710526E1,-1.469791293E0,9.523733139E0,-2.023131609E0
5.696948369E1,-1.455434322E0,9.559625626E0,-2.006381750E0
5.697186218E1,-1.441077471E0,9.530911446E0,-2.013560295E0
5.697423984E1,-1.424327731E0,9.538089752E0,-1.989632010E0
5.697661755E1,-1.431506157E0,9.547661781E0,-1.975275040E0
5.697899599E1,-1.398006678E0,9.533304214E0,-1.989632010E0
5.698137448E1,-1.383649707E0,9.554840088E0,-1.980060697E0
5.698375213E1,-1.359721422E0,9.538089752E0,-1.932204247E0
5.698612984E1,-1.369292736E0,9.557232857E0,-1.939382792E0
5.698850828E1,-1.364507079E0,9.542876244E0,-1.915454507E0
5.699088677E1,-1.338186026E0,9.552447319E0,-1.905883193E0
5.699326442E1,-1.311864972E0,9.564411163E0,-1.934597135E0
5.699564213E1,-1.321436286E0,9.552447319E0,-1.932204247E0
5.699802057E1,-1.299900889E0,9.533304214E0,-1.922633052E0
5.700039906E1,-1.268794179E0,9.526125908E0,-1.910668850E0
5.700277677E1,-1.252044439E0,9.569196701E0,-1.922633052E0
5.700515448E1,-1.266401410E0,9.535696983E0,-1.917847395E0
5.700753291E1,-1.261615753E0,9.516554832E0,-1.934597135E0
5.700991140E1,-1.271187067E0,9.523733139E0,-1.920240164E0
5.701228906E1,-1.268794179E0,9.511769295E0,-1.903490424E0
5.701466677E1,-1.237687469E0,9.475876808E0,-1.932204247E0
5.701704520E1,-1.218544960E0,9.487840652E0,-1.922633052E0
5.701942369E1,-1.235294700E0,9.499805450E0,-1.901097536E0
5.702180135E1,-1.211366415E0,9.504590988E0,-1.896311998E0
5.702417906E1,-1.223330617E0,9.509376526E0,-1.915454507E0
5.702655750E1,-1.235294700E0,9.504590988E0,-1.915454507E0
5.702893599E1,-1.230509043E0,9.490233421E0,-1.905883193E0
5.703131364E1,-1.237687469E0,9.490233421E0,-1.934597135E0
5.703369135E1,-1.259222865E0,9.509376526E0,-1.905883193E0
5.703606979E1,-1.254437327E0,9.499805450E0,-1.903490424E0
5.703844828E1,-1.278365493E0,9.521340370E0,-1.929811478E0
5.704082593E1,-1.285543919E0,9.523733139E0,-1.913061738E0
5.704320364E1,-1.311864972E0,9.518947601E0,-1.927418590E0
5.704558208E1,-1.302293777E0,9.540482521E0,-1.932204247E0
5.704796057E1,-1.331007600E0,9.578767776E0,-1.932204247E0
5.705033823E1,-1.331007600E0,9.571589470E0,-1.934597135E0
5.705271593E1,-1.342971683E0,9.585947037E0,-1.951346874E0
5.705509442E1,-1.350150228E0,9.600303650E0,-1.944168448E0
5.705747291E1,-1.350150228E0,9.612267494E0,-1.946561217E0
5.705985057E1,-1.345364571E0,9.619445801E0,-1.929811478E0
5.706222828E1,-1.357328653E0,9.624231339E0,-1.917847395E0
5.706460671E1,-1.386042476E0,9.636196136E0,-1.896311998E0
5.706698520E1,-1.400399446E0,9.612267494E0,-1.934597135E0
5.706936286E1,-1.398006678E0,9.655338287E0,-1.929811478E0
5.707174057E1,-1.386042476E0,9.664909363E0,-1.922633052E0
5.707411901E1,-1.412363529E0,9.669695854E0,-1.908276081E0
5.707649750E1,-1.414756417E0,9.674481392E0,-1.925025821E0
5.707887515E1,-1.412363529E0,9.674481392E0,-1.922633052E0
5.708125286E1,-1.419542074E0,9.674481392E0,-1.948953986E0
5.708363130E1,-1.426720500E0,9.688838005E0,-1.941775560E0
5.708600979E1,-1.421934843E0,9.672088623E0,-1.934597135E0
5.708838744E1,-1.405185103E0,9.660123825E0,-1.953739643E0
5.709076515E1,-1.417149186E0,9.655338287E0,-1.951346874E0
5.709314359E1,-1.421934843E0,9.676874161E0,-1.946561217E0
5.709552208E1,-1.398006678E0,9.686445236E0,-1.970489502E0
5.709789974E1,-1.402792215E0,9.657731056E0,-1.951346874E0
5.710027744E1,-1.386042476E0,9.662516594E0,-1.925025821E0
5.710265593E1,-1.395613790E0,9.638588905E0,-1.948953986E0
5.710503437E1,-1.381256819E0,9.602696419E0,-1.958525300E0
5.710741208E1,-1.393221021E0,9.614660263E0,-1.934597135E0
5.710978979E1,-1.386042476E0,9.607481956E0,-1.951346874E0
5.711216823E1,-1.395613790E0,9.609874725E0,-1.944168448E0
5.711454671E1,-1.400399446E0,9.595518112E0,-1.951346874E0
5.711692437E1,-1.414756417E0,9.619445801E0,-1.960918188E0
5.711930208E1,-1.386042476E0,9.602696419E0,-1.946561217E0
5.712168052E1,-1.407577872E0,9.624231339E0,-1.977667928E0
5.712405901E1,-1.426720500E0,9.605089188E0,-1.980060697E0
5.712643666E1,-1.426720500E0,9.583553314E0,-1.987239242E0
5.712881437E1,-1.433898926E0,9.571589470E0,-1.975275040E0
5.713119281E1,-1.405185103E0,9.578767776E0,-1.982453585E0
5.713357130E1,-1.414756417E0,9.564411163E0,-1.992024899E0
5.713594895E1,-1.421934843E0,9.559625626E0,-1.987239242E0
5.713832666E1,-1.409970760E0,9.557232857E0,-1.992024899E0
5.714070510E1,-1.412363529E0,9.545269012E0,-2.001596212E0
5.714308359E1,-1.426720500E0,9.566803932E0,-2.008774519E0
5.714546125E1,-1.429113269E0,9.547661781E0,-1.987239242E0
5.714783895E1,-1.443470240E0,9.540482521E0,-2.018345833E0
5.715021739E1,-1.481755376E0,9.578767776E0,-2.006381750E0
5.715259588E1,-1.472184181E0,9.581160545E0,-2.003988981E0
5.715497359E1,-1.465005636E0,9.588339806E0,-1.999203324E0
5.715735130E1,-1.436291814E0,9.588339806E0,-1.980060697E0
5.715972974E1,-1.431506157E0,9.588339806E0,-1.960918188E0
5.716210823E1,-1.419542074E0,9.581160545E0,-1.925025821E0
5.716448588E1,-1.438684583E0,9.559625626E0,-1.920240164E0
5.716686359E1,-1.424327731E0,9.552447319E0,-1.917847395E0
5.716924203E1,-1.395613790E0,9.511769295E0,-1.889133453E0
5.717162052E1,-1.376471281E0,9.521340370E0,-1.915454507E0
5.717399817E1,-1.378864050E0,9.545269012E0,-1.922633052E0
5.717637588E1,-1.381256819E0,9.569196701E0,-1.934597135E0
5.717875432E1,-1.412363529E0,9.557232857E0,-1.944168448E0
5.718113281E1,-1.409970760E0,9.581160545E0,-1.968096614E0
5.718351046E1,-1.429113269E0,9.581160545E0,-1.972882271E0
5.718588817E1,-1.448255897E0,9.583553314E0,-1.994417667E0
5.718826661E1,-1.419542074E0,9.569196701E0,-1.980060697E0
5.719064510E1,-1.376471281E0,9.607481956E0,-1.963310957E0
5.719302276E1,-1.369292736E0,9.617053032E0,-1.977667928E0
5.719540046E1,-1.333400369E0,9.626625061E0,-1.980060697E0
5.719777890E1,-1.347757339E0,9.617053032E0,-1.982453585E0
5.720015739E1,-1.347757339E0,9.621838570E0,-2.001596212E0
5.720253510E1,-1.362114310E0,9.617053032E0,-2.003988981E0
5.720491281E1,-1.345364571E0,9.602696419E0,-1.994417667E0
5.720729124E1,-1.366899967E0,9.588339806E0,-1.982453585E0
5.720966974E1,-1.350150228E0,9.564411163E0,-1.994417667E0
5.721204739E1,-1.328614831E0,9.571589470E0,-1.960918188E0
5.721442510E1,-1.311864972E0,9.554840088E0,-1.951346874E0
5.721680354E1,-1.302293777E0,9.554840088E0,-1.925025821E0
5.721918203E1,-1.292722464E0,9.535696983E0,-1.920240164E0
5.722155968E1,-1.283151150E0,9.530911446E0,-1.893919110E0
5.722393739E1,-1.273579836E0,9.511769295E0,-1.879562140E0
5.722631583E1,-1.228116274E0,9.495018959E0,-1.860419631E0
5.722869432E1,-1.216152072E0,9.473484039E0,-1.822134495E0
5.723107198E1,-1.197009563E0,9.466305733E0,-1.829312921E0
5.723344968E1,-1.168295622E0,9.495018959E0,-1.824527264E0
5.723582812E1,-1.156331539E0,9.497411728E0,-1.831705689E0
5.723820661E1,-1.127617717E0,9.492626190E0,-1.798206210E0
5.724058427E1,-1.137188911E0,9.499805450E0,-1.805384636E0
5.724296198E1,-1.122832060E0,9.492626190E0,-1.800599098E0
5.724534041E1,-1.125224829E0,9.473484039E0,-1.800599098E0
5.724771890E1,-1.146760225E0,9.483055115E0,-1.781456470E0
5.725009661E1,-1.122832060E0,9.475876808E0,-1.805384636E0
5.725247432E1,-1.108475089E0,9.483055115E0,-1.783849239E0
5.725485276E1,-1.053141117E0,9.475876808E0,-1.791027784E0
5.725723125E1,-1.045962572E0,9.502198219E0,-1.812563181E0
5.725960890E1,-1.048355460E0,9.473484039E0,-1.848455548E0
5.726198661E1,-1.055533886E0,9.487840652E0,-1.860419631E0
5.726436505E1,-1.070189953E0,9.483055115E0,-1.872383714E0
5.726674354E1,-1.091725349E0,9.516554832E0,-1.917847395E0
5.726912119E1,-1.113260746E0,9.504590988E0,-1.891526341E0
5.727149890E1,-1.086939692E0,9.497411728E0,-1.889133453E0
5.727387734E1,-1.043569803E0,9.528518677E0,-1.932204247E0
5.727625583E1,-1.096511006E0,9.475876808E0,-1.944168448E0
5.727863348E1,-1.118046403E0,9.437591553E0,-1.860419631E0
5.728101119E1,-9.741778970E-1,9.456734657E0,-1.673480392E0
5.728338963E1,-7.899305820E-1,9.471091270E0,-1.534696579E0
5.728576812E1,-6.918248534E-1,9.502198219E0,-1.558624864E0
5.728814578E1,-7.875377536E-1,9.509376526E0,-1.783849239E0
5.729052348E1,-1.158724308E0,9.523733139E0,-2.109273195E0
5.729290198E1,-1.460219979E0,9.578767776E0,-2.257628202E0
5.729528041E1,-1.484148264E0,9.672088623E0,-2.104487419E0
5.729765812E1,-1.369292736E0,9.734301567E0,-2.061416626E0
5.730003583E1,-1.285543919E0,9.736694336E0,-2.142772675E0
5.730241427E1,-1.323829174E0,9.674481392E0,-2.216950178E0
5.730479276E1,-1.371685624E0,9.593125343E0,-2.214557409E0
5.730717041E1,-1.369292736E0,9.578767776E0,-2.188236237E0
5.730954812E1,-1.376471281E0,9.559625626E0,-2.149951220E0
5.731192656E1,-1.326221943E0,9.559625626E0,-2.082952023E0
5.731430505E1,-1.335793257E0,9.554840088E0,-2.013560295E0
5.731668270E1,-1.347757339E0,9.605089188E0,-2.027917147E0
5.731906041E1,-1.369292736E0,9.636196136E0,-2.013560295E0
5.732143885E1,-1.374078393E0,9.657731056E0,-2.039881229E0
5.732381734E1,-1.400399446E0,9.724730492E0,-2.030309916E0
5.732619500E1,-1.395613790E0,9.755837440E0,-2.059023857E0
5.732857270E1,-1.383649707E0,9.765408516E0,-2.032702923E0
5.733095114E1,-1.407577872E0,9.772586823E0,-2.039881229E0
5.733332963E1,-1.412363529E0,9.763015747E0,-2.023131609E0
5.733570734E1,-1.402792215E0,9.765408516E0,-2.003988981E0
5.733808505E1,-1.409970760E0,9.736694336E0,-1.977667928E0
5.734046348E1,-1.407577872E0,9.753444672E0,-1.953739643E0
5.734284198E1,-1.388435364E0,9.748658180E0,-1.944168448E0
5.734521963E1,-1.409970760E0,9.731908798E0,-1.932204247E0
5.734759734E1,-1.388435364E0,9.717552185E0,-1.941775560E0
5.734997578E1,-1.369292736E0,9.684052467E0,-1.925025821E0
5.735235427E1,-1.393221021E0,9.672088623E0,-1.908276081E0
5.735473192E1,-1.381256819E0,9.669695854E0,-1.898704767E0
5.735710963E1,-1.388435364E0,9.652945518E0,-1.913061738E0
5.735948807E1,-1.388435364E0,9.626625061E0,-1.908276081E0
5.736186656E1,-1.400399446E0,9.602696419E0,-1.922633052E0
5.736424421E1,-1.378864050E0,9.607481956E0,-1.910668850E0
5.736662192E1,-1.383649707E0,9.578767776E0,-1.910668850E0
5.736900036E1,-1.374078393E0,9.554840088E0,-1.936989903E0
5.737137885E1,-1.383649707E0,9.538089752E0,-1.929811478E0
5.737375651E1,-1.400399446E0,9.554840088E0,-1.953739643E0
5.737613421E1,-1.429113269E0,9.538089752E0,-1.968096614E0
5.737851265E1,-1.414756417E0,9.528518677E0,-1.996810555E0
5.738089114E1,-1.424327731E0,9.523733139E0,-2.003988981E0
5.738326885E1,-1.436291814E0,9.545269012E0,-1.999203324E0
5.738564656E1,-1.441077471E0,9.538089752E0,-1.999203324E0
5.738802500E1,-1.467398524E0,9.509376526E0,-2.027917147E0
5.739040348E1,-1.455434322E0,9.533304214E0,-2.030309916E0
5.739278114E1,-1.472184181E0,9.514162064E0,-2.020738840E0
5.739515885E1,-1.479362607E0,9.521340370E0,-1.996810555E0
5.739753729E1,-1.488933921E0,9.538089752E0,-1.996810555E0
5.739991578E1,-1.472184181E0,9.542876244E0,-1.977667928E0
5.740229343E1,-1.481755376E0,9.538089752E0,-1.975275040E0
5.740467114E1,-1.474576950E0,9.540482521E0,-1.968096614E0
5.740704958E1,-1.484148264E0,9.559625626E0,-1.963310957E0
5.740942807E1,-1.488933921E0,9.564411163E0,-1.951346874E0
5.741180572E1,-1.472184181E0,9.593125343E0,-1.944168448E0
5.741418343E1,-1.479362607E0,9.583553314E0,-1.915454507E0
5.741656187E1,-1.493719578E0,9.566803932E0,-1.913061738E0
5.741894036E1,-1.460219979E0,9.597910881E0,-1.905883193E0
5.742131807E1,-1.467398524E0,9.576375008E0,-1.879562140E0
5.742369578E1,-1.443470240E0,9.600303650E0,-1.874776483E0
5.742607421E1,-1.450648785E0,9.576375008E0,-1.889133453E0
5.742845270E1,-1.460219979E0,9.573982239E0,-1.881955028E0
5.743083036E1,-1.438684583E0,9.576375008E0,-1.898704767E0
5.743320807E1,-1.438684583E0,9.550054550E0,-1.898704767E0
5.743558651E1,-1.429113269E0,9.562018394E0,-1.898704767E0
5.743796500E1,-1.426720500E0,9.550054550E0,-1.915454507E0
5.744034265E1,-1.390828133E0,9.566803932E0,-1.934597135E0
5.744272036E1,-1.398006678E0,9.564411163E0,-1.910668850E0
5.744509880E1,-1.400399446E0,9.550054550E0,-1.932204247E0
5.744747729E1,-1.398006678E0,9.528518677E0,-1.922633052E0
5.744985494E1,-1.381256819E0,9.506983757E0,-1.920240164E0
5.745223265E1,-1.374078393E0,9.502198219E0,-1.936989903E0
5.745461109E1,-1.393221021E0,9.492626190E0,-1.948953986E0
5.745698958E1,-1.376471281E0,9.502198219E0,-1.953739643E0
5.745936729E1,-1.374078393E0,9.478269577E0,-1.972882271E0
5.746174500E1,-1.386042476E0,9.497411728E0,-1.984846354E0
5.746412343E1,-1.398006678E0,9.514162064E0,-1.972882271E0
5.746650187E1,-1.369292736E0,9.480662346E0,-1.963310957E0
5.746887958E1,-1.354935765E0,9.497411728E0,-1.970489502E0
5.747125729E1,-1.350150228E0,9.506983757E0,-1.953739643E0
5.747363572E1,-1.369292736E0,9.533304214E0,-1.939382792E0
5.747601421E1,-1.371685624E0,9.523733139E0,-1.932204247E0
5.747839187E1,-1.357328653E0,9.547661781E0,-1.960918188E0
5.748076958E1,-1.350150228E0,9.530911446E0,-1.932204247E0
5.748314802E1,-1.354935765E0,9.506983757E0,-1.953739643E0
5.748552651E1,-1.338186026E0,9.554840088E0,-1.934597135E0
5.748790416E1,-1.319043517E0,9.542876244E0,-1.951346874E0
5.749028187E1,-1.311864972E0,9.547661781E0,-1.948953986E0
5.749266031E1,-1.302293777E0,9.571589470E0,-1.946561217E0
5.749503880E1,-1.302293777E0,9.564411163E0,-1.946561217E0
5.749741651E1,-1.299900889E0,9.562018394E0,-1.951346874E0
5.749979421E1,-1.266401410E0,9.583553314E0,-1.939382792E0
5.750217265E1,-1.280758262E0,9.581160545E0,-1.953739643E0
5.750455109E1,-1.273579836E0,9.602696419E0,-1.934597135E0
5.750692880E1,-1.278365493E0,9.607481956E0,-1.929811478E0
5.750930651E1,-1.273579836E0,9.626625061E0,-1.917847395E0
5.751168494E1,-1.273579836E0,9.621838570E0,-1.917847395E0
5.751406343E1,-1.275972724E0,9.617053032E0,-1.903490424E0
5.751644109E1,-1.283151150E0,9.626625061E0,-1.913061738E0
5.751881880E1,-1.278365493E0,9.612267494E0,-1.922633052E0
5.752119724E1,-1.280758262E0,9.645767212E0,-1.917847395E0
5.752357572E1,-1.278365493E0,9.633803368E0,-1.913061738E0
5.752595338E1,-1.278365493E0,9.633803368E0,-1.879562140E0
5.752833109E1,-1.256830096E0,9.657731056E0,-1.884347796E0
5.753070953E1,-1.247258782E0,9.629017830E0,-1.893919110E0
5.753308802E1,-1.266401410E0,9.612267494E0,-1.884347796E0
5.753546567E1,-1.290329576E0,9.607481956E0,-1.879562140E0
5.753784338E1,-1.295115232E0,9.590732574E0,-1.838884234E0
5.754022187E1,-1.271187067E0,9.588339806E0,-1.810170293E0
5.754260031E1,-1.266401410E0,9.590732574E0,-1.812563181E0
5.754497802E1,-1.232901812E0,9.612267494E0,-1.822134495E0
5.754735572E1,-1.225723386E0,9.617053032E0,-1.824527264E0
5.754973416E1,-1.223330617E0,9.595518112E0,-1.807777524E0
5.755211265E1,-1.197009563E0,9.605089188E0,-1.793420553E0
5.755449031E1,-1.194616675E0,9.562018394E0,-1.817348838E0
5.755686802E1,-1.201795220E0,9.593125343E0,-1.829312921E0
5.755924645E1,-1.213759303E0,9.554840088E0,-1.817348838E0
5.756162494E1,-1.199402332E0,9.557232857E0,-1.826920033E0
5.756400260E1,-1.144367456E0,9.559625626E0,-1.841277003E0
5.756638031E1,-1.165902853E0,9.569196701E0,-1.860419631E0
5.756875875E1,-1.141974568E0,9.564411163E0,-1.850848317E0
5.757113724E1,-1.168295622E0,9.540482521E0,-1.860419631E0
5.757351489E1,-1.146760225E0,9.571589470E0,-1.838884234E0
5.757589260E1,-1.168295622E0,9.564411163E0,-1.850848317E0
5.757827104E1,-1.141974568E0,9.573982239E0,-1.846062660E0
5.758064953E1,-1.130010486E0,9.583553314E0,-1.862812400E0
5.758302724E1,-1.115653515E0,9.581160545E0,-1.862812400E0
5.758540494E1,-1.091725349E0,9.564411163E0,-1.872383714E0
5.758778338E1,-1.132403374E0,9.588339806E0,-1.893919110E0
5.759016187E1,-1.115653515E0,9.581160545E0,-1.901097536E0
5.759253953E1,-1.122832060E0,9.593125343E0,-1.929811478E0
5.759491724E1,-1.125224829E0,9.585947037E0,-1.929811478E0
5.759729567E1,-1.161117196E0,9.612267494E0,-1.910668850E0
5.759967416E1,-1.118046403E0,9.605089188E0,-1.891526341E0
5.760205182E1,-1.130010486E0,9.643374443E0,-1.913061738E0
5.760442953E1,-1.141974568E0,9.640981674E0,-1.944168448E0
5.760680796E1,-1.161117196E0,9.643374443E0,-1.941775560E0
5.760918645E1,-1.185045362E0,9.643374443E0,-1.877169371E0
5.761156416E1,-1.175474167E0,9.648159981E0,-1.891526341E0
5.761394182E1,-1.199402332E0,9.636196136E0,-1.920240164E0
5.761632026E1,-1.197009563E0,9.650552750E0,-1.893919110E0
5.761869874E1,-1.153938770E0,9.645767212E0,-1.903490424E0
5.762107645E1,-1.170688510E0,9.629017830E0,-1.901097536E0
5.762345416E1,-1.197009563E0,9.633803368E0,-1.860419631E0
5.762583260E1,-1.201795220E0,9.633803368E0,-1.826920033E0
5.762821109E1,-1.189831018E0,9.636196136E0,-1.846062660E0
5.763058875E1,-1.228116274E0,9.640981674E0,-1.838884234E0
5.763296645E1,-1.216152072E0,9.602696419E0,-1.831705689E0
5.763534489E1,-1.225723386E0,9.609874725E0,-1.846062660E0
5.763772338E1,-1.240080357E0,9.590732574E0,-1.862812400E0
5.764010104E1,-1.223330617E0,9.607481956E0,-1.834098577E0
5.764247875E1,-1.268794179E0,9.597910881E0,-1.843669891E0
5.764485718E1,-1.254437327E0,9.588339806E0,-1.838884234E0
5.764723567E1,-1.252044439E0,9.566803932E0,-1.853241086E0
5.764961338E1,-1.259222865E0,9.588339806E0,-1.834098577E0
5.765199109E1,-1.247258782E0,9.600303650E0,-1.855633974E0
5.765436953E1,-1.264008522E0,9.593125343E0,-1.869990945E0
5.765674796E1,-1.283151150E0,9.590732574E0,-1.874776483E0
5.765912567E1,-1.299900889E0,9.588339806E0,-1.865205288E0
5.766150338E1,-1.278365493E0,9.593125343E0,-1.850848317E0
5.766388182E1,-1.290329576E0,9.571589470E0,-1.862812400E0
5.766626031E1,-1.278365493E0,9.573982239E0,-1.874776483E0
5.766863796E1,-1.275972724E0,9.571589470E0,-1.858026743E0
5.767101567E1,-1.273579836E0,9.573982239E0,-1.879562140E0
5.767339411E1,-1.295115232E0,9.562018394E0,-1.913061738E0
5.767577260E1,-1.316650629E0,9.552447319E0,-1.881955028E0
5.767815026E1,-1.280758262E0,9.530911446E0,-1.884347796E0
5.768052796E1,-1.311864972E0,9.523733139E0,-1.884347796E0
5.768290640E1,-1.297508121E0,9.538089752E0,-1.872383714E0
5.768528489E1,-1.311864972E0,9.540482521E0,-1.879562140E0
5.768766260E1,-1.321436286E0,9.523733139E0,-1.898704767E0
5.769004031E1,-1.326221943E0,9.518947601E0,-1.889133453E0
5.769241875E1,-1.321436286E0,9.523733139E0,-1.896311998E0
5.769479718E1,-1.326221943E0,9.514162064E0,-1.874776483E0
5.769717489E1,-1.347757339E0,9.526125908E0,-1.893919110E0
5.769955260E1,-1.376471281E0,9.523733139E0,-1.908276081E0
5.770193104E1,-1.364507079E0,9.526125908E0,-1.874776483E0
5.770430953E1,-1.390828133E0,9.533304214E0,-1.867598057E0
5.770668718E1,-1.378864050E0,9.521340370E0,-1.858026743E0
5.770906489E1,-1.400399446E0,9.511769295E0,-1.886740685E0
5.771144333E1,-1.407577872E0,9.518947601E0,-1.872383714E0
5.771382182E1,-1.407577872E0,9.540482521E0,-1.872383714E0
5.771619948E1,-1.412363529E0,9.538089752E0,-1.896311998E0
5.771857718E1,-1.455434322E0,9.535696983E0,-1.881955028E0
5.772095562E1,-1.409970760E0,9.535696983E0,-1.874776483E0
5.772333411E1,-1.438684583E0,9.540482521E0,-1.891526341E0
5.772571182E1,-1.448255897E0,9.562018394E0,-1.905883193E0
5.772808953E1,-1.450648785E0,9.545269012E0,-1.893919110E0
5.773046796E1,-1.457827210E0,9.552447319E0,-1.891526341E0
5.773284645E1,-1.481755376E0,9.542876244E0,-1.891526341E0
5.773522411E1,-1.474576950E0,9.559625626E0,-1.905883193E0
5.773760182E1,-1.476969719E0,9.564411163E0,-1.917847395E0
5.773998026E1,-1.469791293E0,9.573982239E0,-1.903490424E0
5.774235875E1,-1.476969719E0,9.593125343E0,-1.903490424E0
5.774473640E1,-1.493719578E0,9.593125343E0,-1.915454507E0
5.774711411E1,-1.493719578E0,9.595518112E0,-1.905883193E0
5.774949255E1,-1.498505235E0,9.585947037E0,-1.908276081E0
5.775187104E1,-1.498505235E0,9.609874725E0,-1.910668850E0
5.775424869E1,-1.496112347E0,9.619445801E0,-1.920240164E0
5.775662640E1,-1.484148264E0,9.629017830E0,-1.910668850E0
5.775900484E1,-1.476969719E0,9.626625061E0,-1.953739643E0
5.776138333E1,-1.500898004E0,9.605089188E0,-1.925025821E0
5.776376104E1,-1.493719578E0,9.619445801E0,-1.946561217E0
5.776613875E1,-1.479362607E0,9.609874725E0,-1.944168448E0
5.776851718E1,-1.488933921E0,9.614660263E0,-1.951346874E0
5.777089567E1,-1.476969719E0,9.626625061E0,-1.958525300E0
5.777327333E1,-1.520040631E0,9.621838570E0,-1.958525300E0
5.777565104E1,-1.510469317E0,9.621838570E0,-1.975275040E0
5.777802948E1,-1.520040631E0,9.633803368E0,-1.972882271E0
5.778040796E1,-1.548754454E0,9.631410599E0,-1.972882271E0
5.778278562E1,-1.524826288E0,9.605089188E0,-1.970489502E0
5.778516333E1,-1.541576028E0,9.605089188E0,-1.977667928E0
5.778754177E1,-1.543968797E0,9.612267494E0,-1.975275040E0
5.778992026E1,-1.575075507E0,9.609874725E0,-1.996810555E0
5.779229791E1,-1.579861164E0,9.619445801E0,-2.013560295E0
5.779467562E1,-1.565504193E0,9.614660263E0,-2.011167526E0
5.779705406E1,-1.582253933E0,9.617053032E0,-2.001596212E0
5.779943255E1,-1.584646821E0,9.624231339E0,-1.996810555E0
5.780181026E1,-1.577468276E0,9.631410599E0,-2.011167526E0
5.780418796E1,-1.572682738E0,9.638588905E0,-2.044667006E0
5.780656640E1,-1.565504193E0,9.612267494E0,-2.037488461E0
5.780894489E1,-1.579861164E0,9.640981674E0,-2.037488461E0
5.781132255E1,-1.582253933E0,9.645767212E0,-2.030309916E0
5.781370026E1,-1.577468276E0,9.645767212E0,-2.023131609E0
5.781607869E1,-1.555932879E0,9.638588905E0,-2.001596212E0
5.781845718E1,-1.558325768E0,9.652945518E0,-2.008774519E0
5.782083484E1,-1.534397483E0,9.648159981E0,-2.006381750E0
5.782321255E1,-1.517647743E0,9.650552750E0,-1.987239242E0
5.782559099E1,-1.493719578E0,9.638588905E0,-1.980060697E0
5.782796948E1,-1.479362607E0,9.638588905E0,-1.994417667E0
5.783034718E1,-1.457827210E0,9.633803368E0,-1.958525300E0
5.783272489E1,-1.450648785E0,9.624231339E0,-1.960918188E0
5.783510333E1,-1.450648785E0,9.621838570E0,-1.960918188E0
5.783748182E1,-1.421934843E0,9.600303650E0,-1.958525300E0
5.783985948E1,-1.402792215E0,9.595518112E0,-1.972882271E0
5.784223718E1,-1.390828133E0,9.573982239E0,-1.970489502E0
5.784461562E1,-1.376471281E0,9.578767776E0,-1.968096614E0
5.784699411E1,-1.333400369E0,9.559625626E0,-1.944168448E0
5.784937177E1,-1.323829174E0,9.542876244E0,-1.948953986E0
5.785174948E1,-1.304686546E0,9.545269012E0,-1.944168448E0
5.785412791E1,-1.292722464E0,9.530911446E0,-1.927418590E0
5.785650640E1,-1.273579836E0,9.526125908E0,-1.929811478E0
5.785888406E1,-1.278365493E0,9.499805450E0,-1.934597135E0
5.786126177E1,-1.244866014E0,9.518947601E0,-1.936989903E0
5.786364026E1,-1.216152072E0,9.502198219E0,-1.941775560E0
5.786601869E1,-1.211366415E0,9.504590988E0,-1.922633052E0
5.786839640E1,-1.208973646E0,9.497411728E0,-1.932204247E0
5.787077411E1,-1.192223907E0,9.492626190E0,-1.936989903E0
5.787315255E1,-1.185045362E0,9.499805450E0,-1.929811478E0
5.787553104E1,-1.204187989E0,9.504590988E0,-1.920240164E0
5.787790869E1,-1.197009563E0,9.499805450E0,-1.936989903E0
5.788028640E1,-1.197009563E0,9.478269577E0,-1.932204247E0
5.788266484E1,-1.194616675E0,9.478269577E0,-1.925025821E0
5.788504333E1,-1.187438250E0,9.485447884E0,-1.915454507E0
5.788742099E1,-1.182652593E0,9.497411728E0,-1.910668850E0
5.788979869E1,-1.223330617E0,9.504590988E0,-1.908276081E0
5.789217713E1,-1.225723386E0,9.502198219E0,-1.905883193E0
5.789455562E1,-1.211366415E0,9.518947601E0,-1.886740685E0
5.789693333E1,-1.237687469E0,9.550054550E0,-1.905883193E0
5.789931104E1,-1.189831018E0,9.547661781E0,-1.908276081E0
5.790168948E1,-1.218544960E0,9.571589470E0,-1.908276081E0
5.790406796E1,-1.197009563E0,9.562018394E0,-1.891526341E0
5.790644562E1,-1.182652593E0,9.545269012E0,-1.903490424E0
5.790882333E1,-1.204187989E0,9.576375008E0,-1.913061738E0
5.791120177E1,-1.197009563E0,9.588339806E0,-1.929811478E0
5.791358026E1,-1.192223907E0,9.588339806E0,-1.932204247E0
5.791595791E1,-1.194616675E0,9.638588905E0,-1.956132531E0
5.791833562E1,-1.175474167E0,9.648159981E0,-1.956132531E0
5.792071406E1,-1.163509965E0,9.655338287E0,-1.960918188E0
5.792309255E1,-1.158724308E0,9.664909363E0,-1.970489502E0
5.792547020E1,-1.146760225E0,9.660123825E0,-1.977667928E0
5.792784791E1,-1.173081279E0,9.657731056E0,-1.996810555E0
5.793022640E1,-1.130010486E0,9.664909363E0,-1.987239242E0
5.793260484E1,-1.134796143E0,9.667302132E0,-2.006381750E0
5.793498255E1,-1.146760225E0,9.640981674E0,-2.025524378E0
5.793736026E1,-1.106082320E0,9.684052467E0,-2.006381750E0
5.793973869E1,-1.103689432E0,9.660123825E0,-2.020738840E0
5.794211718E1,-1.118046403E0,9.657731056E0,-2.037488461E0
5.794449484E1,-1.113260746E0,9.662516594E0,-2.037488461E0
5.794687255E1,-1.115653515E0,9.655338287E0,-2.023131609E0
5.794925099E1,-1.086939692E0,9.633803368E0,-2.027917147E0
5.795162948E1,-1.108475089E0,9.640981674E0,-2.044667006E0
5.795400713E1,-1.137188911E0,9.619445801E0,-2.025524378E0
5.795638484E1,-1.130010486E0,9.624231339E0,-2.011167526E0
5.795876328E1,-1.125224829E0,9.590732574E0,-2.011167526E0
5.796114177E1,-1.115653515E0,9.573982239E0,-2.011167526E0
5.796351948E1,-1.144367456E0,9.571589470E0,-1.996810555E0
5.796589718E1,-1.132403374E0,9.547661781E0,-1.989632010E0
5.796827562E1,-1.144367456E0,9.538089752E0,-2.006381750E0
5.797065411E1,-1.151545882E0,9.511769295E0,-1.977667928E0
5.797303177E1,-1.149153113E0,9.523733139E0,-1.980060697E0
5.797540948E1,-1.156331539E0,9.504590988E0,-1.982453585E0
5.797778791E1,-1.151545882E0,9.504590988E0,-1.994417667E0
5.798016640E1,-1.158724308E0,9.487840652E0,-1.977667928E0
5.798254406E1,-1.146760225E0,9.506983757E0,-1.965703845E0
5.798492177E1,-1.149153113E0,9.523733139E0,-1.963310957E0
5.798730020E1,-1.153938770E0,9.540482521E0,-1.953739643E0
5.798967869E1,-1.132403374E0,9.550054550E0,-1.932204247E0
5.799205635E1,-1.139581800E0,9.538089752E0,-1.936989903E0
5.799443406E1,-1.149153113E0,9.588339806E0,-1.939382792E0
5.799681255E1,-1.115653515E0,9.590732574E0,-1.927418590E0
5.799919104E1,-1.118046403E0,9.593125343E0,-1.927418590E0
5.800156869E1,-1.134796143E0,9.609874725E0,-1.932204247E0
5.800394640E1,-1.108475089E0,9.619445801E0,-1.932204247E0
5.800632484E1,-1.110867858E0,9.636196136E0,-1.922633052E0
5.800870333E1,-1.110867858E0,9.624231339E0,-1.953739643E0
5.801108099E1,-1.122832060E0,9.617053032E0,-1.936989903E0
5.801345869E1,-1.130010486E0,9.626625061E0,-1.956132531E0
5.801583713E1,-1.139581800E0,9.638588905E0,-1.927418590E0
5.801821562E1,-1.122832060E0,9.640981674E0,-1.951346874E0
5.802059328E1,-1.141974568E0,9.640981674E0,-1.946561217E0
5.802297098E1,-1.125224829E0,9.619445801E0,-1.925025821E0
5.802534948E1,-1.130010486E0,9.636196136E0,-1.917847395E0
5.802772791E1,-1.153938770E0,9.660123825E0,-1.889133453E0
5.803010562E1,-1.141974568E0,9.633803368E0,-1.910668850E0
5.803248333E1,-1.144367456E0,9.648159981E0,-1.917847395E0
5.803486177E1,-1.141974568E0,9.648159981E0,-1.881955028E0
5.803724026E1,-1.175474167E0,9.657731056E0,-1.901097536E0
5.803961791E1,-1.170688510E0,9.614660263E0,-1.881955028E0
5.804199562E1,-1.194616675E0,9.643374443E0,-1.891526341E0
5.804437406E1,-1.216152072E0,9.636196136E0,-1.893919110E0
5.804675255E1,-1.199402332E0,9.621838570E0,-1.872383714E0
5.804913020E1,-1.201795220E0,9.605089188E0,-1.843669891E0
5.805150791E1,-1.223330617E0,9.609874725E0,-1.850848317E0
5.805388635E1,-1.182652593E0,9.619445801E0,-1.836491346E0
5.805626484E1,-1.175474167E0,9.607481956E0,-1.850848317E0
5.805864255E1,-1.187438250E0,9.607481956E0,-1.824527264E0
5.806102026E1,-1.216152072E0,9.573982239E0,-1.798206210E0
5.806339869E1,-1.211366415E0,9.554840088E0,-1.791027784E0
5.806577718E1,-1.242473125E0,9.538089752E0,-1.774278045E0
5.806815484E1,-1.225723386E0,9.569196701E0,-1.783849239E0
5.807053255E1,-1.223330617E0,9.566803932E0,-1.783849239E0
5.807291099E1,-1.170688510E0,9.585947037E0,-1.807777524E0
5.807528948E1,-1.146760225E0,9.612267494E0,-1.795813441E0
5.807766713E1,-1.151545882E0,9.588339806E0,-1.838884234E0
5.808004484E1,-1.180259824E0,9.593125343E0,-1.829312921E0
5.808242328E1,-1.187438250E0,9.566803932E0,-1.831705689E0
5.808480177E1,-1.220937729E0,9.545269012E0,-1.817348838E0
5.808717948E1,-1.220937729E0,9.564411163E0,-1.812563181E0
5.808955718E1,-1.165902853E0,9.593125343E0,-1.855633974E0
5.809193562E1,-1.149153113E0,9.576375008E0,-1.877169371E0
5.809431411E1,-1.165902853E0,9.566803932E0,-1.848455548E0
5.809669177E1,-1.192223907E0,9.559625626E0,-1.836491346E0
5.809906948E1,-1.228116274E0,9.552447319E0,-1.831705689E0
5.810144791E1,-1.225723386E0,9.564411163E0,-1.822134495E0
5.810382640E1,-1.225723386E0,9.550054550E0,-1.788634896E0
5.810620406E1,-1.220937729E0,9.569196701E0,-1.805384636E0
5.810858177E1,-1.206580877E0,9.612267494E0,-1.776670814E0
5.811096020E1,-1.177866936E0,9.633803368E0,-1.798206210E0
5.811333869E1,-1.170688510E0,9.638588905E0,-1.807777524E0
5.811571635E1,-1.216152072E0,9.626625061E0,-1.834098577E0
5.811809406E1,-1.240080357E0,9.614660263E0,-1.831705689E0
5.812047255E1,-1.256830096E0,9.629017830E0,-1.798206210E0
5.812285099E1,-1.261615753E0,9.629017830E0,-1.786242127E0
5.812522869E1,-1.287936807E0,9.607481956E0,-1.764706731E0
5.812760640E1,-1.302293777E0,9.605089188E0,-1.786242127E0
5.812998484E1,-1.319043517E0,9.617053032E0,-1.771885157E0
5.813236333E1,-1.311864972E0,9.624231339E0,-1.805384636E0
5.813474098E1,-1.287936807E0,9.607481956E0,-1.791027784E0
5.813711869E1,-1.287936807E0,9.595518112E0,-1.774278045E0
5.813949713E1,-1.283151150E0,9.588339806E0,-1.771885157E0
5.814187562E1,-1.297508121E0,9.597910881E0,-1.788634896E0
5.814425328E1,-1.295115232E0,9.617053032E0,-1.798206210E0
5.814663098E1,-1.299900889E0,9.626625061E0,-1.788634896E0
5.814900948E1,-1.297508121E0,9.612267494E0,-1.807777524E0
5.815138791E1,-1.283151150E0,9.631410599E0,-1.819741607E0
5.815376562E1,-1.292722464E0,9.645767212E0,-1.858026743E0
5.815614333E1,-1.302293777E0,9.672088623E0,-1.886740685E0
5.815852177E1,-1.292722464E0,9.660123825E0,-1.848455548E0
5.816090026E1,-1.319043517E0,9.636196136E0,-1.814955950E0
5.816327791E1,-1.311864972E0,9.636196136E0,-1.798206210E0
5.816565562E1,-1.285543919E0,9.650552750E0,-1.822134495E0
5.816803406E1,-1.299900889E0,9.655338287E0,-1.834098577E0
5.817041255E1,-1.268794179E0,9.645767212E0,-1.814955950E0
5.817279020E1,-1.283151150E0,9.657731056E0,-1.812563181E0
5.817516791E1,-1.264008522E0,9.655338287E0,-1.822134495E0
5.817754635E1,-1.285543919E0,9.633803368E0,-1.841277003E0
5.817992484E1,-1.247258782E0,9.621838570E0,-1.850848317E0
5.818230255E1,-1.266401410E0,9.595518112E0,-1.843669891E0
5.818468026E1,-1.283151150E0,9.600303650E0,-1.862812400E0
5.818705869E1,-1.290329576E0,9.585947037E0,-1.869990945E0
5.818943718E1,-1.271187067E0,9.585947037E0,-1.874776483E0
5.819181484E1,-1.283151150E0,9.578767776E0,-1.874776483E0
5.819419255E1,-1.285543919E0,9.559625626E0,-1.850848317E0
5.819657098E1,-1.264008522E0,9.562018394E0,-1.838884234E0
5.819894948E1,-1.235294700E0,9.562018394E0,-1.874776483E0
5.820132713E1,-1.228116274E0,9.557232857E0,-1.853241086E0
5.820370484E1,-1.240080357E0,9.552447319E0,-1.846062660E0
5.820608328E1,-1.244866014E0,9.545269012E0,-1.819741607E0
5.820846177E1,-1.240080357E0,9.540482521E0,-1.838884234E0
5.821083948E1,-1.256830096E0,9.542876244E0,-1.874776483E0
5.821321718E1,-1.223330617E0,9.533304214E0,-1.881955028E0
5.821559562E1,-1.256830096E0,9.530911446E0,-1.898704767E0
5.821797411E1,-1.264008522E0,9.538089752E0,-1.922633052E0
5.822035177E1,-1.244866014E0,9.530911446E0,-1.936989903E0
5.822272948E1,-1.252044439E0,9.545269012E0,-1.968096614E0
5.822510791E1,-1.273579836E0,9.547661781E0,-1.975275040E0
5.822748640E1,-1.290329576E0,9.545269012E0,-1.987239242E0
5.822986406E1,-1.311864972E0,9.533304214E0,-2.008774519E0
5.823224177E1,-1.297508121E0,9.550054550E0,-2.018345833E0
5.823462020E1,-1.297508121E0,9.559625626E0,-2.020738840E0
5.823699869E1,-1.333400369E0,9.559625626E0,-2.008774519E0
5.823937640E1,-1.316650629E0,9.576375008E0,-2.015953064E0
5.824175411E1,-1.311864972E0,9.593125343E0,-2.011167526E0
5.824413255E1,-1.342971683E0,9.571589470E0,-1.999203324E0
5.824651104E1,-1.342971683E0,9.566803932E0,-1.987239242E0
5.824888869E1,-1.328614831E0,9.562018394E0,-1.977667928E0
5.825126640E1,-1.319043517E0,9.576375008E0,-1.939382792E0
5.825364484E1,-1.302293777E0,9.566803932E0,-1.936989903E0
5.825602333E1,-1.292722464E0,9.562018394E0,-1.922633052E0
5.825840098E1,-1.268794179E0,9.562018394E0,-1.927418590E0
5.826077869E1,-1.252044439E0,9.552447319E0,-1.884347796E0
5.826315713E1,-1.244866014E0,9.569196701E0,-1.869990945E0
5.826553562E1,-1.225723386E0,9.554840088E0,-1.865205288E0
5.826791333E1,-1.218544960E0,9.554840088E0,-1.836491346E0
5.827029104E1,-1.201795220E0,9.569196701E0,-1.805384636E0
5.827266948E1,-1.189831018E0,9.585947037E0,-1.795813441E0
5.827504796E1,-1.156331539E0,9.585947037E0,-1.771885157E0
5.827742562E1,-1.144367456E0,9.600303650E0,-1.791027784E0
5.827980333E1,-1.130010486E0,9.573982239E0,-1.788634896E0
5.828218177E1,-1.127617717E0,9.573982239E0,-1.795813441E0
5.828456026E1,-1.118046403E0,9.593125343E0,-1.788634896E0
5.828693791E1,-1.082154036E0,9.609874725E0,-1.795813441E0
5.828931562E1,-1.094118118E0,9.595518112E0,-1.812563181E0
5.829169406E1,-1.082154036E0,9.605089188E0,-1.817348838E0
5.829407255E1,-1.048355460E0,9.595518112E0,-1.826920033E0
5.829645026E1,-1.060319543E0,9.600303650E0,-1.836491346E0
5.829882796E1,-1.086939692E0,9.569196701E0,-1.846062660E0
5.830120640E1,-1.084546804E0,9.573982239E0,-1.819741607E0
5.830358489E1,-1.082154036E0,9.559625626E0,-1.826920033E0
5.830596255E1,-1.098903775E0,9.518947601E0,-1.841277003E0
5.830834026E1,-1.101296663E0,9.528518677E0,-1.860419631E0
5.831071869E1,-1.091725349E0,9.535696983E0,-1.836491346E0
5.831309718E1,-1.122832060E0,9.483055115E0,-1.858026743E0
5.831547484E1,-1.115653515E0,9.480662346E0,-1.867598057E0
5.831785255E1,-1.130010486E0,9.499805450E0,-1.889133453E0
5.832023098E1,-1.144367456E0,9.468698502E0,-1.874776483E0
5.832260948E1,-1.139581800E0,9.483055115E0,-1.879562140E0
5.832498718E1,-1.125224829E0,9.490233421E0,-1.848455548E0
5.832736489E1,-1.125224829E0,9.499805450E0,-1.855633974E0
5.832974333E1,-1.120439172E0,9.514162064E0,-1.831705689E0
5.833212182E1,-1.134796143E0,9.518947601E0,-1.814955950E0
5.833449948E1,-1.120439172E0,9.533304214E0,-1.841277003E0
5.833687718E1,-1.108475089E0,9.535696983E0,-1.831705689E0
5.833925562E1,-1.118046403E0,9.540482521E0,-1.831705689E0
5.834163411E1,-1.120439172E0,9.588339806E0,-1.834098577E0
5.834401177E1,-1.091725349E0,9.578767776E0,-1.855633974E0
5.834638948E1,-1.120439172E0,9.609874725E0,-1.850848317E0
5.834876791E1,-1.120439172E0,9.621838570E0,-1.869990945E0
5.835114640E1,-1.134796143E0,9.638588905E0,-1.903490424E0
5.835352411E1,-1.137188911E0,9.652945518E0,-1.903490424E0
5.835590182E1,-1.134796143E0,9.660123825E0,-1.901097536E0
5.835828026E1,-1.173081279E0,9.667302132E0,-1.901097536E0
5.836065874E1,-1.170688510E0,9.664909363E0,-1.913061738E0
5.836303640E1,-1.206580877E0,9.674481392E0,-1.917847395E0
5.836541411E1,-1.197009563E0,9.684052467E0,-1.925025821E0
5.836779255E1,-1.213759303E0,9.672088623E0,-1.941775560E0
5.837017104E1,-1.213759303E0,9.693623543E0,-1.968096614E0
5.837254869E1,-1.197009563E0,9.698409081E0,-1.987239242E0
5.837492640E1,-1.197009563E0,9.700801849E0,-1.996810555E0
5.837730484E1,-1.223330617E0,9.672088623E0,-1.989632010E0
5.837968333E1,-1.228116274E0,9.693623543E0,-1.996810555E0
5.838206104E1,-1.249651670E0,9.698409081E0,-2.011167526E0
5.838443875E1,-1.261615753E0,9.684052467E0,-2.011167526E0
5.838681718E1,-1.216152072E0,9.712766647E0,-2.018345833E0
5.838919567E1,-1.173081279E0,9.698409081E0,-2.018345833E0
5.839157333E1,-1.211366415E0,9.684052467E0,-2.030309916E0
5.839395104E1,-1.230509043E0,9.660123825E0,-2.020738840E0
5.839632948E1,-1.235294700E0,9.662516594E0,-1.994417667E0
5.839870796E1,-1.242473125E0,9.638588905E0,-1.996810555E0
5.840108562E1,-1.218544960E0,9.629017830E0,-2.001596212E0
5.840346333E1,-1.252044439E0,9.609874725E0,-1.994417667E0
5.840584182E1,-1.266401410E0,9.593125343E0,-1.977667928E0
5.840822026E1,-1.247258782E0,9.612267494E0,-1.960918188E0
5.841059796E1,-1.268794179E0,9.583553314E0,-1.958525300E0
5.841297567E1,-1.247258782E0,9.597910881E0,-1.932204247E0
5.841535411E1,-1.237687469E0,9.583553314E0,-1.917847395E0
5.841773260E1,-1.223330617E0,9.576375008E0,-1.884347796E0
5.842011026E1,-1.201795220E0,9.566803932E0,-1.901097536E0
5.842248796E1,-1.204187989E0,9.573982239E0,-1.879562140E0
5.842486640E1,-1.194616675E0,9.590732574E0,-1.850848317E0
5.842724489E1,-1.192223907E0,9.581160545E0,-1.853241086E0
5.842962255E1,-1.180259824E0,9.590732574E0,-1.853241086E0
5.843200026E1,-1.168295622E0,9.578767776E0,-1.848455548E0
5.843437869E1,-1.156331539E0,9.597910881E0,-1.858026743E0
5.843675718E1,-1.149153113E0,9.605089188E0,-1.867598057E0
5.843913489E1,-1.151545882E0,9.612267494E0,-1.826920033E0
5.844151260E1,-1.163509965E0,9.657731056E0,-1.812563181E0
5.844389104E1,-1.120439172E0,9.648159981E0,-1.810170293E0
5.844626953E1,-1.141974568E0,9.674481392E0,-1.834098577E0
5.844864718E1,-1.134796143E0,9.684052467E0,-1.822134495E0
5.845102489E1,-1.106082320E0,9.693623543E0,-1.822134495E0
5.845340333E1,-1.108475089E0,9.679266930E0,-1.836491346E0
5.845578182E1,-1.132403374E0,9.691230774E0,-1.812563181E0
5.845815948E1,-1.108475089E0,9.731908798E0,-1.800599098E0
5.846053718E1,-1.094118118E0,9.743872643E0,-1.841277003E0
5.846291567E1,-1.125224829E0,9.734301567E0,-1.841277003E0
5.846529411E1,-1.125224829E0,9.743872643E0,-1.843669891E0
5.846767182E1,-1.137188911E0,9.772586823E0,-1.826920033E0
5.847004953E1,-1.170688510E0,9.729516029E0,-1.836491346E0
5.847242796E1,-1.153938770E0,9.748658180E0,-1.855633974E0
5.847480645E1,-1.161117196E0,9.731908798E0,-1.846062660E0
5.847718411E1,-1.161117196E0,9.717552185E0,-1.829312921E0
5.847956182E1,-1.173081279E0,9.710372925E0,-1.855633974E0
5.848194026E1,-1.235294700E0,9.705587387E0,-1.869990945E0
5.848431874E1,-1.338186026E0,9.657731056E0,-1.824527264E0
5.848669640E1,-1.331007600E0,9.667302132E0,-1.843669891E0
5.848907411E1,-1.381256819E0,9.662516594E0,-1.889133453E0
5.849145260E1,-1.185045362E0,9.765408516E0,-1.920240164E0
5.849383104E1,-1.084546804E0,9.789635658E0,-2.075773716E0
5.849620875E1,-1.235294700E0,9.729516029E0,-2.121237278E0
5.849858645E1,-1.283151150E0,9.698409081E0,-2.023131609E0
5.850096489E1,-1.216152072E0,9.700801849E0,-1.982453585E0
5.850334338E1,-1.223330617E0,9.660123825E0,-2.044667006E0
5.850572104E1,-1.319043517E0,9.614660263E0,-2.037488461E0
5.850809875E1,-1.342971683E0,9.614660263E0,-1.953739643E0
5.851047718E1,-1.256830096E0,9.643374443E0,-1.934597135E0
5.851285567E1,-1.208973646E0,9.664909363E0,-1.994417667E0
5.851523338E1,-1.206580877E0,9.631410599E0,-1.977667928E0
5.851761109E1,-1.228116274E0,9.595518112E0,-1.934597135E0
5.851998953E1,-1.211366415E0,9.588339806E0,-1.946561217E0
5.852236802E1,-1.223330617E0,9.571589470E0,-1.958525300E0
5.852474567E1,-1.165902853E0,9.564411163E0,-1.946561217E0
5.852712338E1,-1.158724308E0,9.564411163E0,-1.951346874E0
5.852950182E1,-1.062712312E0,9.593125343E0,-1.987239242E0
5.853188031E1,-1.060319543E0,9.571589470E0,-1.994417667E0
5.853425796E1,-1.161117196E0,9.516554832E0,-1.980060697E0
5.853663567E1,-1.187438250E0,9.506983757E0,-1.893919110E0
5.853901411E1,-1.225723386E0,9.478269577E0,-1.855633974E0
5.854139260E1,-1.266401410E0,9.483055115E0,-1.824527264E0
5.854377031E1,-1.278365493E0,9.466305733E0,-1.805384636E0
5.854614802E1,-1.235294700E0,9.495018959E0,-1.769492388E0
5.854852645E1,-1.206580877E0,9.504590988E0,-1.762313843E0
5.855090494E1,-1.139581800E0,9.504590988E0,-1.767099500E0
5.855328260E1,-1.127617717E0,9.518947601E0,-1.793420553E0
5.855566031E1,-1.096511006E0,9.502198219E0,-1.829312921E0
5.855803875E1,-1.118046403E0,9.504590988E0,-1.853241086E0
5.856041724E1,-1.130010486E0,9.497411728E0,-1.879562140E0
5.856279489E1,-1.139581800E0,9.483055115E0,-1.922633052E0
5.856517260E1,-1.149153113E0,9.487840652E0,-1.951346874E0
5.856755104E1,-1.165902853E0,9.478269577E0,-1.936989903E0
5.856992953E1,-1.158724308E0,9.518947601E0,-1.972882271E0
5.857230724E1,-1.165902853E0,9.554840088E0,-1.970489502E0
5.857468494E1,-1.151545882E0,9.578767776E0,-1.960918188E0
5.857706338E1,-1.158724308E0,9.581160545E0,-1.992024899E0
5.857944187E1,-1.165902853E0,9.585947037E0,-2.006381750E0
5.858181953E1,-1.156331539E0,9.602696419E0,-1.970489502E0
5.858419724E1,-1.134796143E0,9.583553314E0,-1.970489502E0
5.858657567E1,-1.161117196E0,9.602696419E0,-1.953739643E0
5.858895416E1,-1.161117196E0,9.595518112E0,-1.958525300E0
5.859133182E1,-1.175474167E0,9.585947037E0,-1.960918188E0
5.859370953E1,-1.175474167E0,9.573982239E0,-1.963310957E0
5.859608802E1,-1.192223907E0,9.578767776E0,-1.960918188E0
5.859846645E1,-1.177866936E0,9.595518112E0,-1.958525300E0
5.860084416E1,-1.165902853E0,9.597910881E0,-1.932204247E0
5.860322187E1,-1.180259824E0,9.590732574E0,-1.932204247E0
5.860560031E1,-1.177866936E0,9.609874725E0,-1.893919110E0
5.860797880E1,-1.163509965E0,9.614660263E0,-1.874776483E0
5.861035645E1,-1.146760225E0,9.624231339E0,-1.850848317E0
5.861273416E1,-1.149153113E0,9.602696419E0,-1.812563181E0
5.861511260E1,-1.137188911E0,9.588339806E0,-1.800599098E0
5.861749109E1,-1.134796143E0,9.578767776E0,-1.793420553E0
5.861986880E1,-1.110867858E0,9.593125343E0,-1.752742529E0
5.862224651E1,-1.103689432E0,9.597910881E0,-1.738086581E0
5.862462494E1,-1.094118118E0,9.600303650E0,-1.740479350E0
5.862700343E1,-1.094118118E0,9.571589470E0,-1.740479350E0
5.862938109E1,-1.079761267E0,9.573982239E0,-1.752742529E0
5.863175880E1,-1.089332461E0,9.550054550E0,-1.764706731E0
5.863413724E1,-1.084546804E0,9.566803932E0,-1.783849239E0
5.863651572E1,-1.067797065E0,9.554840088E0,-1.800599098E0
5.863889338E1,-1.067797065E0,9.576375008E0,-1.812563181E0
5.864127109E1,-1.070189953E0,9.588339806E0,-1.829312921E0
5.864364953E1,-1.070189953E0,9.593125343E0,-1.834098577E0
5.864602802E1,-1.106082320E0,9.602696419E0,-1.838884234E0
5.864840572E1,-1.137188911E0,9.607481956E0,-1.853241086E0
5.865078343E1,-1.163509965E0,9.612267494E0,-1.860419631E0
5.865316187E1,-1.182652593E0,9.612267494E0,-1.891526341E0
5.865554036E1,-1.218544960E0,9.619445801E0,-1.896311998E0
5.865791802E1,-1.259222865E0,9.607481956E0,-1.922633052E0
5.866029573E1,-1.261615753E0,9.612267494E0,-1.927418590E0
5.866267416E1,-1.309472203E0,9.585947037E0,-1.939382792E0
5.866505265E1,-1.292722464E0,9.588339806E0,-1.932204247E0
5.866743031E1,-1.314257860E0,9.597910881E0,-1.925025821E0
5.866980802E1,-1.345364571E0,9.593125343E0,-1.927418590E0
5.867218645E1,-1.369292736E0,9.605089188E0,-1.905883193E0
5.867456494E1,-1.390828133E0,9.629017830E0,-1.920240164E0
5.867694265E1,-1.405185103E0,9.629017830E0,-1.920240164E0
5.867932036E1,-1.421934843E0,9.664909363E0,-1.903490424E0
5.868169880E1,-1.426720500E0,9.662516594E0,-1.877169371E0
5.868407729E1,-1.445863128E0,9.669695854E0,-1.877169371E0
5.868645494E1,-1.443470240E0,9.691230774E0,-1.855633974E0
5.868883265E1,-1.445863128E0,9.684052467E0,-1.831705689E0
5.869121109E1,-1.467398524E0,9.674481392E0,-1.843669891E0
5.869358958E1,-1.474576950E0,9.669695854E0,-1.814955950E0
5.869596729E1,-1.500898004E0,9.686445236E0,-1.755135417E0
5.869834500E1,-1.510469317E0,9.662516594E0,-1.755135417E0
5.870072343E1,-1.481755376E0,9.664909363E0,-1.733300924E0
5.870310192E1,-1.481755376E0,9.633803368E0,-1.711765528E0
5.870547958E1,-1.472184181E0,9.655338287E0,-1.697408557E0
5.870785729E1,-1.429113269E0,9.660123825E0,-1.711765528E0
5.871023573E1,-1.421934843E0,9.636196136E0,-1.690230131E0
5.871261421E1,-1.398006678E0,9.633803368E0,-1.695015788E0
5.871499187E1,-1.395613790E0,9.619445801E0,-1.692622900E0
5.871736958E1,-1.383649707E0,9.645767212E0,-1.699801445E0
5.871974802E1,-1.376471281E0,9.650552750E0,-1.714158297E0
5.872212651E1,-1.354935765E0,9.662516594E0,-1.728515267E0
5.872450421E1,-1.345364571E0,9.696016312E0,-1.740479350E0
5.872688192E1,-1.316650629E0,9.672088623E0,-1.735693693E0
5.872926036E1,-1.314257860E0,9.693623543E0,-1.740479350E0
5.873163885E1,-1.307079315E0,9.650552750E0,-1.745265007E0
5.873401651E1,-1.295115232E0,9.657731056E0,-1.752742529E0
5.873639421E1,-1.271187067E0,9.629017830E0,-1.757528186E0
5.873877265E1,-1.266401410E0,9.638588905E0,-1.762313843E0
5.874115114E1,-1.256830096E0,9.609874725E0,-1.740479350E0
5.874352880E1,-1.249651670E0,9.605089188E0,-1.728515267E0
5.874590651E1,-1.252044439E0,9.607481956E0,-1.709372640E0
5.874828500E1,-1.230509043E0,9.593125343E0,-1.738086581E0
5.875066343E1,-1.230509043E0,9.590732574E0,-1.730908036E0
5.875304114E1,-1.240080357E0,9.593125343E0,-1.714158297E0
5.875541885E1,-1.242473125E0,9.612267494E0,-1.702194214E0
5.875779729E1,-1.182652593E0,9.617053032E0,-1.711765528E0
5.876017578E1,-1.118046403E0,9.645767212E0,-1.733300924E0
5.876255343E1,-1.094118118E0,9.624231339E0,-1.740479350E0
5.876493114E1,-1.134796143E0,9.614660263E0,-1.740479350E0
5.876730958E1,-1.137188911E0,9.621838570E0,-1.721336842E0
5.876968807E1,-1.122832060E0,9.645767212E0,-1.716551185E0
5.877206578E1,-1.103689432E0,9.633803368E0,-1.702194214E0
5.877444349E1,-1.130010486E0,9.643374443E0,-1.728515267E0
5.877682192E1,-1.115653515E0,9.648159981E0,-1.706979871E0
5.877920041E1,-1.094118118E0,9.652945518E0,-1.733300924E0
5.878157807E1,-1.108475089E0,9.655338287E0,-1.740479350E0
5.878395578E1,-1.132403374E0,9.626625061E0,-1.759921074E0
5.878633421E1,-1.103689432E0,9.660123825E0,-1.733300924E0
5.878871270E1,-1.067797065E0,9.660123825E0,-1.771885157E0
5.879109036E1,-1.077368379E0,9.652945518E0,-1.788634896E0
5.879346807E1,-1.060319543E0,9.667302132E0,-1.810170293E0
5.879584651E1,-1.074975610E0,9.660123825E0,-1.836491346E0
5.879822500E1,-1.060319543E0,9.674481392E0,-1.846062660E0
5.880060270E1,-1.050748229E0,9.662516594E0,-1.853241086E0
5.880298041E1,-1.050748229E0,9.657731056E0,-1.872383714E0
5.880535885E1,-1.070189953E0,9.655338287E0,-1.881955028E0
5.880773734E1,-1.062712312E0,9.662516594E0,-1.874776483E0
5.881011500E1,-1.060319543E0,9.662516594E0,-1.896311998E0
5.881249270E1,-1.094118118E0,9.640981674E0,-1.889133453E0
5.881487114E1,-1.134796143E0,9.624231339E0,-1.891526341E0
5.881724963E1,-1.151545882E0,9.638588905E0,-1.867598057E0
5.881962729E1,-1.156331539E0,9.643374443E0,-1.879562140E0
5.882200500E1,-1.122832060E0,9.655338287E0,-1.886740685E0
5.882438349E1,-1.132403374E0,9.609874725E0,-1.886740685E0
5.882676198E1,-1.165902853E0,9.614660263E0,-1.872383714E0
5.882913963E1,-1.149153113E0,9.612267494E0,-1.891526341E0
5.883151734E1,-1.110867858E0,9.621838570E0,-1.905883193E0
5.883389578E1,-1.141974568E0,9.602696419E0,-1.925025821E0
5.883627427E1,-1.168295622E0,9.571589470E0,-1.948953986E0
5.883865192E1,-1.192223907E0,9.564411163E0,-1.972882271E0
5.884102963E1,-1.232901812E0,9.526125908E0,-1.989632010E0
5.884340807E1,-1.278365493E0,9.521340370E0,-2.003988981E0
5.884578656E1,-1.285543919E0,9.504590988E0,-1.968096614E0
5.884816427E1,-1.307079315E0,9.511769295E0,-1.963310957E0
5.885054198E1,-1.350150228E0,9.471091270E0,-1.987239242E0
5.885292041E1,-1.338186026E0,9.499805450E0,-1.958525300E0
5.885529890E1,-1.366899967E0,9.497411728E0,-1.958525300E0
5.885767656E1,-1.362114310E0,9.492626190E0,-1.951346874E0
5.886005427E1,-1.354935765E0,9.506983757E0,-1.960918188E0
5.886243270E1,-1.393221021E0,9.526125908E0,-1.968096614E0
5.886481119E1,-1.374078393E0,9.540482521E0,-1.968096614E0
5.886718885E1,-1.407577872E0,9.523733139E0,-1.989632010E0
5.886956656E1,-1.412363529E0,9.538089752E0,-1.972882271E0
5.887194500E1,-1.374078393E0,9.530911446E0,-1.994417667E0
5.887432349E1,-1.419542074E0,9.523733139E0,-2.018345833E0
5.887670119E1,-1.414756417E0,9.516554832E0,-2.020738840E0
5.887907890E1,-1.393221021E0,9.516554832E0,-2.027917147E0
5.888145734E1,-1.409970760E0,9.526125908E0,-2.051845312E0
5.888383583E1,-1.457827210E0,9.490233421E0,-2.047059774E0
5.888621349E1,-1.405185103E0,9.518947601E0,-2.011167526E0
5.888859119E1,-1.424327731E0,9.506983757E0,-2.054238319E0
5.889096963E1,-1.457827210E0,9.506983757E0,-2.059023857E0
5.889334812E1,-1.486541033E0,9.509376526E0,-2.080559254E0
5.889572583E1,-1.503290772E0,9.499805450E0,-2.030309916E0
5.889810354E1,-1.395613790E0,9.523733139E0,-2.047059774E0
5.890048198E1,-1.378864050E0,9.528518677E0,-2.114058733E0
5.890286046E1,-1.350150228E0,9.514162064E0,-2.149951220E0
5.890523812E1,-1.421934843E0,9.514162064E0,-2.147558212E0
5.890761583E1,-1.402792215E0,9.511769295E0,-2.106880426E0
5.890999427E1,-1.424327731E0,9.523733139E0,-2.109273195E0
5.891237276E1,-1.364507079E0,9.526125908E0,-2.121237278E0
5.891475046E1,-1.359721422E0,9.542876244E0,-2.157129526E0
5.891712817E1,-1.359721422E0,9.526125908E0,-2.152343988E0
5.891950661E1,-1.342971683E0,9.538089752E0,-2.157129526E0
5.892188505E1,-1.316650629E0,9.545269012E0,-2.140379906E0
5.892426276E1,-1.314257860E0,9.540482521E0,-2.137987137E0
5.892664046E1,-1.295115232E0,9.573982239E0,-2.106880426E0
5.892901890E1,-1.309472203E0,9.552447319E0,-2.104487419E0
5.893139739E1,-1.316650629E0,9.550054550E0,-2.087737799E0
5.893377505E1,-1.316650629E0,9.530911446E0,-2.042274237E0
5.893615276E1,-1.287936807E0,9.573982239E0,-2.001596212E0
5.893853119E1,-1.285543919E0,9.557232857E0,-1.965703845E0
5.894090968E1,-1.256830096E0,9.564411163E0,-1.903490424E0
5.894328739E1,-1.275972724E0,9.547661781E0,-1.889133453E0
5.894566510E1,-1.218544960E0,9.557232857E0,-1.867598057E0
5.894804354E1,-1.158724308E0,9.576375008E0,-1.877169371E0
5.895042203E1,-1.187438250E0,9.557232857E0,-1.862812400E0
5.895279968E1,-1.182652593E0,9.569196701E0,-1.838884234E0
5.895517739E1,-1.141974568E0,9.590732574E0,-1.846062660E0
5.895755583E1,-1.182652593E0,9.581160545E0,-1.862812400E0
5.895993432E1,-1.156331539E0,9.576375008E0,-1.831705689E0
5.896231198E1,-1.132403374E0,9.600303650E0,-1.841277003E0
5.896468968E1,-1.197009563E0,9.590732574E0,-1.824527264E0
5.896706817E1,-1.216152072E0,9.578767776E0,-1.774278045E0
5.896944661E1,-1.153938770E0,9.619445801E0,-1.742872238E0
5.897182432E1,-1.189831018E0,9.619445801E0,-1.769492388E0
5.897420203E1,-1.256830096E0,9.602696419E0,-1.735693693E0
5.897658046E1,-1.094118118E0,9.669695854E0,-1.699801445E0
5.897895895E1,-1.108475089E0,9.643374443E0,-1.769492388E0
5.898133661E1,-1.132403374E0,9.655338287E0,-1.764706731E0
5.898371432E1,-1.118046403E0,9.669695854E0,-1.747956991E0
5.898609276E1,-1.108475089E0,9.691230774E0,-1.733300924E0
5.898847125E1,-1.050748229E0,9.700801849E0,-1.774278045E0
5.899084895E1,-1.031605721E0,9.710372925E0,-1.798206210E0
5.899322666E1,-1.014855862E0,9.727123260E0,-1.769492388E0
5.899560510E1,-1.019641519E0,9.717552185E0,-1.798206210E0
5.899798359E1,-1.043569803E0,9.724730492E0,-1.781456470E0
5.900036124E1,-1.007677436E0,9.729516029E0,-1.752742529E0
5.900273895E1,-9.957132936E-1,9.710372925E0,-1.740479350E0
5.900511739E1,-1.012463093E0,9.712766647E0,-1.726122379E0
5.900749588E1,-9.909276962E-1,9.715159416E0,-1.690230131E0
5.900987354E1,-1.005284667E0,9.674481392E0,-1.678265929E0
5.901225124E1,-9.909276962E-1,9.645767212E0,-1.668694735E0
5.901462974E1,-1.000499010E0,9.669695854E0,-1.661516190E0
5.901700817E1,-1.007677436E0,9.626625061E0,-1.644766450E0
5.901938588E1,-1.043569803E0,9.609874725E0,-1.628016710E0
5.902176359E1,-1.103689432E0,9.607481956E0,-1.599302888E0
5.902414203E1,-1.122832060E0,9.602696419E0,-1.604088426E0
5.902652052E1,-1.149153113E0,9.607481956E0,-1.604088426E0
5.902889817E1,-1.103689432E0,9.612267494E0,-1.596910000E0
5.903127588E1,-1.106082320E0,9.660123825E0,-1.611266971E0
5.903365432E1,-1.098903775E0,9.650552750E0,-1.613659739E0
5.903603281E1,-1.127617717E0,9.698409081E0,-1.606481314E0
5.903841052E1,-1.115653515E0,9.691230774E0,-1.613659739E0
5.904078823E1,-1.086939692E0,9.712766647E0,-1.616052628E0
5.904316666E1,-1.125224829E0,9.710372925E0,-1.639980793E0
5.904554515E1,-1.127617717E0,9.722337723E0,-1.642373681E0
5.904792281E1,-1.115653515E0,9.698409081E0,-1.668694735E0
5.905030052E1,-1.103689432E0,9.705587387E0,-1.649552107E0
5.905267895E1,-1.101296663E0,9.703194618E0,-1.668694735E0
5.905505744E1,-1.115653515E0,9.664909363E0,-1.685444474E0
5.905743510E1,-1.091725349E0,9.652945518E0,-1.690230131E0
5.905981281E1,-1.070189953E0,9.624231339E0,-1.702194214E0
5.906219124E1,-1.036391258E0,9.590732574E0,-1.726122379E0
5.906456974E1,-1.005284667E0,9.585947037E0,-1.774278045E0
5.906694744E1,-1.007677436E0,9.533304214E0,-1.798206210E0
5.906932515E1,-9.909276962E-1,9.521340370E0,-1.824527264E0
5.907170359E1,-9.693922997E-1,9.492626190E0,-1.831705689E0
5.907408208E1,-1.000499010E0,9.449555397E0,-1.838884234E0
5.907645974E1,-9.837492108E-1,9.444769859E0,-1.853241086E0
5.907883744E1,-9.765707254E-1,9.451948166E0,-1.841277003E0
5.908121588E1,-9.622138143E-1,9.423234940E0,-1.838884234E0
5.908359437E1,-9.502496719E-1,9.418449402E0,-1.858026743E0
5.908597208E1,-9.095717072E-1,9.425627708E0,-1.872383714E0
5.908834979E1,-8.808578253E-1,9.418449402E0,-1.893919110E0
5.909072823E1,-8.688937426E-1,9.437591553E0,-1.903490424E0
5.909310671E1,-8.736793399E-1,9.432806015E0,-1.929811478E0
5.909548437E1,-8.473583460E-1,9.430413246E0,-1.910668850E0
5.909786208E1,-8.330013752E-1,9.423234940E0,-1.927418590E0
5.910024052E1,-8.712865710E-1,9.432806015E0,-1.910668850E0
5.910261901E1,-8.688937426E-1,9.420842171E0,-1.946561217E0
5.910499666E1,-8.856434822E-1,9.447162628E0,-1.972882271E0
5.910737437E1,-8.976075649E-1,9.428020477E0,-1.953739643E0
5.910975286E1,-9.191430211E-1,9.456734657E0,-1.980060697E0
5.911213135E1,-9.287142754E-1,9.483055115E0,-1.960918188E0
5.911450901E1,-9.430712461E-1,9.509376526E0,-1.963310957E0
5.911688671E1,-9.598209858E-1,9.535696983E0,-1.975275040E0
5.911926515E1,-9.933205247E-1,9.557232857E0,-1.987239242E0
5.912164364E1,-9.933205247E-1,9.588339806E0,-2.003988981E0
5.912402130E1,-1.017248750E0,9.593125343E0,-2.025524378E0
5.912639901E1,-1.043569803E0,9.629017830E0,-2.027917147E0
5.912877744E1,-1.091725349E0,9.638588905E0,-2.018345833E0
5.913115593E1,-1.113260746E0,9.660123825E0,-2.015953064E0
5.913353364E1,-1.130010486E0,9.669695854E0,-2.015953064E0
5.913591135E1,-1.180259824E0,9.652945518E0,-2.003988981E0
5.913828979E1,-1.237687469E0,9.686445236E0,-2.006381750E0
5.914066828E1,-1.271187067E0,9.679266930E0,-1.984846354E0
5.914304593E1,-1.280758262E0,9.717552185E0,-2.015953064E0
5.914542364E1,-1.335793257E0,9.693623543E0,-1.972882271E0
5.914780208E1,-1.335793257E0,9.693623543E0,-1.987239242E0
5.915018057E1,-1.378864050E0,9.705587387E0,-1.972882271E0
5.915255823E1,-1.390828133E0,9.681659698E0,-1.958525300E0
5.915493593E1,-1.395613790E0,9.679266930E0,-1.905883193E0
5.915731442E1,-1.405185103E0,9.648159981E0,-1.886740685E0
5.915969291E1,-1.386042476E0,9.612267494E0,-1.850848317E0
5.916207057E1,-1.362114310E0,9.609874725E0,-1.810170293E0
5.916444828E1,-1.307079315E0,9.557232857E0,-1.781456470E0
5.916682671E1,-1.321436286E0,9.540482521E0,-1.740479350E0
5.916920520E1,-1.278365493E0,9.499805450E0,-1.680658817E0
5.917158286E1,-1.283151150E0,9.451948166E0,-1.632802367E0
5.917396057E1,-1.242473125E0,9.449555397E0,-1.582553029E0
5.917633906E1,-1.204187989E0,9.447162628E0,-1.570588946E0
5.917871750E1,-1.173081279E0,9.480662346E0,-1.534696579E0
5.918109520E1,-1.161117196E0,9.478269577E0,-1.522732496E0
5.918347291E1,-1.096511006E0,9.444769859E0,-1.465304732E0
5.918585135E1,-1.065105200E0,9.480662346E0,-1.470090389E0
5.918822984E1,-9.885348678E-1,9.492626190E0,-1.498804331E0
5.919060750E1,-9.669994712E-1,9.521340370E0,-1.482054472E0
5.919298520E1,-9.119645357E-1,9.509376526E0,-1.520339727E0
5.919536364E1,-9.263214469E-1,9.497411728E0,-1.537089467E0
5.919774213E1,-9.334999323E-1,9.506983757E0,-1.517946839E0
5.920011984E1,-9.406784177E-1,9.502198219E0,-1.525125384E0
5.920249755E1,-9.669994712E-1,9.502198219E0,-1.553839207E0
5.920487598E1,-9.741778970E-1,9.492626190E0,-1.587338686E0
5.920725448E1,-1.019641519E0,9.521340370E0,-1.613659739E0
5.920963213E1,-1.062712312E0,9.506983757E0,-1.654337764E0
5.921200984E1,-1.125224829E0,9.511769295E0,-1.678265929E0
5.921438828E1,-1.161117196E0,9.528518677E0,-1.678265929E0
5.921676677E1,-1.228116274E0,9.545269012E0,-1.711765528E0
5.921914448E1,-1.254437327E0,9.521340370E0,-1.735693693E0
5.922152218E1,-1.292722464E0,9.557232857E0,-1.786242127E0
5.922390062E1,-1.319043517E0,9.557232857E0,-1.838884234E0
5.922627911E1,-1.347757339E0,9.559625626E0,-1.886740685E0
5.922865677E1,-1.438684583E0,9.538089752E0,-1.936989903E0
5.923103448E1,-1.512862086E0,9.528518677E0,-1.980060697E0
5.923341291E1,-1.572682738E0,9.518947601E0,-1.987239242E0
5.923579140E1,-1.625324726E0,9.497411728E0,-2.018345833E0
5.923816906E1,-1.666301847E0,9.487840652E0,-2.068595171E0
5.924054677E1,-1.726122379E0,9.483055115E0,-2.063809633E0
5.924292520E1,-1.728515267E0,9.492626190E0,-2.087737799E0
5.924530369E1,-1.778764486E0,9.495018959E0,-2.102094650E0
5.924768140E1,-1.805085540E0,9.511769295E0,-2.087737799E0
5.925005911E1,-1.795514345E0,9.504590988E0,-2.126022816E0
5.925243755E1,-1.802692771E0,9.526125908E0,-2.149951220E0
5.925481604E1,-1.781157374E0,9.535696983E0,-2.157129526E0
5.925719369E1,-1.817049742E0,9.523733139E0,-2.169093609E0
5.925957140E1,-1.785943031E0,9.554840088E0,-2.154736757E0
5.926194984E1,-1.733300924E0,9.552447319E0,-2.169093609E0
5.926432833E1,-1.745265007E0,9.550054550E0,-2.178664923E0
5.926670604E1,-1.742872238E0,9.557232857E0,-2.178664923E0
5.926908374E1,-1.740479350E0,9.562018394E0,-2.142772675E0
5.927146218E1,-1.697408557E0,9.576375008E0,-2.161915302E0
5.927384067E1,-1.678265929E0,9.597910881E0,-2.157129526E0
5.927621833E1,-1.666301847E0,9.600303650E0,-2.152343988E0
5.927859604E1,-1.628016710E0,9.621838570E0,-2.109273195E0
5.928097448E1,-1.632802367E0,9.609874725E0,-2.082952023E0
5.928335296E1,-1.635195136E0,9.633803368E0,-2.032702923E0
5.928573067E1,-1.589432478E0,9.638588905E0,-1.994417667E0
5.928810838E1,-1.572682738E0,9.633803368E0,-1.977667928E0
5.929048682E1,-1.520040631E0,9.676874161E0,-1.963310957E0
5.929286531E1,-1.474576950E0,9.700801849E0,-1.946561217E0
5.929524296E1,-1.436291814E0,9.696016312E0,-1.941775560E0
5.929762067E1,-1.388435364E0,9.703194618E0,-1.925025821E0
5.929999911E1,-1.333400369E0,9.696016312E0,-1.913061738E0
5.930237760E1,-1.314257860E0,9.707980156E0,-1.920240164E0
5.930475526E1,-1.285543919E0,9.688838005E0,-1.903490424E0
5.930713296E1,-1.290329576E0,9.715159416E0,-1.908276081E0
5.930951145E1,-1.285543919E0,9.727123260E0,-1.913061738E0
5.931188994E1,-1.292722464E0,9.719944954E0,-1.886740685E0
5.931426760E1,-1.307079315E0,9.739087105E0,-1.853241086E0
5.931664531E1,-1.299900889E0,9.734301567E0,-1.846062660E0
5.931902374E1,-1.364507079E0,9.739087105E0,-1.860419631E0
5.932140224E1,-1.407577872E0,9.748658180E0,-1.879562140E0
5.932377989E1,-1.453041553E0,9.743872643E0,-1.872383714E0
5.932615760E1,-1.491326690E0,9.739087105E0,-1.884347796E0
5.932853604E1,-1.536790371E0,9.717552185E0,-1.903490424E0
5.933091453E1,-1.596610904E0,9.703194618E0,-1.922633052E0
5.933329224E1,-1.637588024E0,9.681659698E0,-1.929811478E0
5.933566994E1,-1.671087503E0,9.667302132E0,-1.968096614E0
5.933804838E1,-1.680658817E0,9.652945518E0,-1.987239242E0
5.934042687E1,-1.711765528E0,9.633803368E0,-2.032702923E0
5.934280453E1,-1.718943954E0,9.597910881E0,-2.063809633E0
5.934518224E1,-1.726122379E0,9.554840088E0,-2.080559254E0
5.934756067E1,-1.769193292E0,9.547661781E0,-2.097309113E0
5.934993916E1,-1.769193292E0,9.526125908E0,-2.102094650E0
5.935231687E1,-1.783550143E0,9.530911446E0,-2.090130568E0
5.935469458E1,-1.795514345E0,9.528518677E0,-2.090130568E0
5.935707302E1,-1.807478428E0,9.499805450E0,-2.080559254E0
5.935945151E1,-1.807478428E0,9.480662346E0,-2.037488461E0
5.936182916E1,-1.766800404E0,9.483055115E0,-2.006381750E0
5.936420687E1,-1.735693693E0,9.487840652E0,-1.989632010E0
5.936658531E1,-1.752443433E0,9.485447884E0,-1.968096614E0
5.936896380E1,-1.766800404E0,9.495018959E0,-1.898704767E0
5.937134151E1,-1.752443433E0,9.471091270E0,-1.838884234E0
5.937371921E1,-1.711765528E0,9.504590988E0,-1.802991867E0
5.937609765E1,-1.690230131E0,9.530911446E0,-1.750349760E0
5.937847614E1,-1.685444474E0,9.566803932E0,-1.706979871E0
5.938085380E1,-1.723729610E0,9.552447319E0,-1.656730533E0
5.938323151E1,-1.706979871E0,9.590732574E0,-1.601695657E0
5.938560994E1,-1.709372640E0,9.590732574E0,-1.534696579E0
5.938798843E1,-1.711765528E0,9.631410599E0,-1.508375525E0
5.939036614E1,-1.711765528E0,9.652945518E0,-1.491625786E0
5.939274385E1,-1.714158297E0,9.681659698E0,-1.494018674E0
5.939512229E1,-1.687837243E0,9.679266930E0,-1.532303810E0
5.939750078E1,-1.716551185E0,9.684052467E0,-1.544267893E0
5.939987843E1,-1.699801445E0,9.684052467E0,-1.553839207E0
5.940225614E1,-1.711765528E0,9.686445236E0,-1.577767372E0
5.940463458E1,-1.690230131E0,9.669695854E0,-1.599302888E0
5.940701307E1,-1.673480392E0,9.662516594E0,-1.637588024E0
5.940939072E1,-1.659123421E0,9.636196136E0,-1.680658817E0
5.941176843E1,-1.671087503E0,9.624231339E0,-1.723729610E0
5.941414692E1,-1.666301847E0,9.609874725E0,-1.750349760E0
5.941652541E1,-1.678265929E0,9.595518112E0,-1.795813441E0
5.941890307E1,-1.644766450E0,9.552447319E0,-1.819741607E0
5.942128078E1,-1.635195136E0,9.502198219E0,-1.865205288E0
5.942365921E1,-1.608574986E0,9.511769295E0,-1.910668850E0
5.942603770E1,-1.596610904E0,9.502198219E0,-1.970489502E0
5.942841536E1,-1.591825247E0,9.490233421E0,-1.977667928E0
5.943079307E1,-1.587039590E0,9.468698502E0,-1.994417667E0
5.943317156E1,-1.553540111E0,9.425627708E0,-2.013560295E0
5.943555000E1,-1.505683661E0,9.413662910E0,-2.032702923E0
5.943792770E1,-1.484148264E0,9.435198784E0,-2.042274237E0
5.944030541E1,-1.438684583E0,9.444769859E0,-2.073380709E0
5.944268385E1,-1.419542074E0,9.463912964E0,-2.075773716E0
5.944506234E1,-1.412363529E0,9.480662346E0,-2.090130568E0
5.944744000E1,-1.431506157E0,9.463912964E0,-2.066202402E0
5.944981770E1,-1.450648785E0,9.471091270E0,-2.042274237E0
5.945219614E1,-1.441077471E0,9.459127426E0,-1.994417667E0
5.945457463E1,-1.450648785E0,9.485447884E0,-1.960918188E0
5.945695234E1,-1.455434322E0,9.521340370E0,-1.939382792E0
5.945933005E1,-1.448255897E0,9.528518677E0,-1.936989903E0
5.946170848E1,-1.421934843E0,9.573982239E0,-1.898704767E0
5.946408698E1,-1.419542074E0,9.597910881E0,-1.881955028E0
5.946646463E1,-1.374078393E0,9.614660263E0,-1.829312921E0
5.946884234E1,-1.316650629E0,9.638588905E0,-1.824527264E0
5.947122078E1,-1.335793257E0,9.619445801E0,-1.802991867E0
5.947359927E1,-1.366899967E0,9.597910881E0,-1.786242127E0
5.947597698E1,-1.359721422E0,9.609874725E0,-1.752742529E0
5.947835468E1,-1.331007600E0,9.638588905E0,-1.738086581E0
5.948073312E1,-1.328614831E0,9.655338287E0,-1.752742529E0
5.948311161E1,-1.323829174E0,9.664909363E0,-1.718943954E0
5.948548927E1,-1.309472203E0,9.681659698E0,-1.718943954E0
5.948786698E1,-1.271187067E0,9.700801849E0,-1.728515267E0
5.949024541E1,-1.218544960E0,9.691230774E0,-1.709372640E0
5.949262390E1,-1.218544960E0,9.729516029E0,-1.742872238E0
5.949500161E1,-1.199402332E0,9.751050949E0,-1.706979871E0
5.949737932E1,-1.175474167E0,9.777671814E0,-1.740479350E0
5.949975776E1,-1.211366415E0,9.777671814E0,-1.723729610E0
5.950213624E1,-1.228116274E0,9.801599503E0,-1.742872238E0
5.950451390E1,-1.247258782E0,9.818349838E0,-1.716551185E0
5.950689161E1,-1.285543919E0,9.813564301E0,-1.752742529E0
5.950927005E1,-1.299900889E0,9.835099220E0,-1.714158297E0
5.951164854E1,-1.345364571E0,9.868598938E0,-1.735693693E0
5.951402625E1,-1.395613790E0,9.866206169E0,-1.733300924E0
5.951640395E1,-1.436291814E0,9.894919395E0,-1.759921074E0
5.951878239E1,-1.443470240E0,9.914062500E0,-1.779063582E0
5.952116088E1,-1.493719578E0,9.914062500E0,-1.836491346E0
5.952353854E1,-1.565504193E0,9.930811882E0,-1.855633974E0
5.952591625E1,-1.608574986E0,9.930811882E0,-1.901097536E0
5.952829468E1,-1.610967875E0,9.935597420E0,-1.932204247E0
5.953067317E1,-1.625324726E0,9.906884193E0,-1.994417667E0
5.953305088E1,-1.644766450E0,9.890133858E0,-2.035095692E0
5.953542859E1,-1.663909078E0,9.878170013E0,-2.080559254E0
5.953780703E1,-1.671087503E0,9.813564301E0,-2.049452543E0
5.954018552E1,-1.699801445E0,9.748658180E0,-2.054238319E0
5.954256317E1,-1.733300924E0,9.715159416E0,-2.025524378E0
5.954494088E1,-1.723729610E0,9.676874161E0,-2.003988981E0
5.954731932E1,-1.718943954E0,9.614660263E0,-1.927418590E0
5.954969781E1,-1.721336842E0,9.585947037E0,-1.879562140E0
5.955207552E1,-1.683051586E0,9.526125908E0,-1.850848317E0
5.955445322E1,-1.630409479E0,9.478269577E0,-1.798206210E0
5.955683166E1,-1.555932879E0,9.466305733E0,-1.802991867E0
5.955921015E1,-1.484148264E0,9.432806015E0,-1.767099500E0
5.956158781E1,-1.424327731E0,9.420842171E0,-1.745265007E0
5.956396552E1,-1.393221021E0,9.389735222E0,-1.733300924E0
5.956634395E1,-1.362114310E0,9.356235504E0,-1.714158297E0
5.956872244E1,-1.338186026E0,9.353842735E0,-1.706979871E0
5.957110015E1,-1.264008522E0,9.337093353E0,-1.699801445E0
5.957347786E1,-1.235294700E0,9.363413811E0,-1.690230131E0
5.957585630E1,-1.211366415E0,9.380164146E0,-1.709372640E0
5.957823479E1,-1.137188911E0,9.430413246E0,-1.742872238E0
5.958061244E1,-1.115653515E0,9.432806015E0,-1.747956991E0
5.958299015E1,-1.122832060E0,9.466305733E0,-1.795813441E0
5.958536859E1,-1.115653515E0,9.468698502E0,-1.805384636E0
5.958774708E1,-1.096511006E0,9.490233421E0,-1.819741607E0
5.959012479E1,-1.065105200E0,9.540482521E0,-1.867598057E0
5.959250250E1,-1.026820064E0,9.533304214E0,-1.901097536E0
5.959488093E1,-1.065105200E0,9.528518677E0,-1.893919110E0
5.959725942E1,-1.127617717E0,9.502198219E0,-1.905883193E0
5.959963708E1,-1.156331539E0,9.502198219E0,-1.884347796E0
5.960201479E1,-1.122832060E0,9.506983757E0,-1.872383714E0
5.960439322E1,-1.103689432E0,9.492626190E0,-1.910668850E0
5.960677171E1,-1.161117196E0,9.466305733E0,-1.939382792E0
5.960914942E1,-1.177866936E0,9.442377090E0,-1.925025821E0
5.961152713E1,-1.232901812E0,9.408877373E0,-1.944168448E0
5.961390557E1,-1.273579836E0,9.353842735E0,-1.920240164E0
5.961628406E1,-1.335793257E0,9.363413811E0,-1.951346874E0
5.961866171E1,-1.402792215E0,9.320343018E0,-1.934597135E0
5.962103942E1,-1.438684583E0,9.332307816E0,-1.929811478E0
5.962341786E1,-1.381256819E0,9.363413811E0,-1.953739643E0
5.962579635E1,-1.417149186E0,9.384949684E0,-1.975275040E0
5.962817406E1,-1.462612867E0,9.384949684E0,-1.965703845E0
5.963055177E1,-1.479362607E0,9.394520760E0,-1.929811478E0
5.963293020E1,-1.498505235E0,9.416056633E0,-1.946561217E0
5.963530869E1,-1.553540111E0,9.459127426E0,-1.901097536E0
5.963768635E1,-1.503290772E0,9.480662346E0,-1.881955028E0
5.964006406E1,-1.453041553E0,9.523733139E0,-1.877169371E0
5.964244250E1,-1.448255897E0,9.576375008E0,-1.874776483E0
5.964482098E1,-1.383649707E0,9.588339806E0,-1.874776483E0
5.964719869E1,-1.438684583E0,9.581160545E0,-1.867598057E0
5.964957640E1,-1.436291814E0,9.607481956E0,-1.814955950E0
5.965195484E1,-1.443470240E0,9.607481956E0,-1.781456470E0
5.965433333E1,-1.472184181E0,9.638588905E0,-1.771885157E0
5.965671099E1,-1.567897081E0,9.597910881E0,-1.733300924E0
5.965908869E1,-1.596610904E0,9.624231339E0,-1.716551185E0
5.966146713E1,-1.603789330E0,9.688838005E0,-1.718943954E0
5.966384562E1,-1.555932879E0,9.729516029E0,-1.735693693E0
5.966622333E1,-1.529611826E0,9.792028427E0,-1.757528186E0
5.966860104E1,-1.486541033E0,9.784850121E0,-1.759921074E0
5.967097948E1,-1.409970760E0,9.806385040E0,-1.781456470E0
5.967335796E1,-1.419542074E0,9.796813965E0,-1.836491346E0
5.967573562E1,-1.462612867E0,9.775279045E0,-1.872383714E0
5.967811333E1,-1.443470240E0,9.808777809E0,-1.893919110E0
5.968049182E1,-1.338186026E0,9.837491989E0,-1.956132531E0
5.968287031E1,-1.340578914E0,9.803992271E0,-2.015953064E0
5.968524796E1,-1.388435364E0,9.772586823E0,-2.027917147E0
5.968762567E1,-1.390828133E0,9.739087105E0,-2.015953064E0
5.969000411E1,-1.319043517E0,9.751050949E0,-2.037488461E0
5.969238260E1,-1.285543919E0,9.753444672E0,-2.106880426E0
5.969476026E1,-1.297508121E0,9.770194054E0,-2.140379906E0
5.969713796E1,-1.302293777E0,9.739087105E0,-2.126022816E0
5.969951645E1,-1.338186026E0,9.700801849E0,-2.128415823E0
5.970189494E1,-1.362114310E0,9.693623543E0,-2.121237278E0
5.970427260E1,-1.433898926E0,9.681659698E0,-2.135594130E0
5.970665031E1,-1.429113269E0,9.717552185E0,-2.126022816E0
5.970902875E1,-1.457827210E0,9.700801849E0,-2.164308071E0
5.971140724E1,-1.469791293E0,9.679266930E0,-2.178664923E0
5.971378494E1,-1.539183140E0,9.638588905E0,-2.176272154E0
5.971616265E1,-1.603789330E0,9.617053032E0,-2.126022816E0
5.971854109E1,-1.603789330E0,9.643374443E0,-2.104487419E0
5.972091958E1,-1.625324726E0,9.640981674E0,-2.087737799E0
5.972329724E1,-1.673480392E0,9.607481956E0,-2.061416626E0
5.972567494E1,-1.771586061E0,9.571589470E0,-2.011167526E0
5.972805338E1,-1.788335800E0,9.559625626E0,-1.944168448E0
5.973043187E1,-1.785943031E0,9.545269012E0,-1.886740685E0
5.973280958E1,-1.783550143E0,9.523733139E0,-1.869990945E0
5.973518729E1,-1.819442511E0,9.463912964E0,-1.810170293E0
5.973756572E1,-1.831406593E0,9.423234940E0,-1.779063582E0
5.973994421E1,-1.860120535E0,9.404091835E0,-1.702194214E0
5.974232187E1,-1.884048700E0,9.372985840E0,-1.678265929E0
5.974469958E1,-1.872084618E0,9.394520760E0,-1.632802367E0
5.974707802E1,-1.807478428E0,9.396913528E0,-1.647159338E0
5.974945651E1,-1.800299883E0,9.425627708E0,-1.685444474E0
5.975183421E1,-1.769193292E0,9.442377090E0,-1.702194214E0
5.975421192E1,-1.762014747E0,9.420842171E0,-1.735693693E0
5.975659036E1,-1.762014747E0,9.430413246E0,-1.771885157E0
5.975896885E1,-1.771586061E0,9.423234940E0,-1.791027784E0
5.976134651E1,-1.764407635E0,9.430413246E0,-1.822134495E0
5.976372421E1,-1.840977907E0,9.392127991E0,-1.843669891E0
5.976610265E1,-1.905584097E0,9.389735222E0,-1.846062660E0
5.976848114E1,-1.910369754E0,9.401699066E0,-1.838884234E0
5.977085885E1,-1.910369754E0,9.425627708E0,-1.879562140E0
5.977323656E1,-1.821835399E0,9.442377090E0,-1.903490424E0
5.977561500E1,-1.742872238E0,9.497411728E0,-1.960918188E0
5.977799348E1,-1.625324726E0,9.538089752E0,-2.049452543E0
5.978037114E1,-1.591825247E0,9.530911446E0,-2.102094650E0
5.978274885E1,-1.628016710E0,9.506983757E0,-2.166700840E0
5.978512734E1,-1.683051586E0,9.516554832E0,-2.195414782E0
5.978750583E1,-1.706979871E0,9.497411728E0,-2.240878344E0
5.978988349E1,-1.711765528E0,9.483055115E0,-2.334497690E0
5.979226119E1,-1.656730533E0,9.466305733E0,-2.351247311E0
5.979463963E1,-1.572682738E0,9.420842171E0,-2.372782707E0
5.979701812E1,-1.488933921E0,9.387342453E0,-2.336890459E0
5.979939583E1,-1.443470240E0,9.358628273E0,-2.293520451E0
5.980177354E1,-1.429113269E0,9.320343018E0,-2.245664120E0
5.980415198E1,-1.371685624E0,9.344271660E0,-2.209771633E0
5.980653046E1,-1.331007600E0,9.370592117E0,-2.173879385E0
5.980890812E1,-1.371685624E0,9.382556915E0,-2.178664923E0
5.981128583E1,-1.352542996E0,9.404091835E0,-2.166700840E0
5.981366427E1,-1.328614831E0,9.437591553E0,-2.128415823E0
5.981604276E1,-1.307079315E0,9.454340935E0,-2.140379906E0
5.981842046E1,-1.299900889E0,9.492626190E0,-2.126022816E0
5.982079817E1,-1.311864972E0,9.471091270E0,-2.130808592E0
5.982317661E1,-1.314257860E0,9.423234940E0,-2.104487419E0
5.982555510E1,-1.290329576E0,9.425627708E0,-2.068595171E0
5.982793276E1,-1.275972724E0,9.408877373E0,-2.056631088E0
5.983031046E1,-1.338186026E0,9.327521324E0,-2.020738840E0
5.983268895E1,-1.400399446E0,9.308379173E0,-1.965703845E0
5.983506744E1,-1.445863128E0,9.282057762E0,-1.925025821E0
5.983744510E1,-1.481755376E0,9.282057762E0,-1.872383714E0
5.983982281E1,-1.512862086E0,9.294022560E0,-1.824527264E0
5.984220125E1,-1.563111424E0,9.289237022E0,-1.817348838E0
5.984457974E1,-1.591825247E0,9.313164711E0,-1.798206210E0
5.984695744E1,-1.639980793E0,9.334700584E0,-1.750349760E0
5.984933515E1,-1.659123421E0,9.358628273E0,-1.757528186E0
5.985171359E1,-1.647159338E0,9.396913528E0,-1.735693693E0
5.985409208E1,-1.656730533E0,9.437591553E0,-1.752742529E0
5.985646974E1,-1.656730533E0,9.463912964E0,-1.738086581E0
5.985884744E1,-1.651944876E0,9.480662346E0,-1.740479350E0
5.986122588E1,-1.637588024E0,9.530911446E0,-1.755135417E0
5.986360437E1,-1.647159338E0,9.542876244E0,-1.733300924E0
5.986598208E1,-1.649552107E0,9.528518677E0,-1.740479350E0
5.986835979E1,-1.673480392E0,9.569196701E0,-1.738086581E0
5.987073823E1,-1.678265929E0,9.554840088E0,-1.767099500E0
5.987311671E1,-1.721336842E0,9.554840088E0,-1.774278045E0
5.987549437E1,-1.726122379E0,9.571589470E0,-1.783849239E0
5.987787208E1,-1.745265007E0,9.585947037E0,-1.805384636E0
5.988025052E1,-1.733300924E0,9.588339806E0,-1.822134495E0
5.988262901E1,-1.740479350E0,9.614660263E0,-1.834098577E0
5.988500671E1,-1.704586983E0,9.607481956E0,-1.903490424E0
5.988738442E1,-1.695015788E0,9.640981674E0,-1.939382792E0
5.988976286E1,-1.704586983E0,9.648159981E0,-1.963310957E0
5.989214135E1,-1.699801445E0,9.645767212E0,-1.960918188E0
5.989451906E1,-1.659123421E0,9.638588905E0,-1.984846354E0
5.989689677E1,-1.647159338E0,9.638588905E0,-1.999203324E0
5.989927520E1,-1.606182218E0,9.650552750E0,-2.039881229E0
5.990165369E1,-1.567897081E0,9.660123825E0,-2.044667006E0
5.990403135E1,-1.560718536E0,9.636196136E0,-2.013560295E0
5.990640906E1,-1.548754454E0,9.640981674E0,-2.035095692E0
5.990878750E1,-1.536790371E0,9.607481956E0,-2.020738840E0
5.991116599E1,-1.498505235E0,9.590732574E0,-2.020738840E0
5.991354369E1,-1.500898004E0,9.571589470E0,-2.042274237E0
5.991592140E1,-1.479362607E0,9.547661781E0,-2.013560295E0
5.991829984E1,-1.467398524E0,9.569196701E0,-2.015953064E0
5.992067833E1,-1.472184181E0,9.576375008E0,-1.996810555E0
5.992305599E1,-1.431506157E0,9.583553314E0,-1.994417667E0
5.992543369E1,-1.409970760E0,9.605089188E0,-2.027917147E0
5.992781213E1,-1.388435364E0,9.600303650E0,-2.006381750E0
5.993019062E1,-1.407577872E0,9.600303650E0,-2.037488461E0
5.993256833E1,-1.405185103E0,9.640981674E0,-2.018345833E0
5.993494604E1,-1.409970760E0,9.617053032E0,-2.003988981E0
5.993732448E1,-1.414756417E0,9.600303650E0,-1.994417667E0
5.993970296E1,-1.455434322E0,9.633803368E0,-1.980060697E0
5.994208067E1,-1.460219979E0,9.626625061E0,-1.958525300E0
5.994445838E1,-1.474576950E0,9.636196136E0,-1.951346874E0
5.994683682E1,-1.472184181E0,9.633803368E0,-1.925025821E0
5.994921531E1,-1.515254974E0,9.652945518E0,-1.913061738E0
5.995159296E1,-1.575075507E0,9.640981674E0,-1.896311998E0
5.995397067E1,-1.594218135E0,9.650552750E0,-1.879562140E0
5.995634911E1,-1.628016710E0,9.638588905E0,-1.836491346E0
5.995872760E1,-1.656730533E0,9.660123825E0,-1.843669891E0
5.996110531E1,-1.649552107E0,9.640981674E0,-1.791027784E0
5.996348302E1,-1.649552107E0,9.657731056E0,-1.791027784E0
5.996586145E1,-1.671087503E0,9.676874161E0,-1.774278045E0
5.996823994E1,-1.644766450E0,9.667302132E0,-1.776670814E0
5.997061765E1,-1.649552107E0,9.645767212E0,-1.781456470E0
5.997299536E1,-1.651944876E0,9.652945518E0,-1.795813441E0
5.997537380E1,-1.661516190E0,9.672088623E0,-1.800599098E0
5.997775229E1,-1.630409479E0,9.652945518E0,-1.822134495E0
5.998012994E1,-1.647159338E0,9.655338287E0,-1.819741607E0
5.998250765E1,-1.639980793E0,9.650552750E0,-1.853241086E0
5.998488609E1,-1.637588024E0,9.652945518E0,-1.874776483E0
5.998726458E1,-1.642373681E0,9.667302132E0,-1.896311998E0
5.998964229E1,-1.560718536E0,9.674481392E0,-1.872383714E0
5.999202000E1,-1.393221021E0,9.729516029E0,-1.965703845E0
5.999439843E1,-1.393221021E0,9.696016312E0,-2.047059774E0
5.999677692E1,-1.500898004E0,9.664909363E0,-2.061416626E0
5.999915458E1,-1.438684583E0,9.674481392E0,-1.999203324E0
6.000153229E1,-1.328614831E0,9.698409081E0,-2.056631088E0
6.000391078E1,-1.292722464E0,9.657731056E0,-2.114058733E0
6.000628927E1,-1.311864972E0,9.643374443E0,-2.130808592E0
6.000866692E1,-1.297508121E0,9.612267494E0,-2.111665964E0
6.001104463E1,-1.273579836E0,9.612267494E0,-2.123630047E0
6.001342307E1,-1.299900889E0,9.535696983E0,-2.087737799E0
6.001580156E1,-1.311864972E0,9.530911446E0,-2.075773716E0
6.001817927E1,-1.285543919E0,9.499805450E0,-2.059023857E0
6.002055698E1,-1.283151150E0,9.483055115E0,-2.066202402E0
6.002293541E1,-1.326221943E0,9.449555397E0,-2.054238319E0
6.002531390E1,-1.364507079E0,9.430413246E0,-2.006381750E0
6.002769156E1,-1.357328653E0,9.425627708E0,-1.965703845E0
6.003006927E1,-1.319043517E0,9.439984322E0,-1.987239242E0
6.003244776E1,-1.326221943E0,9.430413246E0,-1.951346874E0
6.003482625E1,-1.333400369E0,9.423234940E0,-1.951346874E0
6.003720390E1,-1.328614831E0,9.418449402E0,-1.893919110E0
6.003958161E1,-1.354935765E0,9.408877373E0,-1.879562140E0
6.004196005E1,-1.357328653E0,9.408877373E0,-1.853241086E0
6.004433854E1,-1.352542996E0,9.430413246E0,-1.831705689E0
6.004671625E1,-1.386042476E0,9.420842171E0,-1.814955950E0
6.004909395E1,-1.426720500E0,9.428020477E0,-1.793420553E0
6.005147239E1,-1.491326690E0,9.430413246E0,-1.793420553E0
6.005385088E1,-1.503290772E0,9.456734657E0,-1.750349760E0
6.005622854E1,-1.575075507E0,9.456734657E0,-1.704586983E0
6.005860625E1,-1.622931957E0,9.495018959E0,-1.671087503E0
6.006098474E1,-1.618146300E0,9.497411728E0,-1.661516190E0
6.006336322E1,-1.671087503E0,9.516554832E0,-1.620838284E0
6.006574088E1,-1.709372640E0,9.514162064E0,-1.580160260E0
6.006811859E1,-1.733300924E0,9.542876244E0,-1.556231976E0
6.007049703E1,-1.704586983E0,9.526125908E0,-1.570588946E0
6.007287552E1,-1.675873160E0,9.530911446E0,-1.529910922E0
6.007525323E1,-1.666301847E0,9.516554832E0,-1.522732496E0
6.007763093E1,-1.690230131E0,9.526125908E0,-1.534696579E0
6.008000937E1,-1.697408557E0,9.492626190E0,-1.517946839E0
6.008238786E1,-1.718943954E0,9.468698502E0,-1.553839207E0
6.008476552E1,-1.747657895E0,9.475876808E0,-1.565803289E0
6.008714323E1,-1.762014747E0,9.485447884E0,-1.539482236E0
6.008952171E1,-1.706979871E0,9.511769295E0,-1.565803289E0
6.009190020E1,-1.620539188E0,9.540482521E0,-1.592124343E0
6.009427786E1,-1.625324726E0,9.559625626E0,-1.620838284E0
6.009665557E1,-1.690230131E0,9.535696983E0,-1.628016710E0
6.009903401E1,-1.726122379E0,9.554840088E0,-1.606481314E0
6.010141250E1,-1.697408557E0,9.578767776E0,-1.623231053E0
6.010379020E1,-1.649552107E0,9.617053032E0,-1.647159338E0
6.010616791E1,-1.606182218E0,9.624231339E0,-1.678265929E0
6.010854635E1,-1.599003673E0,9.619445801E0,-1.711765528E0
6.011092484E1,-1.615753531E0,9.638588905E0,-1.711765528E0
6.011330255E1,-1.601396561E0,9.643374443E0,-1.750349760E0
6.011568026E1,-1.610967875E0,9.636196136E0,-1.750349760E0
6.011805869E1,-1.575075507E0,9.614660263E0,-1.781456470E0
6.012043718E1,-1.555932879E0,9.650552750E0,-1.831705689E0
6.012281484E1,-1.498505235E0,9.684052467E0,-1.867598057E0
6.012519255E1,-1.476969719E0,9.674481392E0,-1.905883193E0
6.012757104E1,-1.484148264E0,9.650552750E0,-1.915454507E0
6.012994953E1,-1.445863128E0,9.621838570E0,-1.951346874E0
6.013232718E1,-1.443470240E0,9.609874725E0,-1.972882271E0
6.013470489E1,-1.424327731E0,9.588339806E0,-1.994417667E0
6.013708333E1,-1.409970760E0,9.554840088E0,-1.987239242E0
6.013946182E1,-1.421934843E0,9.523733139E0,-2.011167526E0
6.014183953E1,-1.405185103E0,9.511769295E0,-2.027917147E0
6.014421724E1,-1.383649707E0,9.499805450E0,-2.018345833E0
6.014659567E1,-1.386042476E0,9.483055115E0,-2.013560295E0
6.014897416E1,-1.376471281E0,9.490233421E0,-2.003988981E0
6.015135182E1,-1.362114310E0,9.459127426E0,-1.987239242E0
6.015372953E1,-1.369292736E0,9.485447884E0,-1.953739643E0
6.015610802E1,-1.400399446E0,9.490233421E0,-1.929811478E0
6.015848651E1,-1.402792215E0,9.509376526E0,-1.920240164E0
6.016086416E1,-1.409970760E0,9.504590988E0,-1.896311998E0
6.016324187E1,-1.402792215E0,9.528518677E0,-1.908276081E0
6.016562031E1,-1.386042476E0,9.538089752E0,-1.879562140E0
6.016799880E1,-1.350150228E0,9.566803932E0,-1.917847395E0
6.017037651E1,-1.345364571E0,9.583553314E0,-1.915454507E0
6.017275421E1,-1.316650629E0,9.602696419E0,-1.905883193E0
6.017513265E1,-1.299900889E0,9.619445801E0,-1.903490424E0
6.017751114E1,-1.331007600E0,9.597910881E0,-1.908276081E0
6.017988885E1,-1.350150228E0,9.600303650E0,-1.908276081E0
6.018226656E1,-1.376471281E0,9.626625061E0,-1.925025821E0
6.018464500E1,-1.374078393E0,9.626625061E0,-1.908276081E0
6.018702349E1,-1.376471281E0,9.629017830E0,-1.917847395E0
6.018940119E1,-1.400399446E0,9.662516594E0,-1.910668850E0
6.019177890E1,-1.412363529E0,9.676874161E0,-1.925025821E0
6.019415734E1,-1.433898926E0,9.707980156E0,-1.936989903E0
6.019653583E1,-1.419542074E0,9.715159416E0,-1.917847395E0
6.019891349E1,-1.433898926E0,9.715159416E0,-1.917847395E0
6.020129119E1,-1.443470240E0,9.717552185E0,-1.893919110E0
6.020366963E1,-1.462612867E0,9.734301567E0,-1.893919110E0
6.020604812E1,-1.450648785E0,9.739087105E0,-1.910668850E0
6.020842583E1,-1.462612867E0,9.748658180E0,-1.915454507E0
6.021080354E1,-1.455434322E0,9.755837440E0,-1.913061738E0
6.021318198E1,-1.465005636E0,9.743872643E0,-1.944168448E0
6.021556046E1,-1.496112347E0,9.731908798E0,-1.936989903E0
6.021793817E1,-1.493719578E0,9.722337723E0,-1.934597135E0
6.022031588E1,-1.484148264E0,9.729516029E0,-1.948953986E0
6.022269432E1,-1.481755376E0,9.739087105E0,-1.953739643E0
6.022507281E1,-1.560718536E0,9.698409081E0,-1.970489502E0
6.022745046E1,-1.577468276E0,9.672088623E0,-1.941775560E0
6.022982817E1,-1.472184181E0,9.655338287E0,-1.939382792E0
6.023220666E1,-1.412363529E0,9.619445801E0,-1.941775560E0
6.023458515E1,-1.424327731E0,9.588339806E0,-1.948953986E0
6.023696281E1,-1.448255897E0,9.550054550E0,-1.970489502E0
6.023934052E1,-1.469791293E0,9.475876808E0,-1.982453585E0
6.024171895E1,-1.457827210E0,9.444769859E0,-1.965703845E0
6.024409744E1,-1.381256819E0,9.456734657E0,-1.980060697E0
6.024647515E1,-1.352542996E0,9.442377090E0,-2.001596212E0
6.024885286E1,-1.297508121E0,9.423234940E0,-2.013560295E0
6.025123130E1,-1.268794179E0,9.432806015E0,-2.063809633E0
6.025360979E1,-1.311864972E0,9.404091835E0,-2.075773716E0
6.025598750E1,-1.352542996E0,9.406484604E0,-2.023131609E0
6.025836520E1,-1.326221943E0,9.423234940E0,-1.958525300E0
6.026074364E1,-1.211366415E0,9.432806015E0,-1.982453585E0
6.026312213E1,-1.208973646E0,9.461520195E0,-1.984846354E0
6.026549984E1,-1.189831018E0,9.466305733E0,-1.965703845E0
6.026787755E1,-1.180259824E0,9.444769859E0,-1.953739643E0
6.027025599E1,-1.242473125E0,9.439984322E0,-1.929811478E0
6.027263448E1,-1.237687469E0,9.432806015E0,-1.874776483E0
6.027501213E1,-1.180259824E0,9.413662910E0,-1.869990945E0
6.027738984E1,-1.213759303E0,9.416056633E0,-1.932204247E0
6.027976833E1,-1.216152072E0,9.432806015E0,-1.948953986E0
6.028214682E1,-1.115653515E0,9.456734657E0,-1.956132531E0
6.028452448E1,-1.106082320E0,9.471091270E0,-1.980060697E0
6.028690218E1,-1.163509965E0,9.466305733E0,-1.968096614E0
6.028928062E1,-1.237687469E0,9.459127426E0,-1.915454507E0
6.029165911E1,-1.194616675E0,9.485447884E0,-1.896311998E0
6.029403682E1,-1.141974568E0,9.502198219E0,-1.869990945E0
6.029641453E1,-1.149153113E0,9.518947601E0,-1.841277003E0
6.029879296E1,-1.149153113E0,9.499805450E0,-1.824527264E0
6.030117145E1,-1.216152072E0,9.497411728E0,-1.779063582E0
6.030354916E1,-1.201795220E0,9.485447884E0,-1.716551185E0
6.030592687E1,-1.098903775E0,9.533304214E0,-1.702194214E0
6.030830531E1,-1.098903775E0,9.521340370E0,-1.738086581E0
6.031068380E1,-1.206580877E0,9.504590988E0,-1.733300924E0
6.031306151E1,-1.235294700E0,9.504590988E0,-1.738086581E0
6.031543921E1,-1.228116274E0,9.506983757E0,-1.762313843E0
6.031781765E1,-1.302293777E0,9.509376526E0,-1.781456470E0
6.032019614E1,-1.328614831E0,9.545269012E0,-1.738086581E0
6.032257380E1,-1.237687469E0,9.569196701E0,-1.764706731E0
6.032495151E1,-1.264008522E0,9.585947037E0,-1.836491346E0
6.032733000E1,-1.359721422E0,9.552447319E0,-1.865205288E0
6.032970849E1,-1.419542074E0,9.542876244E0,-1.802991867E0
6.033208614E1,-1.405185103E0,9.571589470E0,-1.795813441E0
6.033446385E1,-1.393221021E0,9.617053032E0,-1.810170293E0
6.033684234E1,-1.390828133E0,9.607481956E0,-1.824527264E0
6.033922083E1,-1.443470240E0,9.631410599E0,-1.836491346E0
6.034159849E1,-1.433898926E0,9.640981674E0,-1.836491346E0
6.034397619E1,-1.503290772E0,9.624231339E0,-1.855633974E0
6.034635463E1,-1.517647743E0,9.617053032E0,-1.841277003E0
6.034873312E1,-1.503290772E0,9.617053032E0,-1.877169371E0
6.035111083E1,-1.560718536E0,9.609874725E0,-1.922633052E0
6.035348854E1,-1.572682738E0,9.590732574E0,-1.956132531E0
6.035586698E1,-1.603789330E0,9.595518112E0,-2.003988981E0
6.035824546E1,-1.690230131E0,9.600303650E0,-1.994417667E0
6.036062317E1,-1.666301847E0,9.629017830E0,-1.994417667E0
6.036300088E1,-1.536790371E0,9.652945518E0,-1.989632010E0
6.036537932E1,-1.572682738E0,9.643374443E0,-2.030309916E0
6.036775781E1,-1.647159338E0,9.607481956E0,-2.015953064E0
6.037013552E1,-1.695015788E0,9.581160545E0,-2.008774519E0
6.037251323E1,-1.685444474E0,9.578767776E0,-2.006381750E0
6.037489166E1,-1.680658817E0,9.564411163E0,-1.975275040E0
6.037727015E1,-1.675873160E0,9.597910881E0,-1.915454507E0
6.037964781E1,-1.678265929E0,9.581160545E0,-1.920240164E0
6.038202552E1,-1.628016710E0,9.624231339E0,-1.917847395E0
6.038440401E1,-1.615753531E0,9.590732574E0,-1.925025821E0
6.038678250E1,-1.599003673E0,9.550054550E0,-1.932204247E0
6.038916015E1,-1.603789330E0,9.526125908E0,-1.908276081E0
6.039153786E1,-1.601396561E0,9.504590988E0,-1.905883193E0
6.039391635E1,-1.599003673E0,9.490233421E0,-1.927418590E0
6.039629484E1,-1.697408557E0,9.449555397E0,-1.867598057E0
6.039867250E1,-1.742872238E0,9.475876808E0,-1.846062660E0
6.040105020E1,-1.687837243E0,9.490233421E0,-1.841277003E0
6.040342864E1,-1.642373681E0,9.550054550E0,-1.884347796E0
6.040580713E1,-1.570289850E0,9.552447319E0,-1.932204247E0
6.040818484E1,-1.548754454E0,9.569196701E0,-1.956132531E0
6.041056255E1,-1.558325768E0,9.585947037E0,-1.970489502E0
6.041294099E1,-1.493719578E0,9.609874725E0,-1.984846354E0
6.041531948E1,-1.515254974E0,9.588339806E0,-2.023131609E0
6.041769718E1,-1.536790371E0,9.590732574E0,-2.049452543E0
6.042007489E1,-1.515254974E0,9.602696419E0,-2.090130568E0
6.042245333E1,-1.505683661E0,9.621838570E0,-2.135594130E0
6.042483182E1,-1.529611826E0,9.609874725E0,-2.190629244E0
6.042720953E1,-1.558325768E0,9.645767212E0,-2.226521492E0
6.042958724E1,-1.572682738E0,9.693623543E0,-2.236092806E0
6.043196567E1,-1.575075507E0,9.693623543E0,-2.279163599E0
6.043434416E1,-1.560718536E0,9.719944954E0,-2.332104683E0
6.043672187E1,-1.591825247E0,9.719944954E0,-2.344068766E0
6.043909958E1,-1.565504193E0,9.739087105E0,-2.391925335E0
6.044147802E1,-1.553540111E0,9.741479874E0,-2.430210590E0
6.044385651E1,-1.570289850E0,9.731908798E0,-2.475674152E0
6.044623421E1,-1.584646821E0,9.724730492E0,-2.509173632E0
6.044861192E1,-1.589432478E0,9.684052467E0,-2.475674152E0
6.045099036E1,-1.582253933E0,9.645767212E0,-2.463710070E0
6.045336885E1,-1.532004714E0,9.633803368E0,-2.423032045E0
6.045574651E1,-1.520040631E0,9.621838570E0,-2.411067963E0
6.045812421E1,-1.508076429E0,9.583553314E0,-2.387139797E0
6.046050270E1,-1.474576950E0,9.557232857E0,-2.384746790E0
6.046288119E1,-1.453041553E0,9.526125908E0,-2.312962294E0
6.046525885E1,-1.448255897E0,9.504590988E0,-2.303091764E0
6.046763656E1,-1.405185103E0,9.483055115E0,-2.245664120E0
6.047001505E1,-1.405185103E0,9.471091270E0,-2.209771633E0
6.047239354E1,-1.366899967E0,9.466305733E0,-2.149951220E0
6.047477119E1,-1.376471281E0,9.451948166E0,-2.116451740E0
6.047714890E1,-1.338186026E0,9.456734657E0,-2.092523336E0
6.047952739E1,-1.340578914E0,9.451948166E0,-2.063809633E0
6.048190588E1,-1.335793257E0,9.435198784E0,-2.035095692E0
6.048428354E1,-1.316650629E0,9.389735222E0,-2.023131609E0
6.048666124E1,-1.311864972E0,9.382556915E0,-2.003988981E0
6.048903968E1,-1.338186026E0,9.356235504E0,-2.013560295E0
6.049141817E1,-1.338186026E0,9.358628273E0,-2.025524378E0
6.049379588E1,-1.328614831E0,9.346664429E0,-2.020738840E0
6.049617359E1,-1.347757339E0,9.356235504E0,-2.008774519E0
6.049855203E1,-1.350150228E0,9.370592117E0,-1.989632010E0
6.050093052E1,-1.335793257E0,9.375378609E0,-1.968096614E0
6.050330823E1,-1.340578914E0,9.387342453E0,-1.946561217E0
6.050568593E1,-1.335793257E0,9.392127991E0,-1.920240164E0
6.050806437E1,-1.328614831E0,9.389735222E0,-1.901097536E0
6.051044286E1,-1.316650629E0,9.416056633E0,-1.858026743E0
6.051282057E1,-1.309472203E0,9.396913528E0,-1.858026743E0
6.051519828E1,-1.304686546E0,9.418449402E0,-1.848455548E0
6.051757671E1,-1.304686546E0,9.423234940E0,-1.831705689E0
6.051995520E1,-1.275972724E0,9.418449402E0,-1.831705689E0
6.052233291E1,-1.244866014E0,9.411270142E0,-1.838884234E0
6.052471062E1,-1.223330617E0,9.449555397E0,-1.853241086E0
6.052708906E1,-1.213759303E0,9.423234940E0,-1.838884234E0
6.052946755E1,-1.230509043E0,9.425627708E0,-1.862812400E0
6.053184526E1,-1.213759303E0,9.430413246E0,-1.869990945E0
6.053422296E1,-1.220937729E0,9.456734657E0,-1.874776483E0
6.053660140E1,-1.247258782E0,9.456734657E0,-1.886740685E0
6.053897989E1,-1.204187989E0,9.463912964E0,-1.893919110E0
6.054135760E1,-1.194616675E0,9.497411728E0,-1.927418590E0
6.054373531E1,-1.175474167E0,9.511769295E0,-1.932204247E0
6.054611375E1,-1.151545882E0,9.523733139E0,-1.925025821E0
6.054849224E1,-1.165902853E0,9.547661781E0,-1.968096614E0
6.055086994E1,-1.158724308E0,9.554840088E0,-1.958525300E0
6.055324765E1,-1.132403374E0,9.571589470E0,-1.960918188E0
6.055562609E1,-1.134796143E0,9.590732574E0,-1.972882271E0
6.055800458E1,-1.132403374E0,9.581160545E0,-1.956132531E0
6.056038229E1,-1.110867858E0,9.559625626E0,-1.953739643E0
6.056276000E1,-1.113260746E0,9.559625626E0,-1.975275040E0
6.056513843E1,-1.118046403E0,9.557232857E0,-1.953739643E0
6.056751692E1,-1.216152072E0,9.542876244E0,-1.936989903E0
6.056989463E1,-1.831406593E0,9.346664429E0,-1.865205288E0
6.057227234E1,-2.027618170E0,9.449555397E0,-1.484447360E0
6.057465078E1,-1.283151150E0,9.698409081E0,-1.465304732E0
6.057702927E1,-8.282157183E-1,9.799206734E0,-1.738086581E0
6.057940698E1,-8.521439433E-1,9.722337723E0,-1.936989903E0
6.058178468E1,-9.861420393E-1,9.652945518E0,-1.944168448E0
6.058416312E1,-1.065105200E0,9.573982239E0,-1.884347796E0
6.058654161E1,-1.106082320E0,9.506983757E0,-1.838884234E0
6.058891932E1,-1.161117196E0,9.454340935E0,-1.800599098E0
6.059129703E1,-1.153938770E0,9.404091835E0,-1.807777524E0
6.059367546E1,-1.146760225E0,9.418449402E0,-1.881955028E0
6.059605395E1,-1.168295622E0,9.447162628E0,-1.977667928E0
6.059843166E1,-1.192223907E0,9.475876808E0,-2.042274237E0
6.060080937E1,-1.249651670E0,9.483055115E0,-2.013560295E0
6.060318781E1,-1.302293777E0,9.487840652E0,-2.011167526E0
6.060556630E1,-1.366899967E0,9.538089752E0,-1.999203324E0
6.060794401E1,-1.395613790E0,9.593125343E0,-1.977667928E0
6.061032171E1,-1.393221021E0,9.652945518E0,-1.951346874E0
6.061270015E1,-1.381256819E0,9.710372925E0,-1.996810555E0
6.061507864E1,-1.357328653E0,9.772586823E0,-2.003988981E0
6.061745635E1,-1.326221943E0,9.815957069E0,-2.032702923E0
6.061983406E1,-1.319043517E0,9.839884758E0,-2.051845312E0
6.062221250E1,-1.311864972E0,9.844670296E0,-2.068595171E0
6.062459099E1,-1.304686546E0,9.839884758E0,-2.035095692E0
6.062696869E1,-1.302293777E0,9.825528145E0,-2.047059774E0
6.062934640E1,-1.335793257E0,9.823135376E0,-2.025524378E0
6.063172484E1,-1.328614831E0,9.803992271E0,-2.025524378E0
6.063410333E1,-1.338186026E0,9.789635658E0,-2.030309916E0
6.063648104E1,-1.350150228E0,9.794421196E0,-2.056631088E0
6.063885874E1,-1.357328653E0,9.803992271E0,-2.059023857E0
6.064123718E1,-1.345364571E0,9.803992271E0,-2.114058733E0
6.064361567E1,-1.342971683E0,9.794421196E0,-2.133201361E0
6.064599338E1,-1.364507079E0,9.792028427E0,-2.123630047E0
6.064837109E1,-1.338186026E0,9.765408516E0,-2.135594130E0
6.065074953E1,-1.342971683E0,9.767801285E0,-2.135594130E0
6.065312802E1,-1.331007600E0,9.767801285E0,-2.106880426E0
6.065550573E1,-1.302293777E0,9.753444672E0,-2.099701881E0
6.065788343E1,-1.285543919E0,9.736694336E0,-2.106880426E0
6.066026187E1,-1.287936807E0,9.707980156E0,-2.102094650E0
6.066264036E1,-1.259222865E0,9.703194618E0,-2.094916344E0
6.066501807E1,-1.261615753E0,9.715159416E0,-2.094916344E0
6.066739578E1,-1.278365493E0,9.681659698E0,-2.099701881E0
6.066977421E1,-1.261615753E0,9.672088623E0,-2.135594130E0
6.067215270E1,-1.278365493E0,9.657731056E0,-2.090130568E0
6.067453041E1,-1.285543919E0,9.643374443E0,-2.092523336E0
6.067690812E1,-1.280758262E0,9.621838570E0,-2.080559254E0
6.067928656E1,-1.295115232E0,9.636196136E0,-2.068595171E0
6.068166505E1,-1.299900889E0,9.636196136E0,-2.056631088E0
6.068404276E1,-1.338186026E0,9.636196136E0,-2.049452543E0
6.068642046E1,-1.362114310E0,9.645767212E0,-2.078166485E0
6.068879890E1,-1.378864050E0,9.648159981E0,-2.085345030E0
6.069117739E1,-1.383649707E0,9.648159981E0,-2.106880426E0
6.069355510E1,-1.407577872E0,9.612267494E0,-2.085345030E0
6.069593281E1,-1.429113269E0,9.619445801E0,-2.118844509E0
6.069831125E1,-1.438684583E0,9.597910881E0,-2.121237278E0
6.070068974E1,-1.457827210E0,9.571589470E0,-2.123630047E0
6.070306744E1,-1.465005636E0,9.538089752E0,-2.104487419E0
6.070544515E1,-1.486541033E0,9.506983757E0,-2.085345030E0
6.070782359E1,-1.496112347E0,9.506983757E0,-2.085345030E0
6.071020208E1,-1.496112347E0,9.466305733E0,-2.066202402E0
6.071257979E1,-1.496112347E0,9.435198784E0,-2.039881229E0
6.071495750E1,-1.486541033E0,9.387342453E0,-1.987239242E0
6.071733593E1,-1.488933921E0,9.344271660E0,-1.963310957E0
6.071971442E1,-1.467398524E0,9.341878891E0,-1.953739643E0
6.072209213E1,-1.465005636E0,9.320343018E0,-1.908276081E0
6.072446984E1,-1.457827210E0,9.298808098E0,-1.874776483E0
6.072684828E1,-1.431506157E0,9.303593636E0,-1.838884234E0
6.072922677E1,-1.421934843E0,9.303593636E0,-1.812563181E0
6.073160448E1,-1.421934843E0,9.310771942E0,-1.769492388E0
6.073398218E1,-1.390828133E0,9.346664429E0,-1.783849239E0
6.073636062E1,-1.362114310E0,9.334700584E0,-1.764706731E0
6.073873911E1,-1.335793257E0,9.341878891E0,-1.747956991E0
6.074111682E1,-1.326221943E0,9.368199348E0,-1.779063582E0
6.074349453E1,-1.319043517E0,9.411270142E0,-1.774278045E0
6.074587296E1,-1.302293777E0,9.435198784E0,-1.786242127E0
6.074825145E1,-1.283151150E0,9.456734657E0,-1.783849239E0
6.075062916E1,-1.271187067E0,9.454340935E0,-1.798206210E0
6.075300687E1,-1.268794179E0,9.468698502E0,-1.814955950E0
6.075538531E1,-1.278365493E0,9.495018959E0,-1.829312921E0
6.075776380E1,-1.268794179E0,9.495018959E0,-1.850848317E0
6.076014151E1,-1.273579836E0,9.502198219E0,-1.874776483E0
6.076251921E1,-1.264008522E0,9.504590988E0,-1.893919110E0
6.076489765E1,-1.256830096E0,9.530911446E0,-1.893919110E0
6.076727614E1,-1.280758262E0,9.528518677E0,-1.925025821E0
6.076965385E1,-1.275972724E0,9.514162064E0,-1.941775560E0
6.077203156E1,-1.278365493E0,9.504590988E0,-1.948953986E0
6.077441000E1,-1.256830096E0,9.483055115E0,-1.939382792E0
6.077678849E1,-1.266401410E0,9.480662346E0,-1.948953986E0
6.077916619E1,-1.273579836E0,9.509376526E0,-1.958525300E0
6.078154390E1,-1.261615753E0,9.487840652E0,-1.960918188E0
6.078392234E1,-1.249651670E0,9.497411728E0,-1.960918188E0
6.078630083E1,-1.264008522E0,9.483055115E0,-1.936989903E0
6.078867854E1,-1.230509043E0,9.485447884E0,-1.929811478E0
6.079105625E1,-1.232901812E0,9.485447884E0,-1.953739643E0
6.079343468E1,-1.235294700E0,9.495018959E0,-1.956132531E0
6.079581317E1,-1.211366415E0,9.471091270E0,-1.925025821E0
6.079819088E1,-1.213759303E0,9.485447884E0,-1.953739643E0
6.080056859E1,-1.206580877E0,9.473484039E0,-1.948953986E0
6.080294708E1,-1.199402332E0,9.492626190E0,-1.951346874E0
6.080532557E1,-1.192223907E0,9.511769295E0,-1.970489502E0
6.080770323E1,-1.197009563E0,9.542876244E0,-1.948953986E0
6.081008093E1,-1.206580877E0,9.535696983E0,-1.944168448E0
6.081245942E1,-1.211366415E0,9.552447319E0,-1.946561217E0
6.081483791E1,-1.211366415E0,9.540482521E0,-1.965703845E0
6.081721557E1,-1.204187989E0,9.564411163E0,-1.953739643E0
6.081959328E1,-1.218544960E0,9.578767776E0,-1.958525300E0
6.082197177E1,-1.242473125E0,9.602696419E0,-1.965703845E0
6.082435026E1,-1.249651670E0,9.614660263E0,-1.956132531E0
6.082672791E1,-1.261615753E0,9.648159981E0,-1.975275040E0
6.082910562E1,-1.287936807E0,9.619445801E0,-1.984846354E0
6.083148411E1,-1.285543919E0,9.650552750E0,-1.980060697E0
6.083386260E1,-1.297508121E0,9.662516594E0,-1.980060697E0
6.083624031E1,-1.299900889E0,9.655338287E0,-1.980060697E0
6.083861802E1,-1.304686546E0,9.686445236E0,-2.006381750E0
6.084099645E1,-1.311864972E0,9.696016312E0,-2.020738840E0
6.084337494E1,-1.333400369E0,9.688838005E0,-2.008774519E0
6.084575265E1,-1.345364571E0,9.700801849E0,-2.008774519E0
6.084813036E1,-1.333400369E0,9.698409081E0,-2.030309916E0
6.085050880E1,-1.331007600E0,9.715159416E0,-2.061416626E0
6.085288729E1,-1.319043517E0,9.743872643E0,-2.051845312E0
6.085526500E1,-1.316650629E0,9.741479874E0,-2.073380709E0
6.085764270E1,-1.297508121E0,9.743872643E0,-2.078166485E0
6.086002114E1,-1.302293777E0,9.741479874E0,-2.094916344E0
6.086239963E1,-1.316650629E0,9.731908798E0,-2.087737799E0
6.086477734E1,-1.304686546E0,9.729516029E0,-2.102094650E0
6.086715505E1,-1.297508121E0,9.755837440E0,-2.106880426E0
6.086953349E1,-1.309472203E0,9.746265411E0,-2.147558212E0
6.087191187E1,-1.283151150E0,9.736694336E0,-2.154736757E0
6.087428979E1,-1.297508121E0,9.767801285E0,-2.159522533E0
6.087666760E1,-1.321436286E0,9.765408516E0,-2.173879385E0
6.087904583E1,-1.319043517E0,9.765408516E0,-2.185843468E0
6.088142432E1,-1.342971683E0,9.755837440E0,-2.214557409E0
6.088380203E1,-1.362114310E0,9.753444672E0,-2.204986095E0
6.088617974E1,-1.366899967E0,9.741479874E0,-2.221735716E0
6.088855817E1,-1.366899967E0,9.734301567E0,-2.195414782E0
6.089093666E1,-1.405185103E0,9.731908798E0,-2.214557409E0
6.089331437E1,-1.445863128E0,9.731908798E0,-2.197807550E0
6.089569208E1,-1.448255897E0,9.717552185E0,-2.202593327E0
6.089807052E1,-1.460219979E0,9.700801849E0,-2.185843468E0
6.090044901E1,-1.505683661E0,9.715159416E0,-2.176272154E0
6.090282671E1,-1.517647743E0,9.681659698E0,-2.154736757E0
6.090520442E1,-1.510469317E0,9.669695854E0,-2.152343988E0
6.090758291E1,-1.527219057E0,9.650552750E0,-2.145165443E0
6.090996140E1,-1.539183140E0,9.595518112E0,-2.140379906E0
6.091233906E1,-1.565504193E0,9.583553314E0,-2.126022816E0
6.091471677E1,-1.541576028E0,9.557232857E0,-2.068595171E0
6.091709526E1,-1.510469317E0,9.528518677E0,-2.078166485E0
6.091947375E1,-1.486541033E0,9.550054550E0,-2.044667006E0
6.092185140E1,-1.460219979E0,9.521340370E0,-2.039881229E0
6.092422911E1,-1.424327731E0,9.499805450E0,-2.001596212E0
6.092660760E1,-1.414756417E0,9.459127426E0,-1.975275040E0
6.092898609E1,-1.378864050E0,9.451948166E0,-1.946561217E0
6.093136380E1,-1.354935765E0,9.437591553E0,-1.922633052E0
6.093374151E1,-1.307079315E0,9.437591553E0,-1.925025821E0
6.093611994E1,-1.271187067E0,9.459127426E0,-1.886740685E0
6.093849843E1,-1.218544960E0,9.456734657E0,-1.872383714E0
6.094087614E1,-1.180259824E0,9.447162628E0,-1.872383714E0
6.094325385E1,-1.151545882E0,9.456734657E0,-1.819741607E0
6.094563229E1,-1.144367456E0,9.456734657E0,-1.819741607E0
6.094801078E1,-1.106082320E0,9.439984322E0,-1.783849239E0
6.095038849E1,-1.074975610E0,9.449555397E0,-1.755135417E0
6.095276619E1,-1.048355460E0,9.420842171E0,-1.759921074E0
6.095514463E1,-1.033998489E0,9.463912964E0,-1.759921074E0
6.095752312E1,-9.933205247E-1,9.451948166E0,-1.793420553E0
6.095990083E1,-9.861420393E-1,9.456734657E0,-1.805384636E0
6.096227854E1,-9.957132936E-1,9.449555397E0,-1.795813441E0
6.096465698E1,-9.669994712E-1,9.495018959E0,-1.802991867E0
6.096703546E1,-9.861420393E-1,9.475876808E0,-1.826920033E0
6.096941317E1,-9.837492108E-1,9.478269577E0,-1.836491346E0
6.097179088E1,-9.933205247E-1,9.490233421E0,-1.853241086E0
6.097416937E1,-1.010070205E0,9.483055115E0,-1.877169371E0
6.097654786E1,-1.010070205E0,9.499805450E0,-1.915454507E0
6.097892552E1,-1.050748229E0,9.518947601E0,-1.929811478E0
6.098130323E1,-1.077368379E0,9.490233421E0,-1.948953986E0
6.098368171E1,-1.082154036E0,9.499805450E0,-1.972882271E0
6.098606020E1,-1.118046403E0,9.509376526E0,-2.008774519E0
6.098843786E1,-1.115653515E0,9.480662346E0,-2.015953064E0
6.099081557E1,-1.173081279E0,9.497411728E0,-2.037488461E0
6.099319406E1,-1.194616675E0,9.473484039E0,-2.063809633E0
6.099557255E1,-1.197009563E0,9.475876808E0,-2.054238319E0
6.099795020E1,-1.208973646E0,9.485447884E0,-2.082952023E0
6.100032791E1,-1.201795220E0,9.485447884E0,-2.094916344E0
6.100270640E1,-1.211366415E0,9.454340935E0,-2.068595171E0
6.100508489E1,-1.261615753E0,9.478269577E0,-2.078166485E0
6.100746260E1,-1.297508121E0,9.456734657E0,-2.070987940E0
6.100984031E1,-1.299900889E0,9.480662346E0,-2.063809633E0
6.101221875E1,-1.290329576E0,9.468698502E0,-2.059023857E0
6.101459724E1,-1.321436286E0,9.478269577E0,-2.039881229E0
6.101697494E1,-1.333400369E0,9.506983757E0,-2.056631088E0
6.101935265E1,-1.333400369E0,9.502198219E0,-2.042274237E0
6.102173109E1,-1.338186026E0,9.523733139E0,-2.032702923E0
6.102410958E1,-1.381256819E0,9.538089752E0,-2.051845312E0
6.102648729E1,-1.390828133E0,9.554840088E0,-2.037488461E0
6.102886500E1,-1.426720500E0,9.573982239E0,-2.023131609E0
6.103124343E1,-1.441077471E0,9.571589470E0,-1.989632010E0
6.103362192E1,-1.462612867E0,9.614660263E0,-1.999203324E0
6.103599963E1,-1.491326690E0,9.640981674E0,-1.994417667E0
6.103837734E1,-1.527219057E0,9.652945518E0,-1.999203324E0
6.104075583E1,-1.527219057E0,9.655338287E0,-1.982453585E0
6.104313432E1,-1.565504193E0,9.676874161E0,-1.958525300E0
6.104551198E1,-1.579861164E0,9.686445236E0,-1.963310957E0
6.104788968E1,-1.591825247E0,9.686445236E0,-1.977667928E0
6.105026817E1,-1.608574986E0,9.707980156E0,-1.968096614E0
6.105264666E1,-1.625324726E0,9.696016312E0,-1.977667928E0
6.105502432E1,-1.630409479E0,9.688838005E0,-2.013560295E0
6.105740203E1,-1.649552107E0,9.712766647E0,-2.008774519E0
6.105978052E1,-1.651944876E0,9.688838005E0,-2.025524378E0
6.106215901E1,-1.637588024E0,9.693623543E0,-2.044667006E0
6.106453671E1,-1.649552107E0,9.686445236E0,-2.042274237E0
6.106691442E1,-1.659123421E0,9.679266930E0,-2.042274237E0
6.106929286E1,-1.635195136E0,9.679266930E0,-2.061416626E0
6.107167135E1,-1.639980793E0,9.664909363E0,-2.075773716E0
6.107404906E1,-1.628016710E0,9.672088623E0,-2.078166485E0
6.107642677E1,-1.603789330E0,9.660123825E0,-2.097309113E0
6.107880520E1,-1.603789330E0,9.645767212E0,-2.102094650E0
6.108118369E1,-1.587039590E0,9.648159981E0,-2.111665964E0
6.108356140E1,-1.579861164E0,9.614660263E0,-2.097309113E0
6.108593911E1,-1.582253933E0,9.629017830E0,-2.078166485E0
6.108831755E1,-1.589432478E0,9.602696419E0,-2.123630047E0
6.109069604E1,-1.579861164E0,9.595518112E0,-2.073380709E0
6.109307375E1,-1.575075507E0,9.597910881E0,-2.097309113E0
6.109545145E1,-1.572682738E0,9.581160545E0,-2.118844509E0
6.109782994E1,-1.565504193E0,9.564411163E0,-2.135594130E0
6.110020843E1,-1.567897081E0,9.535696983E0,-2.126022816E0
6.110258609E1,-1.587039590E0,9.526125908E0,-2.121237278E0
6.110496380E1,-1.567897081E0,9.540482521E0,-2.123630047E0
6.110734229E1,-1.560718536E0,9.518947601E0,-2.104487419E0
6.110972078E1,-1.570289850E0,9.502198219E0,-2.140379906E0
6.111209843E1,-1.579861164E0,9.490233421E0,-2.128415823E0
6.111447614E1,-1.572682738E0,9.461520195E0,-2.123630047E0
6.111685463E1,-1.579861164E0,9.463912964E0,-2.082952023E0
6.111923312E1,-1.596610904E0,9.444769859E0,-2.102094650E0
6.112161083E1,-1.594218135E0,9.459127426E0,-2.080559254E0
6.112398854E1,-1.577468276E0,9.428020477E0,-2.078166485E0
6.112636698E1,-1.601396561E0,9.432806015E0,-2.070987940E0
6.112874546E1,-1.594218135E0,9.435198784E0,-2.068595171E0
6.113112317E1,-1.579861164E0,9.442377090E0,-2.042274237E0
6.113350088E1,-1.572682738E0,9.442377090E0,-2.056631088E0
6.113587932E1,-1.560718536E0,9.439984322E0,-2.054238319E0
6.113825781E1,-1.567897081E0,9.444769859E0,-2.023131609E0
6.114063552E1,-1.536790371E0,9.411270142E0,-2.039881229E0
6.114301323E1,-1.560718536E0,9.425627708E0,-2.030309916E0
6.114539166E1,-1.541576028E0,9.437591553E0,-2.030309916E0
6.114777015E1,-1.527219057E0,9.454340935E0,-2.030309916E0
6.115014786E1,-1.491326690E0,9.423234940E0,-2.025524378E0
6.115252557E1,-1.474576950E0,9.447162628E0,-2.027917147E0
6.115490406E1,-1.472184181E0,9.435198784E0,-2.025524378E0
6.115728255E1,-1.462612867E0,9.428020477E0,-1.987239242E0
6.115966020E1,-1.448255897E0,9.437591553E0,-1.999203324E0
6.116203791E1,-1.441077471E0,9.432806015E0,-1.992024899E0
6.116441640E1,-1.436291814E0,9.447162628E0,-2.008774519E0
6.116679489E1,-1.426720500E0,9.444769859E0,-1.996810555E0
6.116917255E1,-1.402792215E0,9.423234940E0,-1.996810555E0
6.117155026E1,-1.419542074E0,9.437591553E0,-1.994417667E0
6.117392875E1,-1.421934843E0,9.430413246E0,-1.984846354E0
6.117630724E1,-1.421934843E0,9.449555397E0,-1.999203324E0
6.117868494E1,-1.433898926E0,9.471091270E0,-1.987239242E0
6.118106265E1,-1.424327731E0,9.442377090E0,-1.982453585E0
6.118344109E1,-1.433898926E0,9.456734657E0,-1.989632010E0
6.118581958E1,-1.433898926E0,9.471091270E0,-1.982453585E0
6.118819729E1,-1.429113269E0,9.483055115E0,-1.984846354E0
6.119057500E1,-1.436291814E0,9.499805450E0,-1.972882271E0
6.119295343E1,-1.438684583E0,9.497411728E0,-1.984846354E0
6.119533192E1,-1.417149186E0,9.521340370E0,-1.987239242E0
6.119770963E1,-1.424327731E0,9.523733139E0,-1.992024899E0
6.120008734E1,-1.419542074E0,9.530911446E0,-1.994417667E0
6.120246583E1,-1.414756417E0,9.535696983E0,-1.999203324E0
6.120484432E1,-1.402792215E0,9.535696983E0,-2.001596212E0
6.120722198E1,-1.398006678E0,9.559625626E0,-1.984846354E0
6.120959968E1,-1.390828133E0,9.562018394E0,-1.987239242E0
6.121197817E1,-1.395613790E0,9.562018394E0,-1.989632010E0
6.121435666E1,-1.362114310E0,9.600303650E0,-1.996810555E0
6.121673432E1,-1.331007600E0,9.564411163E0,-1.936989903E0
6.121911203E1,-1.309472203E0,9.557232857E0,-1.920240164E0
6.122149052E1,-1.275972724E0,9.562018394E0,-1.932204247E0
6.122386901E1,-1.275972724E0,9.557232857E0,-1.927418590E0
6.122624671E1,-1.242473125E0,9.552447319E0,-1.901097536E0
6.122862442E1,-1.228116274E0,9.526125908E0,-1.896311998E0
6.123100286E1,-1.208973646E0,9.538089752E0,-1.865205288E0
6.123338135E1,-1.194616675E0,9.540482521E0,-1.862812400E0
6.123575906E1,-1.163509965E0,9.518947601E0,-1.838884234E0
6.123813677E1,-1.134796143E0,9.545269012E0,-1.807777524E0
6.124051520E1,-1.115653515E0,9.526125908E0,-1.798206210E0
6.124289369E1,-1.077368379E0,9.535696983E0,-1.793420553E0
6.124527140E1,-1.084546804E0,9.554840088E0,-1.776670814E0
6.124764911E1,-1.031605721E0,9.583553314E0,-1.759921074E0
6.125002755E1,-1.026820064E0,9.557232857E0,-1.752742529E0
6.125240604E1,-1.010070205E0,9.571589470E0,-1.750349760E0
6.125478375E1,-1.017248750E0,9.609874725E0,-1.742872238E0
6.125716145E1,-1.000499010E0,9.590732574E0,-1.771885157E0
6.125953994E1,-9.789635539E-1,9.595518112E0,-1.779063582E0
6.126191843E1,-1.012463093E0,9.629017830E0,-1.793420553E0
6.126429609E1,-1.005284667E0,9.643374443E0,-1.802991867E0
6.126667380E1,-1.005284667E0,9.660123825E0,-1.802991867E0
6.126905229E1,-1.022034407E0,9.652945518E0,-1.834098577E0
6.127143078E1,-1.022034407E0,9.674481392E0,-1.843669891E0
6.127380848E1,-1.029212832E0,9.691230774E0,-1.860419631E0
6.127618619E1,-1.038784146E0,9.688838005E0,-1.889133453E0
6.127856463E1,-1.053141117E0,9.700801849E0,-1.898704767E0
6.128094312E1,-1.084546804E0,9.684052467E0,-1.908276081E0
6.128332083E1,-1.110867858E0,9.691230774E0,-1.915454507E0
6.128569854E1,-1.108475089E0,9.693623543E0,-1.915454507E0
6.128807698E1,-1.127617717E0,9.686445236E0,-1.941775560E0
6.129045546E1,-1.137188911E0,9.681659698E0,-1.934597135E0
6.129283317E1,-1.158724308E0,9.672088623E0,-1.934597135E0
6.129521088E1,-1.180259824E0,9.662516594E0,-1.932204247E0
6.129758932E1,-1.173081279E0,9.643374443E0,-1.953739643E0
6.129996781E1,-1.182652593E0,9.643374443E0,-1.929811478E0
6.130234552E1,-1.194616675E0,9.648159981E0,-1.956132531E0
6.130472323E1,-1.182652593E0,9.621838570E0,-1.956132531E0
6.130710171E1,-1.220937729E0,9.648159981E0,-1.958525300E0
6.130948020E1,-1.194616675E0,9.619445801E0,-1.963310957E0
6.131185786E1,-1.216152072E0,9.636196136E0,-1.956132531E0
6.131423557E1,-1.247258782E0,9.607481956E0,-1.941775560E0
6.131661406E1,-1.261615753E0,9.597910881E0,-1.963310957E0
6.131899255E1,-1.247258782E0,9.595518112E0,-1.958525300E0
6.132137026E1,-1.283151150E0,9.614660263E0,-1.968096614E0
6.132374796E1,-1.290329576E0,9.626625061E0,-1.946561217E0
6.132612640E1,-1.292722464E0,9.597910881E0,-1.941775560E0
6.132850489E1,-1.299900889E0,9.607481956E0,-1.946561217E0
6.133088260E1,-1.321436286E0,9.614660263E0,-1.970489502E0
6.133326031E1,-1.359721422E0,9.614660263E0,-1.972882271E0
6.133563875E1,-1.357328653E0,9.626625061E0,-1.963310957E0
6.133801724E1,-1.376471281E0,9.614660263E0,-1.963310957E0
6.134039494E1,-1.395613790E0,9.633803368E0,-1.956132531E0
6.134277265E1,-1.386042476E0,9.650552750E0,-1.948953986E0
6.134515114E1,-1.405185103E0,9.662516594E0,-1.975275040E0
6.134752963E1,-1.405185103E0,9.667302132E0,-1.965703845E0
6.134990729E1,-1.431506157E0,9.650552750E0,-1.987239242E0
6.135228500E1,-1.424327731E0,9.652945518E0,-1.975275040E0
6.135466348E1,-1.441077471E0,9.679266930E0,-1.972882271E0
6.135704198E1,-1.414756417E0,9.660123825E0,-1.977667928E0
6.135941968E1,-1.424327731E0,9.650552750E0,-1.972882271E0
6.136179739E1,-1.431506157E0,9.655338287E0,-1.972882271E0
6.136417583E1,-1.460219979E0,9.631410599E0,-1.989632010E0
6.136655432E1,-1.462612867E0,9.619445801E0,-1.970489502E0
6.136893203E1,-1.460219979E0,9.626625061E0,-1.977667928E0
6.137130974E1,-1.460219979E0,9.633803368E0,-1.977667928E0
6.137368817E1,-1.448255897E0,9.640981674E0,-1.994417667E0
6.137606666E1,-1.455434322E0,9.657731056E0,-1.999203324E0
6.137844437E1,-1.462612867E0,9.684052467E0,-2.013560295E0
6.138082208E1,-1.462612867E0,9.657731056E0,-2.037488461E0
6.138320052E1,-1.493719578E0,9.633803368E0,-2.027917147E0
6.138557901E1,-1.498505235E0,9.597910881E0,-2.030309916E0
6.138795671E1,-1.496112347E0,9.614660263E0,-2.018345833E0
6.139033442E1,-1.498505235E0,9.597910881E0,-2.035095692E0
6.139271291E1,-1.500898004E0,9.583553314E0,-2.044667006E0
6.139509140E1,-1.493719578E0,9.590732574E0,-2.039881229E0
6.139746906E1,-1.498505235E0,9.578767776E0,-2.051845312E0
6.139984677E1,-1.503290772E0,9.564411163E0,-2.070987940E0
6.140222526E1,-1.498505235E0,9.530911446E0,-2.061416626E0
6.140460374E1,-1.508076429E0,9.497411728E0,-2.027917147E0
6.140698145E1,-1.479362607E0,9.502198219E0,-2.025524378E0
6.140935916E1,-1.500898004E0,9.502198219E0,-2.001596212E0
6.141173760E1,-1.493719578E0,9.485447884E0,-2.030309916E0
6.141411609E1,-1.488933921E0,9.483055115E0,-2.013560295E0
6.141649380E1,-1.500898004E0,9.459127426E0,-1.994417667E0
6.141887151E1,-1.510469317E0,9.485447884E0,-1.968096614E0
6.142124994E1,-1.467398524E0,9.451948166E0,-1.953739643E0
6.142362843E1,-1.476969719E0,9.449555397E0,-1.968096614E0
6.142600614E1,-1.498505235E0,9.437591553E0,-1.972882271E0
6.142838385E1,-1.491326690E0,9.437591553E0,-1.941775560E0
6.143076234E1,-1.486541033E0,9.454340935E0,-1.958525300E0
6.143314083E1,-1.474576950E0,9.459127426E0,-1.972882271E0
6.143551848E1,-1.465005636E0,9.468698502E0,-1.965703845E0
6.143789619E1,-1.450648785E0,9.461520195E0,-1.956132531E0
6.144027468E1,-1.433898926E0,9.471091270E0,-1.956132531E0
6.144265317E1,-1.429113269E0,9.456734657E0,-1.970489502E0
6.144503088E1,-1.390828133E0,9.451948166E0,-1.977667928E0
6.144740859E1,-1.388435364E0,9.456734657E0,-1.987239242E0
6.144978703E1,-1.400399446E0,9.442377090E0,-2.008774519E0
6.145216552E1,-1.381256819E0,9.435198784E0,-1.977667928E0
6.145454322E1,-1.395613790E0,9.439984322E0,-1.975275040E0
6.145692093E1,-1.393221021E0,9.430413246E0,-1.989632010E0
6.145929937E1,-1.390828133E0,9.442377090E0,-1.992024899E0
6.146167786E1,-1.383649707E0,9.435198784E0,-1.987239242E0
6.146405557E1,-1.395613790E0,9.454340935E0,-1.960918188E0
6.146643328E1,-1.400399446E0,9.451948166E0,-1.972882271E0
6.146881177E1,-1.405185103E0,9.459127426E0,-1.956132531E0
6.147119026E1,-1.383649707E0,9.454340935E0,-1.951346874E0
6.147356791E1,-1.374078393E0,9.442377090E0,-1.948953986E0
6.147594562E1,-1.395613790E0,9.456734657E0,-1.948953986E0
6.147832411E1,-1.342971683E0,9.449555397E0,-1.951346874E0
6.148070260E1,-1.369292736E0,9.454340935E0,-1.965703845E0
6.148308026E1,-1.386042476E0,9.463912964E0,-1.965703845E0
6.148545796E1,-1.369292736E0,9.447162628E0,-1.939382792E0
6.148783645E1,-1.328614831E0,9.485447884E0,-1.898704767E0
6.149021494E1,-1.292722464E0,9.521340370E0,-1.929811478E0
6.149259265E1,-1.275972724E0,9.545269012E0,-1.965703845E0
6.149497036E1,-1.307079315E0,9.521340370E0,-1.975275040E0
6.149734880E1,-1.364507079E0,9.538089752E0,-1.963310957E0
6.149972729E1,-1.354935765E0,9.538089752E0,-1.917847395E0
6.150210500E1,-1.347757339E0,9.550054550E0,-1.920240164E0
6.150448270E1,-1.335793257E0,9.562018394E0,-1.936989903E0
6.150686114E1,-1.338186026E0,9.581160545E0,-1.925025821E0
6.150923963E1,-1.333400369E0,9.614660263E0,-1.939382792E0
6.151161734E1,-1.319043517E0,9.600303650E0,-1.941775560E0
6.151399505E1,-1.331007600E0,9.614660263E0,-1.953739643E0
6.151637354E1,-1.326221943E0,9.631410599E0,-1.948953986E0
6.151875203E1,-1.321436286E0,9.612267494E0,-1.953739643E0
6.152112968E1,-1.326221943E0,9.617053032E0,-1.951346874E0
6.152350739E1,-1.302293777E0,9.626625061E0,-1.984846354E0
6.152588588E1,-1.302293777E0,9.621838570E0,-1.994417667E0
6.152826437E1,-1.331007600E0,9.624231339E0,-1.980060697E0
6.153064208E1,-1.299900889E0,9.636196136E0,-1.992024899E0
6.153301979E1,-1.273579836E0,9.640981674E0,-1.975275040E0
6.153539822E1,-1.283151150E0,9.600303650E0,-1.999203324E0
6.153777671E1,-1.252044439E0,9.612267494E0,-1.968096614E0
6.154015442E1,-1.259222865E0,9.619445801E0,-1.992024899E0
6.154253213E1,-1.252044439E0,9.633803368E0,-1.970489502E0
6.154491057E1,-1.247258782E0,9.595518112E0,-1.960918188E0
6.154728906E1,-1.242473125E0,9.626625061E0,-1.946561217E0
6.154966677E1,-1.244866014E0,9.607481956E0,-1.932204247E0
6.155204448E1,-1.216152072E0,9.602696419E0,-1.908276081E0
6.155442296E1,-1.235294700E0,9.607481956E0,-1.908276081E0
6.155680145E1,-1.228116274E0,9.636196136E0,-1.896311998E0
6.155917911E1,-1.216152072E0,9.626625061E0,-1.893919110E0
6.156155682E1,-1.228116274E0,9.624231339E0,-1.917847395E0
6.156393531E1,-1.201795220E0,9.640981674E0,-1.922633052E0
6.156631380E1,-1.211366415E0,9.636196136E0,-1.936989903E0
6.156869151E1,-1.199402332E0,9.636196136E0,-1.934597135E0
6.157106921E1,-1.194616675E0,9.636196136E0,-1.932204247E0
6.157344765E1,-1.182652593E0,9.624231339E0,-1.941775560E0
6.157582614E1,-1.177866936E0,9.626625061E0,-1.960918188E0
6.157820385E1,-1.177866936E0,9.621838570E0,-1.953739643E0
6.158058156E1,-1.161117196E0,9.605089188E0,-1.941775560E0
6.158296000E1,-1.165902853E0,9.607481956E0,-1.946561217E0
6.158533848E1,-1.170688510E0,9.595518112E0,-1.948953986E0
6.158771619E1,-1.163509965E0,9.593125343E0,-1.965703845E0
6.159009390E1,-1.165902853E0,9.597910881E0,-1.951346874E0
6.159247234E1,-1.163509965E0,9.583553314E0,-1.951346874E0
6.159485083E1,-1.173081279E0,9.585947037E0,-1.982453585E0
6.159722854E1,-1.182652593E0,9.588339806E0,-1.972882271E0
6.159960625E1,-1.165902853E0,9.585947037E0,-1.984846354E0
6.160198474E1,-1.168295622E0,9.583553314E0,-1.980060697E0
6.160436323E1,-1.187438250E0,9.583553314E0,-1.977667928E0
6.160674093E1,-1.187438250E0,9.600303650E0,-1.989632010E0
6.160911864E1,-1.199402332E0,9.581160545E0,-1.996810555E0
6.161149708E1,-1.199402332E0,9.590732574E0,-1.984846354E0
6.161387557E1,-1.208973646E0,9.590732574E0,-1.958525300E0
6.161625328E1,-1.211366415E0,9.569196701E0,-1.948953986E0
6.161863098E1,-1.213759303E0,9.581160545E0,-1.934597135E0
6.162100942E1,-1.216152072E0,9.564411163E0,-1.939382792E0
6.162338791E1,-1.211366415E0,9.573982239E0,-1.922633052E0
6.162576562E1,-1.232901812E0,9.581160545E0,-1.910668850E0
6.162814333E1,-1.228116274E0,9.573982239E0,-1.925025821E0
6.163052182E1,-1.192223907E0,9.571589470E0,-1.925025821E0
6.163290031E1,-1.206580877E0,9.583553314E0,-1.920240164E0
6.163527796E1,-1.228116274E0,9.557232857E0,-1.915454507E0
6.163765567E1,-1.237687469E0,9.583553314E0,-1.920240164E0
6.164003416E1,-1.216152072E0,9.585947037E0,-1.896311998E0
6.164241265E1,-1.252044439E0,9.600303650E0,-1.893919110E0
6.164479036E1,-1.232901812E0,9.588339806E0,-1.879562140E0
6.164716807E1,-1.230509043E0,9.571589470E0,-1.886740685E0
6.164954651E1,-1.256830096E0,9.600303650E0,-1.879562140E0
6.165192500E1,-1.268794179E0,9.614660263E0,-1.853241086E0
6.165430270E1,-1.249651670E0,9.612267494E0,-1.865205288E0
6.165668041E1,-1.240080357E0,9.600303650E0,-1.869990945E0
6.165905885E1,-1.273579836E0,9.614660263E0,-1.865205288E0
6.166143734E1,-1.283151150E0,9.605089188E0,-1.869990945E0
6.166381505E1,-1.302293777E0,9.607481956E0,-1.855633974E0
6.166619276E1,-1.295115232E0,9.619445801E0,-1.879562140E0
6.166857119E1,-1.323829174E0,9.593125343E0,-1.872383714E0
6.167094968E1,-1.311864972E0,9.605089188E0,-1.846062660E0
6.167332739E1,-1.347757339E0,9.597910881E0,-1.877169371E0
6.167570510E1,-1.333400369E0,9.585947037E0,-1.905883193E0
6.167808359E1,-1.359721422E0,9.585947037E0,-1.891526341E0
6.168046208E1,-1.383649707E0,9.595518112E0,-1.901097536E0
6.168283974E1,-1.405185103E0,9.602696419E0,-1.927418590E0
6.168521744E1,-1.407577872E0,9.583553314E0,-1.956132531E0
6.168759593E1,-1.424327731E0,9.566803932E0,-1.970489502E0
6.168997442E1,-1.438684583E0,9.576375008E0,-1.956132531E0
6.169235213E1,-1.436291814E0,9.576375008E0,-1.965703845E0
6.169472984E1,-1.462612867E0,9.573982239E0,-1.982453585E0
6.169710828E1,-1.457827210E0,9.562018394E0,-2.011167526E0
6.169948677E1,-1.465005636E0,9.569196701E0,-2.001596212E0
6.170186448E1,-1.453041553E0,9.588339806E0,-2.018345833E0
6.170424218E1,-1.462612867E0,9.588339806E0,-2.032702923E0
6.170662067E1,-1.479362607E0,9.566803932E0,-2.035095692E0
6.170899916E1,-1.498505235E0,9.573982239E0,-2.042274237E0
6.171137682E1,-1.491326690E0,9.573982239E0,-2.023131609E0
6.171375453E1,-1.496112347E0,9.588339806E0,-2.030309916E0
6.171613302E1,-1.488933921E0,9.590732574E0,-2.023131609E0
6.171851151E1,-1.498505235E0,9.554840088E0,-2.020738840E0
6.172088921E1,-1.515254974E0,9.566803932E0,-2.011167526E0
6.172326692E1,-1.508076429E0,9.569196701E0,-2.020738840E0
6.172564536E1,-1.515254974E0,9.571589470E0,-2.020738840E0
6.172802385E1,-1.498505235E0,9.590732574E0,-2.003988981E0
6.173040156E1,-1.498505235E0,9.600303650E0,-2.008774519E0
6.173277927E1,-1.496112347E0,9.590732574E0,-2.018345833E0
6.173515770E1,-1.505683661E0,9.585947037E0,-2.003988981E0
6.173753619E1,-1.496112347E0,9.617053032E0,-1.982453585E0
6.173991390E1,-1.508076429E0,9.605089188E0,-1.994417667E0
6.174229161E1,-1.503290772E0,9.612267494E0,-1.992024899E0
6.174467005E1,-1.496112347E0,9.595518112E0,-1.999203324E0
6.174704854E1,-1.476969719E0,9.581160545E0,-1.996810555E0
6.174942624E1,-1.493719578E0,9.583553314E0,-1.987239242E0
6.175180395E1,-1.500898004E0,9.593125343E0,-1.999203324E0
6.175418244E1,-1.500898004E0,9.602696419E0,-1.989632010E0
6.175656093E1,-1.491326690E0,9.573982239E0,-1.977667928E0
6.175893864E1,-1.508076429E0,9.590732574E0,-1.994417667E0
6.176131635E1,-1.503290772E0,9.602696419E0,-2.023131609E0
6.176369479E1,-1.532004714E0,9.566803932E0,-2.013560295E0
6.176607328E1,-1.484148264E0,9.569196701E0,-2.013560295E0
6.176845098E1,-1.488933921E0,9.564411163E0,-2.003988981E0
6.177082869E1,-1.469791293E0,9.578767776E0,-2.011167526E0
6.177320713E1,-1.467398524E0,9.569196701E0,-2.039881229E0
6.177558562E1,-1.479362607E0,9.566803932E0,-2.023131609E0
6.177796333E1,-1.462612867E0,9.554840088E0,-2.011167526E0
6.178034104E1,-1.457827210E0,9.547661781E0,-2.030309916E0
6.178271948E1,-1.448255897E0,9.547661781E0,-2.030309916E0
6.178509796E1,-1.457827210E0,9.535696983E0,-2.044667006E0
6.178747567E1,-1.438684583E0,9.523733139E0,-2.066202402E0
6.178985338E1,-1.433898926E0,9.521340370E0,-2.042274237E0
6.179223187E1,-1.433898926E0,9.492626190E0,-2.030309916E0
6.179461036E1,-1.450648785E0,9.487840652E0,-2.032702923E0
6.179698807E1,-1.429113269E0,9.478269577E0,-2.044667006E0
6.179936578E1,-1.433898926E0,9.471091270E0,-2.027917147E0
6.180174421E1,-1.421934843E0,9.435198784E0,-2.011167526E0
6.180412270E1,-1.421934843E0,9.413662910E0,-2.006381750E0
6.180650041E1,-1.429113269E0,9.413662910E0,-2.011167526E0
6.180887812E1,-1.443470240E0,9.404091835E0,-1.996810555E0
6.181125656E1,-1.417149186E0,9.384949684E0,-1.989632010E0
6.181363505E1,-1.405185103E0,9.389735222E0,-1.946561217E0
6.181601276E1,-1.412363529E0,9.384949684E0,-1.970489502E0
6.181839046E1,-1.393221021E0,9.416056633E0,-1.958525300E0
6.182076890E1,-1.405185103E0,9.389735222E0,-1.925025821E0
6.182314739E1,-1.388435364E0,9.396913528E0,-1.927418590E0
6.182552510E1,-1.390828133E0,9.401699066E0,-1.925025821E0
6.182790281E1,-1.369292736E0,9.430413246E0,-1.922633052E0
6.183028130E1,-1.371685624E0,9.439984322E0,-1.908276081E0
6.183265979E1,-1.354935765E0,9.428020477E0,-1.915454507E0
6.183503744E1,-1.347757339E0,9.447162628E0,-1.898704767E0
6.183741515E1,-1.338186026E0,9.480662346E0,-1.903490424E0
6.183979364E1,-1.333400369E0,9.499805450E0,-1.905883193E0
6.184217213E1,-1.323829174E0,9.518947601E0,-1.910668850E0
6.184454984E1,-1.302293777E0,9.526125908E0,-1.927418590E0
6.184692755E1,-1.304686546E0,9.547661781E0,-1.929811478E0
6.184930598E1,-1.299900889E0,9.542876244E0,-1.944168448E0
6.185168448E1,-1.314257860E0,9.583553314E0,-1.941775560E0
6.185406218E1,-1.280758262E0,9.571589470E0,-1.948953986E0
6.185643989E1,-1.295115232E0,9.585947037E0,-1.944168448E0
6.185881833E1,-1.292722464E0,9.573982239E0,-1.960918188E0
6.186119682E1,-1.290329576E0,9.605089188E0,-1.972882271E0
6.186357453E1,-1.287936807E0,9.583553314E0,-1.958525300E0
6.186595224E1,-1.304686546E0,9.583553314E0,-1.963310957E0
6.186833073E1,-1.316650629E0,9.593125343E0,-1.984846354E0
6.187070921E1,-1.335793257E0,9.573982239E0,-1.987239242E0
6.187308687E1,-1.338186026E0,9.571589470E0,-1.996810555E0
6.187546458E1,-1.350150228E0,9.566803932E0,-2.018345833E0
6.187784307E1,-1.364507079E0,9.562018394E0,-1.999203324E0
6.188022156E1,-1.369292736E0,9.554840088E0,-2.006381750E0
6.188259927E1,-1.386042476E0,9.559625626E0,-2.035095692E0
6.188497698E1,-1.383649707E0,9.547661781E0,-2.035095692E0
6.188735541E1,-1.412363529E0,9.547661781E0,-2.037488461E0
6.188973390E1,-1.417149186E0,9.562018394E0,-2.023131609E0
6.189211161E1,-1.433898926E0,9.554840088E0,-2.068595171E0
6.189448932E1,-1.433898926E0,9.559625626E0,-2.066202402E0
6.189686776E1,-1.431506157E0,9.559625626E0,-2.090130568E0
6.189924624E1,-1.445863128E0,9.571589470E0,-2.078166485E0
6.190162395E1,-1.450648785E0,9.585947037E0,-2.070987940E0
6.190400166E1,-1.472184181E0,9.578767776E0,-2.070987940E0
6.190638015E1,-1.481755376E0,9.573982239E0,-2.111665964E0
6.190875864E1,-1.486541033E0,9.597910881E0,-2.111665964E0
6.191113635E1,-1.512862086E0,9.605089188E0,-2.123630047E0
6.191351406E1,-1.520040631E0,9.619445801E0,-2.126022816E0
6.191589250E1,-1.532004714E0,9.605089188E0,-2.123630047E0
6.191827099E1,-1.546361685E0,9.629017830E0,-2.114058733E0
6.192064869E1,-1.582253933E0,9.624231339E0,-2.116451740E0
6.192302640E1,-1.577468276E0,9.631410599E0,-2.087737799E0
6.192540484E1,-1.589432478E0,9.636196136E0,-2.116451740E0
6.192778333E1,-1.606182218E0,9.640981674E0,-2.080559254E0
6.193016104E1,-1.610967875E0,9.629017830E0,-2.087737799E0
6.193253874E1,-1.599003673E0,9.636196136E0,-2.102094650E0
6.193491724E1,-1.620539188E0,9.636196136E0,-2.070987940E0
6.193729573E1,-1.613360643E0,9.617053032E0,-2.073380709E0
6.193967338E1,-1.603789330E0,9.609874725E0,-2.080559254E0
6.194205109E1,-1.608574986E0,9.619445801E0,-2.056631088E0
6.194442958E1,-1.587039590E0,9.602696419E0,-2.039881229E0
6.194680807E1,-1.601396561E0,9.585947037E0,-2.037488461E0
6.194918578E1,-1.587039590E0,9.597910881E0,-2.051845312E0
6.195156348E1,-1.572682738E0,9.573982239E0,-2.023131609E0
6.195394192E1,-1.543968797E0,9.562018394E0,-2.027917147E0
6.195632041E1,-1.548754454E0,9.585947037E0,-2.037488461E0
6.195869812E1,-1.546361685E0,9.562018394E0,-2.039881229E0
6.196107583E1,-1.555932879E0,9.554840088E0,-2.051845312E0
6.196345427E1,-1.517647743E0,9.538089752E0,-2.044667006E0
6.196583276E1,-1.517647743E0,9.545269012E0,-2.068595171E0
6.196821046E1,-1.546361685E0,9.521340370E0,-2.078166485E0
6.197058817E1,-1.536790371E0,9.516554832E0,-2.111665964E0
6.197296661E1,-1.524826288E0,9.497411728E0,-2.106880426E0
6.197534510E1,-1.539183140E0,9.495018959E0,-2.145165443E0
6.197772281E1,-1.522433400E0,9.490233421E0,-2.126022816E0
6.198010052E1,-1.520040631E0,9.487840652E0,-2.164308071E0
6.198247901E1,-1.529611826E0,9.478269577E0,-2.173879385E0
6.198485750E1,-1.534397483E0,9.495018959E0,-2.171486616E0
6.198723515E1,-1.532004714E0,9.466305733E0,-2.164308071E0
6.198961286E1,-1.558325768E0,9.468698502E0,-2.176272154E0
6.199199135E1,-1.551147223E0,9.471091270E0,-2.166700840E0
6.199436984E1,-1.543968797E0,9.456734657E0,-2.181057930E0
6.199674755E1,-1.584646821E0,9.459127426E0,-2.164308071E0
6.199912526E1,-1.575075507E0,9.449555397E0,-2.161915302E0
6.200150369E1,-1.558325768E0,9.454340935E0,-2.135594130E0
6.200388218E1,-1.553540111E0,9.466305733E0,-2.145165443E0
6.200625989E1,-1.536790371E0,9.456734657E0,-2.133201361E0
6.200863760E1,-1.541576028E0,9.456734657E0,-2.135594130E0
6.201101604E1,-1.539183140E0,9.444769859E0,-2.116451740E0
6.201339453E1,-1.527219057E0,9.447162628E0,-2.106880426E0
6.201577224E1,-1.505683661E0,9.451948166E0,-2.099701881E0
6.201814994E1,-1.508076429E0,9.471091270E0,-2.082952023E0
6.202052843E1,-1.481755376E0,9.463912964E0,-2.075773716E0
6.202290692E1,-1.462612867E0,9.461520195E0,-2.061416626E0
6.202528463E1,-1.433898926E0,9.473484039E0,-2.068595171E0
6.202766234E1,-1.438684583E0,9.461520195E0,-2.023131609E0
6.203004078E1,-1.414756417E0,9.459127426E0,-2.020738840E0
6.203241927E1,-1.407577872E0,9.461520195E0,-2.039881229E0
6.203479698E1,-1.386042476E0,9.473484039E0,-1.994417667E0
6.203717468E1,-1.374078393E0,9.468698502E0,-1.999203324E0
6.203955312E1,-1.362114310E0,9.471091270E0,-2.013560295E0
6.204193161E1,-1.323829174E0,9.485447884E0,-2.025524378E0
6.204430932E1,-1.328614831E0,9.490233421E0,-2.018345833E0
6.204668703E1,-1.316650629E0,9.521340370E0,-1.994417667E0
6.204906546E1,-1.283151150E0,9.497411728E0,-2.011167526E0
6.205144395E1,-1.280758262E0,9.487840652E0,-2.001596212E0
6.205382166E1,-1.261615753E0,9.514162064E0,-1.977667928E0
6.205619937E1,-1.247258782E0,9.526125908E0,-1.994417667E0
6.205857786E1,-1.244866014E0,9.526125908E0,-2.003988981E0
6.206095635E1,-1.240080357E0,9.518947601E0,-1.999203324E0
6.206333401E1,-1.218544960E0,9.535696983E0,-1.992024899E0
6.206571171E1,-1.218544960E0,9.542876244E0,-2.006381750E0
6.206809020E1,-1.206580877E0,9.528518677E0,-1.992024899E0
6.207046869E1,-1.211366415E0,9.554840088E0,-2.018345833E0
6.207284640E1,-1.197009563E0,9.559625626E0,-2.008774519E0
6.207522411E1,-1.177866936E0,9.566803932E0,-1.992024899E0
6.207760255E1,-1.185045362E0,9.566803932E0,-1.994417667E0
6.207998104E1,-1.208973646E0,9.595518112E0,-1.992024899E0
6.208235874E1,-1.182652593E0,9.573982239E0,-2.015953064E0
6.208473645E1,-1.175474167E0,9.562018394E0,-2.015953064E0
6.208711489E1,-1.170688510E0,9.588339806E0,-1.996810555E0
6.208949338E1,-1.165902853E0,9.597910881E0,-1.975275040E0
6.209187109E1,-1.173081279E0,9.619445801E0,-2.001596212E0
6.209424880E1,-1.156331539E0,9.617053032E0,-1.984846354E0
6.209662729E1,-1.149153113E0,9.619445801E0,-1.975275040E0
6.209900578E1,-1.146760225E0,9.624231339E0,-1.960918188E0
6.210138349E1,-1.130010486E0,9.633803368E0,-1.980060697E0
6.210376119E1,-1.118046403E0,9.655338287E0,-1.975275040E0
6.210613963E1,-1.118046403E0,9.636196136E0,-1.948953986E0
6.210851812E1,-1.108475089E0,9.629017830E0,-1.939382792E0
6.211089583E1,-1.086939692E0,9.640981674E0,-1.946561217E0
6.211327354E1,-1.077368379E0,9.650552750E0,-1.948953986E0
6.211565198E1,-1.057926655E0,9.638588905E0,-1.936989903E0
6.211803046E1,-1.031605721E0,9.648159981E0,-1.939382792E0
6.212040817E1,-1.033998489E0,9.633803368E0,-1.922633052E0
6.212278588E1,-1.024427176E0,9.660123825E0,-1.929811478E0
6.212516432E1,-9.957132936E-1,9.669695854E0,-1.936989903E0
6.212754281E1,-9.861420393E-1,9.679266930E0,-1.917847395E0
6.212992052E1,-9.741778970E-1,9.662516594E0,-1.934597135E0
6.213229823E1,-9.598209858E-1,9.648159981E0,-1.953739643E0
6.213467671E1,-9.646066427E-1,9.664909363E0,-1.925025821E0
6.213705520E1,-9.550353289E-1,9.655338287E0,-1.934597135E0
6.213943291E1,-9.406784177E-1,9.648159981E0,-1.953739643E0
6.214181062E1,-9.478568435E-1,9.655338287E0,-1.946561217E0
6.214418906E1,-9.550353289E-1,9.657731056E0,-1.946561217E0
6.214656755E1,-9.622138143E-1,9.648159981E0,-1.965703845E0
6.214894526E1,-9.502496719E-1,9.664909363E0,-1.960918188E0
6.215132296E1,-9.885348678E-1,9.648159981E0,-1.968096614E0
6.215370140E1,-9.646066427E-1,9.662516594E0,-1.970489502E0
6.215607989E1,-9.526425004E-1,9.662516594E0,-1.951346874E0
6.215845760E1,-9.598209858E-1,9.633803368E0,-1.960918188E0
6.216083531E1,-9.741778970E-1,9.652945518E0,-1.994417667E0
6.216321375E1,-9.789635539E-1,9.650552750E0,-1.960918188E0
6.216559224E1,-9.622138143E-1,9.638588905E0,-1.951346874E0
6.216796994E1,-9.669994712E-1,9.657731056E0,-1.975275040E0
6.217034765E1,-9.669994712E-1,9.636196136E0,-1.975275040E0
6.217272614E1,-9.502496719E-1,9.617053032E0,-1.984846354E0
6.217510463E1,-9.550353289E-1,9.655338287E0,-1.965703845E0
6.217748234E1,-9.885348678E-1,9.636196136E0,-1.989632010E0
6.217986005E1,-9.861420393E-1,9.626625061E0,-1.980060697E0
6.218223849E1,-9.933205247E-1,9.629017830E0,-1.963310957E0
6.218461698E1,-1.007677436E0,9.617053032E0,-1.975275040E0
6.218699468E1,-1.010070205E0,9.626625061E0,-1.972882271E0
6.218937239E1,-1.024427176E0,9.624231339E0,-1.996810555E0
6.219175083E1,-1.024427176E0,9.617053032E0,-2.008774519E0
6.219412932E1,-1.036391258E0,9.633803368E0,-1.972882271E0
6.219650703E1,-1.041176915E0,9.621838570E0,-1.960918188E0
6.219888474E1,-1.041176915E0,9.624231339E0,-1.963310957E0
6.220126317E1,-1.060319543E0,9.624231339E0,-1.977667928E0
6.220364166E1,-1.074975610E0,9.617053032E0,-1.977667928E0
6.220601937E1,-1.101296663E0,9.629017830E0,-1.975275040E0
6.220839708E1,-1.098903775E0,9.629017830E0,-1.980060697E0
6.221077557E1,-1.101296663E0,9.631410599E0,-1.960918188E0
6.221315406E1,-1.110867858E0,9.612267494E0,-1.982453585E0
6.221553177E1,-1.125224829E0,9.609874725E0,-1.996810555E0
6.221790948E1,-1.120439172E0,9.631410599E0,-1.980060697E0
6.222028791E1,-1.137188911E0,9.626625061E0,-1.963310957E0
6.222266640E1,-1.161117196E0,9.621838570E0,-1.972882271E0
6.222504411E1,-1.153938770E0,9.629017830E0,-1.963310957E0
6.222742182E1,-1.161117196E0,9.633803368E0,-1.982453585E0
6.222980026E1,-1.144367456E0,9.626625061E0,-1.958525300E0
6.223217875E1,-1.175474167E0,9.631410599E0,-1.946561217E0
6.223455645E1,-1.165902853E0,9.612267494E0,-1.970489502E0
6.223693416E1,-1.192223907E0,9.636196136E0,-1.958525300E0
6.223931260E1,-1.192223907E0,9.612267494E0,-1.972882271E0
6.224169109E1,-1.197009563E0,9.633803368E0,-1.970489502E0
6.224406880E1,-1.197009563E0,9.602696419E0,-1.963310957E0
6.224644651E1,-1.199402332E0,9.590732574E0,-1.972882271E0
6.224882500E1,-1.213759303E0,9.600303650E0,-1.975275040E0
6.225120349E1,-1.218544960E0,9.602696419E0,-1.980060697E0
6.225358114E1,-1.235294700E0,9.607481956E0,-1.987239242E0
6.225595885E1,-1.225723386E0,9.585947037E0,-1.994417667E0
6.225833734E1,-1.261615753E0,9.569196701E0,-1.994417667E0
6.226071583E1,-1.240080357E0,9.588339806E0,-1.996810555E0
6.226309354E1,-1.259222865E0,9.576375008E0,-2.011167526E0
6.226547124E1,-1.240080357E0,9.547661781E0,-2.013560295E0
6.226784968E1,-1.266401410E0,9.552447319E0,-2.027917147E0
6.227022817E1,-1.261615753E0,9.552447319E0,-2.044667006E0
6.227260588E1,-1.256830096E0,9.554840088E0,-2.051845312E0
6.227498359E1,-1.252044439E0,9.528518677E0,-2.051845312E0
6.227736203E1,-1.278365493E0,9.540482521E0,-2.066202402E0
6.227974052E1,-1.290329576E0,9.530911446E0,-2.068595171E0
6.228211823E1,-1.295115232E0,9.538089752E0,-2.080559254E0
6.228449593E1,-1.307079315E0,9.506983757E0,-2.106880426E0
6.228687442E1,-1.311864972E0,9.499805450E0,-2.087737799E0
6.228925291E1,-1.331007600E0,9.495018959E0,-2.080559254E0
6.229163057E1,-1.350150228E0,9.471091270E0,-2.075773716E0
6.229400828E1,-1.342971683E0,9.487840652E0,-2.106880426E0
6.229638677E1,-1.350150228E0,9.478269577E0,-2.080559254E0
6.229876526E1,-1.352542996E0,9.447162628E0,-2.090130568E0
6.230114296E1,-1.388435364E0,9.442377090E0,-2.106880426E0
6.230352067E1,-1.405185103E0,9.442377090E0,-2.075773716E0
6.230589911E1,-1.431506157E0,9.435198784E0,-2.109273195E0
6.230827760E1,-1.443470240E0,9.447162628E0,-2.087737799E0
6.231065531E1,-1.462612867E0,9.420842171E0,-2.092523336E0
6.231303302E1,-1.467398524E0,9.442377090E0,-2.080559254E0
6.231541145E1,-1.491326690E0,9.451948166E0,-2.061416626E0
6.231778994E1,-1.486541033E0,9.432806015E0,-2.085345030E0
6.232016765E1,-1.491326690E0,9.456734657E0,-2.085345030E0
6.232254536E1,-1.524826288E0,9.449555397E0,-2.075773716E0
6.232492385E1,-1.520040631E0,9.473484039E0,-2.078166485E0
6.232730234E1,-1.529611826E0,9.478269577E0,-2.080559254E0
6.232968000E1,-1.524826288E0,9.456734657E0,-2.080559254E0
6.233205770E1,-1.548754454E0,9.490233421E0,-2.051845312E0
6.233443619E1,-1.551147223E0,9.502198219E0,-2.068595171E0
6.233681468E1,-1.539183140E0,9.511769295E0,-2.049452543E0
6.233919234E1,-1.553540111E0,9.530911446E0,-2.051845312E0
6.234157005E1,-1.558325768E0,9.514162064E0,-2.056631088E0
6.234394854E1,-1.567897081E0,9.526125908E0,-2.035095692E0
6.234632703E1,-1.582253933E0,9.506983757E0,-2.051845312E0
6.234870474E1,-1.582253933E0,9.518947601E0,-2.042274237E0
6.235108244E1,-1.579861164E0,9.547661781E0,-2.056631088E0
6.235346088E1,-1.584646821E0,9.526125908E0,-2.059023857E0
6.235583937E1,-1.591825247E0,9.533304214E0,-2.063809633E0
6.235821708E1,-1.589432478E0,9.528518677E0,-2.044667006E0
6.236059479E1,-1.596610904E0,9.506983757E0,-2.056631088E0
6.236297328E1,-1.594218135E0,9.523733139E0,-2.051845312E0
6.236535177E1,-1.610967875E0,9.511769295E0,-2.042274237E0
6.236772942E1,-1.603789330E0,9.526125908E0,-2.061416626E0
6.237010713E1,-1.622931957E0,9.490233421E0,-2.063809633E0
6.237248562E1,-1.630409479E0,9.497411728E0,-2.047059774E0
6.237486411E1,-1.632802367E0,9.485447884E0,-2.047059774E0
6.237724182E1,-1.635195136E0,9.499805450E0,-2.051845312E0
6.237961953E1,-1.663909078E0,9.478269577E0,-2.049452543E0
6.238199796E1,-1.697408557E0,9.487840652E0,-2.047059774E0
6.238437645E1,-1.690230131E0,9.478269577E0,-2.056631088E0
6.238675416E1,-1.702194214E0,9.478269577E0,-2.023131609E0
6.238913187E1,-1.704586983E0,9.480662346E0,-2.037488461E0
6.239151031E1,-1.721336842E0,9.485447884E0,-2.025524378E0
6.239388880E1,-1.723729610E0,9.468698502E0,-2.018345833E0
6.239626651E1,-1.714158297E0,9.485447884E0,-2.039881229E0
6.239864421E1,-1.699801445E0,9.466305733E0,-2.042274237E0
6.240102270E1,-1.728515267E0,9.463912964E0,-2.013560295E0
6.240340119E1,-1.728515267E0,9.466305733E0,-2.027917147E0
6.240577885E1,-1.714158297E0,9.485447884E0,-2.035095692E0
6.240815656E1,-1.723729610E0,9.454340935E0,-2.035095692E0
6.241053505E1,-1.709372640E0,9.451948166E0,-2.020738840E0
6.241291354E1,-1.692622900E0,9.461520195E0,-2.059023857E0
6.241529125E1,-1.711765528E0,9.473484039E0,-2.039881229E0
6.241766895E1,-1.706979871E0,9.473484039E0,-2.042274237E0
6.242004739E1,-1.709372640E0,9.447162628E0,-2.030309916E0
6.242242588E1,-1.709372640E0,9.437591553E0,-2.044667006E0
6.242480359E1,-1.711765528E0,9.439984322E0,-2.035095692E0
6.242718130E1,-1.714158297E0,9.466305733E0,-2.066202402E0
6.242955974E1,-1.683051586E0,9.449555397E0,-2.068595171E0
6.243193822E1,-1.690230131E0,9.456734657E0,-2.066202402E0
6.243431593E1,-1.711765528E0,9.480662346E0,-2.061416626E0
6.243669364E1,-1.733300924E0,9.468698502E0,-2.070987940E0
6.243907208E1,-1.716551185E0,9.459127426E0,-2.066202402E0
6.244145057E1,-1.735693693E0,9.459127426E0,-2.059023857E0
6.244382828E1,-1.738086581E0,9.466305733E0,-2.061416626E0
6.244620599E1,-1.735693693E0,9.463912964E0,-2.070987940E0
6.244858448E1,-1.750050664E0,9.504590988E0,-2.061416626E0
6.245096296E1,-1.738086581E0,9.495018959E0,-2.059023857E0
6.245334062E1,-1.718943954E0,9.509376526E0,-2.066202402E0
6.245571833E1,-1.742872238E0,9.497411728E0,-2.059023857E0
6.245809682E1,-1.735693693E0,9.516554832E0,-2.047059774E0
6.246047531E1,-1.735693693E0,9.518947601E0,-2.047059774E0
6.246285302E1,-1.733300924E0,9.523733139E0,-2.082952023E0
6.246523073E1,-1.726122379E0,9.540482521E0,-2.056631088E0
6.246760916E1,-1.730908036E0,9.564411163E0,-2.042274237E0
6.246998765E1,-1.733300924E0,9.540482521E0,-2.049452543E0
6.247236536E1,-1.726122379E0,9.552447319E0,-2.039881229E0
6.247474307E1,-1.711765528E0,9.550054550E0,-2.042274237E0
6.247712151E1,-1.704586983E0,9.569196701E0,-2.047059774E0
6.247950000E1,-1.695015788E0,9.569196701E0,-2.042274237E0
6.248187770E1,-1.699801445E0,9.578767776E0,-2.030309916E0
6.248425541E1,-1.675873160E0,9.583553314E0,-2.032702923E0
6.248663390E1,-1.635195136E0,9.581160545E0,-2.023131609E0
6.248901239E1,-1.651944876E0,9.571589470E0,-2.025524378E0
6.249139010E1,-1.654337764E0,9.588339806E0,-2.049452543E0
6.249376781E1,-1.642373681E0,9.557232857E0,-2.051845312E0
6.249614625E1,-1.610967875E0,9.583553314E0,-2.037488461E0
6.249852474E1,-1.613360643E0,9.554840088E0,-2.037488461E0
6.250090244E1,-1.615753531E0,9.581160545E0,-2.044667006E0
6.250328015E1,-1.608574986E0,9.557232857E0,-2.030309916E0
6.250565859E1,-1.603789330E0,9.569196701E0,-2.032702923E0
6.250803708E1,-1.594218135E0,9.562018394E0,-2.023131609E0
6.251041479E1,-1.606182218E0,9.554840088E0,-2.035095692E0
6.251279250E1,-1.613360643E0,9.554840088E0,-2.044667006E0
6.251517093E1,-1.589432478E0,9.554840088E0,-2.039881229E0
6.251754942E1,-1.589432478E0,9.562018394E0,-2.049452543E0
6.251992713E1,-1.587039590E0,9.573982239E0,-2.035095692E0
6.252230484E1,-1.575075507E0,9.569196701E0,-2.054238319E0
6.252468333E1,-1.560718536E0,9.547661781E0,-2.056631088E0
6.252706182E1,-1.582253933E0,9.552447319E0,-2.037488461E0
6.252943948E1,-1.567897081E0,9.557232857E0,-2.082952023E0
6.253181718E1,-1.565504193E0,9.550054550E0,-2.104487419E0
6.253419520E1,-1.536790371E0,9.554840088E0,-2.087737799E0
6.253657312E1,-1.546361685E0,9.540482521E0,-2.082952023E0
6.253895104E1,-1.520040631E0,9.542876244E0,-2.080559254E0
6.254132895E1,-1.536790371E0,9.557232857E0,-2.106880426E0
6.254370687E1,-1.517647743E0,9.557232857E0,-2.099701881E0
6.254608479E1,-1.522433400E0,9.559625626E0,-2.092523336E0
6.254846270E1,-1.517647743E0,9.562018394E0,-2.090130568E0
6.255084062E1,-1.527219057E0,9.566803932E0,-2.092523336E0
6.255321854E1,-1.510469317E0,9.554840088E0,-2.092523336E0
6.255559770E1,-1.498505235E0,9.576375008E0,-2.114058733E0
6.255797656E1,-1.503290772E0,9.566803932E0,-2.087737799E0
6.256035427E1,-1.500898004E0,9.559625626E0,-2.092523336E0
6.256273276E1,-1.500898004E0,9.593125343E0,-2.090130568E0
6.256511125E1,-1.481755376E0,9.585947037E0,-2.104487419E0
6.256748890E1,-1.481755376E0,9.590732574E0,-2.087737799E0
6.256986661E1,-1.472184181E0,9.590732574E0,-2.106880426E0
6.257224510E1,-1.474576950E0,9.590732574E0,-2.114058733E0
6.257462359E1,-1.469791293E0,9.619445801E0,-2.118844509E0
6.257700130E1,-1.469791293E0,9.595518112E0,-2.114058733E0
6.257937901E1,-1.455434322E0,9.581160545E0,-2.116451740E0
6.258175744E1,-1.460219979E0,9.588339806E0,-2.133201361E0
6.258413593E1,-1.455434322E0,9.617053032E0,-2.142772675E0
6.258651364E1,-1.445863128E0,9.617053032E0,-2.140379906E0
6.258889135E1,-1.453041553E0,9.602696419E0,-2.147558212E0
6.259126979E1,-1.474576950E0,9.617053032E0,-2.157129526E0
6.259364828E1,-1.467398524E0,9.609874725E0,-2.145165443E0
6.259602599E1,-1.479362607E0,9.590732574E0,-2.154736757E0
6.259840369E1,-1.486541033E0,9.595518112E0,-2.147558212E0
6.260078218E1,-1.505683661E0,9.581160545E0,-2.152343988E0
6.260316067E1,-1.488933921E0,9.578767776E0,-2.166700840E0
6.260553833E1,-1.491326690E0,9.581160545E0,-2.176272154E0
6.260791604E1,-1.503290772E0,9.581160545E0,-2.152343988E0
6.261029453E1,-1.484148264E0,9.557232857E0,-2.147558212E0
6.261267302E1,-1.515254974E0,9.538089752E0,-2.169093609E0
6.261505072E1,-1.517647743E0,9.535696983E0,-2.147558212E0
6.261742843E1,-1.512862086E0,9.518947601E0,-2.140379906E0
6.261980687E1,-1.527219057E0,9.514162064E0,-2.166700840E0
6.262218536E1,-1.543968797E0,9.526125908E0,-2.173879385E0
6.262456307E1,-1.539183140E0,9.490233421E0,-2.159522533E0
6.262694078E1,-1.529611826E0,9.511769295E0,-2.154736757E0
6.262931921E1,-1.563111424E0,9.502198219E0,-2.154736757E0
6.263169770E1,-1.563111424E0,9.499805450E0,-2.147558212E0
6.263407541E1,-1.551147223E0,9.475876808E0,-2.147558212E0
6.263645312E1,-1.551147223E0,9.490233421E0,-2.183450699E0
6.263883161E1,-1.567897081E0,9.475876808E0,-2.176272154E0
6.264121010E1,-1.594218135E0,9.461520195E0,-2.152343988E0
6.264358776E1,-1.599003673E0,9.463912964E0,-2.142772675E0
6.264596546E1,-1.584646821E0,9.475876808E0,-2.161915302E0
6.264834395E1,-1.603789330E0,9.468698502E0,-2.135594130E0
6.265072244E1,-1.630409479E0,9.490233421E0,-2.164308071E0
6.265310015E1,-1.603789330E0,9.471091270E0,-2.161915302E0
6.265547786E1,-1.603789330E0,9.471091270E0,-2.157129526E0
6.265785630E1,-1.618146300E0,9.473484039E0,-2.164308071E0
6.266023479E1,-1.603789330E0,9.480662346E0,-2.159522533E0
6.266261250E1,-1.618146300E0,9.485447884E0,-2.166700840E0
6.266499020E1,-1.599003673E0,9.456734657E0,-2.173879385E0
6.266736864E1,-1.622931957E0,9.475876808E0,-2.171486616E0
6.266974713E1,-1.615753531E0,9.459127426E0,-2.176272154E0
6.267212484E1,-1.620539188E0,9.466305733E0,-2.181057930E0
6.267450255E1,-1.610967875E0,9.466305733E0,-2.159522533E0
6.267688099E1,-1.620539188E0,9.459127426E0,-2.164308071E0
6.267925948E1,-1.639980793E0,9.428020477E0,-2.169093609E0
6.268163718E1,-1.644766450E0,9.439984322E0,-2.166700840E0
6.268401489E1,-1.644766450E0,9.437591553E0,-2.161915302E0
6.268639338E1,-1.642373681E0,9.447162628E0,-2.161915302E0
6.268877187E1,-1.666301847E0,9.404091835E0,-2.159522533E0
6.269114953E1,-1.678265929E0,9.444769859E0,-2.171486616E0
6.269352724E1,-1.687837243E0,9.444769859E0,-2.178664923E0
6.269590572E1,-1.699801445E0,9.432806015E0,-2.157129526E0
6.269828421E1,-1.716551185E0,9.447162628E0,-2.171486616E0
6.270066192E1,-1.752443433E0,9.416056633E0,-2.178664923E0
6.270303963E1,-1.776371717E0,9.416056633E0,-2.202593327E0
6.270541807E1,-1.795514345E0,9.430413246E0,-2.190629244E0
6.270779656E1,-1.797907114E0,9.418449402E0,-2.169093609E0
6.271017427E1,-1.807478428E0,9.435198784E0,-2.161915302E0
6.271255198E1,-1.836192250E0,9.416056633E0,-2.164308071E0
6.271493041E1,-1.852941990E0,9.418449402E0,-2.178664923E0
6.271730890E1,-1.850549221E0,9.432806015E0,-2.185843468E0
6.271968661E1,-1.881655931E0,9.425627708E0,-2.209771633E0
6.272206432E1,-1.896012783E0,9.425627708E0,-2.190629244E0
6.272444281E1,-1.891227245E0,9.416056633E0,-2.181057930E0
6.272682130E1,-1.896012783E0,9.432806015E0,-2.183450699E0
6.272919895E1,-1.910369754E0,9.444769859E0,-2.209771633E0
6.273157666E1,-1.898405671E0,9.435198784E0,-2.193022013E0
6.273395515E1,-1.907976985E0,9.430413246E0,-2.185843468E0
6.273633364E1,-1.905584097E0,9.423234940E0,-2.190629244E0
6.273871135E1,-1.927119493E0,9.428020477E0,-2.197807550E0
6.274108906E1,-1.903191328E0,9.428020477E0,-2.209771633E0
6.274346750E1,-1.910369754E0,9.449555397E0,-2.183450699E0
6.274584598E1,-1.915155411E0,9.447162628E0,-2.176272154E0
6.274822369E1,-1.927119493E0,9.442377090E0,-2.183450699E0
6.275060140E1,-1.896012783E0,9.408877373E0,-2.190629244E0
6.275297984E1,-1.907976985E0,9.451948166E0,-2.171486616E0
6.275535833E1,-1.905584097E0,9.442377090E0,-2.197807550E0
6.275773604E1,-1.903191328E0,9.437591553E0,-2.193022013E0
6.276011375E1,-1.869691849E0,9.454340935E0,-2.188236237E0
6.276249224E1,-1.860120535E0,9.442377090E0,-2.159522533E0
6.276487072E1,-1.857727647E0,9.439984322E0,-2.164308071E0
6.276724843E1,-1.850549221E0,9.463912964E0,-2.159522533E0
6.276962614E1,-1.821835399E0,9.454340935E0,-2.152343988E0
6.277200458E1,-1.836192250E0,9.456734657E0,-2.166700840E0
6.277438307E1,-1.845763564E0,9.463912964E0,-2.142772675E0
6.277676078E1,-1.833799481E0,9.466305733E0,-2.169093609E0
6.277913849E1,-1.838585138E0,9.480662346E0,-2.169093609E0
6.278151692E1,-1.821835399E0,9.466305733E0,-2.173879385E0
6.278389541E1,-1.824228168E0,9.449555397E0,-2.154736757E0
6.278627312E1,-1.814656854E0,9.475876808E0,-2.183450699E0
6.278865083E1,-1.809871197E0,9.449555397E0,-2.193022013E0
6.279102927E1,-1.829013824E0,9.459127426E0,-2.178664923E0
6.279340776E1,-1.821835399E0,9.459127426E0,-2.176272154E0
6.279578546E1,-1.840977907E0,9.449555397E0,-2.190629244E0
6.279816317E1,-1.845763564E0,9.435198784E0,-2.188236237E0
6.280054166E1,-1.848156333E0,9.437591553E0,-2.188236237E0
6.280292015E1,-1.855334878E0,9.413662910E0,-2.197807550E0
6.280529781E1,-1.848156333E0,9.416056633E0,-2.221735716E0
6.280767552E1,-1.879263043E0,9.418449402E0,-2.219342947E0
6.281005401E1,-1.898405671E0,9.408877373E0,-2.216950178E0
6.281243250E1,-1.886441588E0,9.401699066E0,-2.216950178E0
6.281481020E1,-1.898405671E0,9.408877373E0,-2.240878344E0
6.281718791E1,-1.900798440E0,9.382556915E0,-2.245664120E0
6.281956635E1,-1.910369754E0,9.406484604E0,-2.236092806E0
6.282194484E1,-1.907976985E0,9.382556915E0,-2.219342947E0
6.282432255E1,-1.927119493E0,9.406484604E0,-2.238485575E0
6.282670026E1,-1.917548299E0,9.404091835E0,-2.233700037E0
6.282907869E1,-1.900798440E0,9.423234940E0,-2.224128723E0
6.283145718E1,-1.893620014E0,9.423234940E0,-2.236092806E0
6.283383489E1,-1.891227245E0,9.428020477E0,-2.231307030E0
6.283621260E1,-1.900798440E0,9.444769859E0,-2.233700037E0
6.283859109E1,-1.900798440E0,9.435198784E0,-2.212164640E0
6.284096958E1,-1.905584097E0,9.449555397E0,-2.209771633E0
6.284334724E1,-1.893620014E0,9.459127426E0,-2.171486616E0
6.284572494E1,-1.922333837E0,9.480662346E0,-2.166700840E0
6.284810343E1,-1.912762642E0,9.483055115E0,-2.164308071E0
6.285048192E1,-1.907976985E0,9.475876808E0,-2.154736757E0
6.285285963E1,-1.915155411E0,9.490233421E0,-2.166700840E0
6.285523734E1,-1.915155411E0,9.487840652E0,-2.169093609E0
6.285761578E1,-1.939083695E0,9.516554832E0,-2.130808592E0
6.285999427E1,-1.919941068E0,9.485447884E0,-2.159522533E0
6.286237198E1,-1.931905150E0,9.471091270E0,-2.130808592E0
6.286474968E1,-1.943869352E0,9.471091270E0,-2.140379906E0
6.286712812E1,-1.958226204E0,9.468698502E0,-2.128415823E0
6.286950661E1,-1.953440547E0,9.483055115E0,-2.128415823E0
6.287188432E1,-1.958226204E0,9.451948166E0,-2.123630047E0
6.287426203E1,-1.953440547E0,9.449555397E0,-2.123630047E0
6.287664052E1,-1.936690807E0,9.444769859E0,-2.118844509E0
6.287901901E1,-1.953440547E0,9.454340935E0,-2.111665964E0
6.288139666E1,-1.963011861E0,9.451948166E0,-2.109273195E0
6.288377437E1,-1.953440547E0,9.451948166E0,-2.073380709E0
6.288615286E1,-1.953440547E0,9.423234940E0,-2.080559254E0
6.288853135E1,-1.953440547E0,9.432806015E0,-2.085345030E0
6.289090906E1,-1.943869352E0,9.444769859E0,-2.080559254E0
6.289328677E1,-1.927119493E0,9.437591553E0,-2.059023857E0
6.289566520E1,-1.912762642E0,9.423234940E0,-2.047059774E0
6.289804369E1,-1.907976985E0,9.411270142E0,-2.044667006E0
6.290042140E1,-1.905584097E0,9.418449402E0,-2.047059774E0
6.290279911E1,-1.893620014E0,9.418449402E0,-2.044667006E0
6.290517755E1,-1.874477386E0,9.411270142E0,-2.020738840E0
6.290755604E1,-1.860120535E0,9.408877373E0,-1.996810555E0
6.290993375E1,-1.850549221E0,9.413662910E0,-1.994417667E0
6.291231145E1,-1.838585138E0,9.435198784E0,-1.965703845E0
6.291468994E1,-1.809871197E0,9.442377090E0,-1.960918188E0
6.291706843E1,-1.797907114E0,9.435198784E0,-1.970489502E0
6.291944614E1,-1.766800404E0,9.454340935E0,-1.968096614E0
6.292182385E1,-1.747657895E0,9.444769859E0,-1.963310957E0
6.292420229E1,-1.697408557E0,9.463912964E0,-1.951346874E0
6.292658078E1,-1.695015788E0,9.483055115E0,-1.941775560E0
6.292895848E1,-1.647159338E0,9.511769295E0,-1.936989903E0
6.293133619E1,-1.639980793E0,9.492626190E0,-1.968096614E0
6.293371463E1,-1.630409479E0,9.492626190E0,-1.984846354E0
6.293609312E1,-1.632802367E0,9.504590988E0,-1.996810555E0
6.293847083E1,-1.606182218E0,9.509376526E0,-2.025524378E0
6.294084854E1,-1.606182218E0,9.499805450E0,-2.063809633E0
6.294322703E1,-1.613360643E0,9.485447884E0,-2.066202402E0
6.294560552E1,-1.872084618E0,9.332307816E0,-2.116451740E0
6.294798317E1,-2.018046856E0,9.253344536E0,-2.439781904E0
6.295036088E1,-1.797907114E0,9.365806580E0,-2.509173632E0
6.295273937E1,-1.512862086E0,9.530911446E0,-2.295913219E0
6.295511786E1,-1.400399446E0,9.595518112E0,-2.035095692E0
6.295749557E1,-1.405185103E0,9.595518112E0,-1.855633974E0
6.295987328E1,-1.460219979E0,9.559625626E0,-1.759921074E0
6.296225171E1,-1.563111424E0,9.495018959E0,-1.738086581E0
6.296463020E1,-1.642373681E0,9.461520195E0,-1.805384636E0
6.296700791E1,-1.661516190E0,9.451948166E0,-1.913061738E0
6.296938562E1,-1.570289850E0,9.475876808E0,-1.960918188E0
6.297176406E1,-1.577468276E0,9.480662346E0,-2.003988981E0
6.297414255E1,-1.678265929E0,9.456734657E0,-2.078166485E0
6.297652026E1,-1.702194214E0,9.478269577E0,-2.149951220E0
6.297889796E1,-1.690230131E0,9.490233421E0,-2.161915302E0
6.298127645E1,-1.680658817E0,9.487840652E0,-2.173879385E0
6.298365494E1,-1.695015788E0,9.497411728E0,-2.137987137E0
6.298603260E1,-1.683051586E0,9.523733139E0,-2.114058733E0
6.298841031E1,-1.709372640E0,9.511769295E0,-2.109273195E0
6.299078880E1,-1.685444474E0,9.509376526E0,-2.073380709E0
6.299316729E1,-1.702194214E0,9.511769295E0,-2.051845312E0
6.299554500E1,-1.742872238E0,9.516554832E0,-2.066202402E0
6.299792270E1,-1.730908036E0,9.495018959E0,-2.039881229E0
6.300030114E1,-1.759621978E0,9.485447884E0,-2.027917147E0
6.300267963E1,-1.745265007E0,9.480662346E0,-2.018345833E0
6.300505734E1,-1.764407635E0,9.451948166E0,-2.030309916E0
6.300743505E1,-1.793121457E0,9.471091270E0,-2.018345833E0
6.300981348E1,-1.817049742E0,9.451948166E0,-2.037488461E0
6.301219198E1,-1.819442511E0,9.461520195E0,-2.059023857E0
6.301456968E1,-1.840977907E0,9.468698502E0,-2.042274237E0
6.301694739E1,-1.824228168E0,9.454340935E0,-2.054238319E0
6.301932588E1,-1.840977907E0,9.468698502E0,-2.080559254E0
6.302170437E1,-1.840977907E0,9.473484039E0,-2.073380709E0
6.302408203E1,-1.879263043E0,9.466305733E0,-2.051845312E0
6.302645974E1,-1.872084618E0,9.487840652E0,-2.023131609E0
6.302883822E1,-1.862513304E0,9.530911446E0,-2.025524378E0
6.303121671E1,-1.860120535E0,9.538089752E0,-2.018345833E0
6.303359442E1,-1.840977907E0,9.547661781E0,-1.977667928E0
6.303597213E1,-1.862513304E0,9.550054550E0,-1.953739643E0
6.303835057E1,-1.864906192E0,9.533304214E0,-1.927418590E0
6.304072906E1,-1.855334878E0,9.547661781E0,-1.893919110E0
6.304310677E1,-1.833799481E0,9.545269012E0,-1.886740685E0
6.304548448E1,-1.836192250E0,9.550054550E0,-1.910668850E0
6.304786291E1,-1.836192250E0,9.545269012E0,-1.898704767E0
6.305024140E1,-1.826620936E0,9.554840088E0,-1.913061738E0
6.305261911E1,-1.809871197E0,9.533304214E0,-1.913061738E0
6.305499682E1,-1.802692771E0,9.559625626E0,-1.927418590E0
6.305737531E1,-1.790728688E0,9.540482521E0,-1.905883193E0
6.305975380E1,-1.797907114E0,9.550054550E0,-1.932204247E0
6.306213151E1,-1.730908036E0,9.612267494E0,-2.063809633E0
6.306450921E1,-1.534397483E0,9.674481392E0,-2.394318104E0
6.306688765E1,-1.433898926E0,9.650552750E0,-2.679064035E0
6.306926614E1,-1.247258782E0,9.717552185E0,-3.208176851E0
6.307164385E1,-1.141974568E0,9.780064583E0,-3.770789385E0
6.307402156E1,-1.386042476E0,9.712766647E0,-3.878466368E0
6.307640000E1,-1.879263043E0,9.581160545E0,-3.239283562E0
6.307877848E1,-2.190629244E0,9.461520195E0,-2.372782707E0
6.308115619E1,-2.123331070E0,9.420842171E0,-1.740479350E0
6.308353390E1,-1.869691849E0,9.471091270E0,-1.434198022E0
6.308591239E1,-1.687837243E0,9.435198784E0,-1.379163146E0
6.308829088E1,-1.671087503E0,9.413662910E0,-1.374377489E0
6.309066854E1,-1.726122379E0,9.425627708E0,-1.431805253E0
6.309304625E1,-1.730908036E0,9.423234940E0,-1.467697620E0
6.309542474E1,-1.740479350E0,9.461520195E0,-1.539482236E0
6.309780323E1,-1.738086581E0,9.461520195E0,-1.625623941E0
6.310018093E1,-1.766800404E0,9.483055115E0,-1.661516190E0
6.310255864E1,-1.735693693E0,9.511769295E0,-1.697408557E0
6.310493708E1,-1.718943954E0,9.530911446E0,-1.726122379E0
6.310731557E1,-1.721336842E0,9.559625626E0,-1.752742529E0
6.310969328E1,-1.673480392E0,9.528518677E0,-1.795813441E0
6.311207098E1,-1.644766450E0,9.562018394E0,-1.802991867E0
6.311444942E1,-1.596610904E0,9.526125908E0,-1.822134495E0
6.311682791E1,-1.599003673E0,9.497411728E0,-1.853241086E0
6.311920562E1,-1.589432478E0,9.475876808E0,-1.877169371E0
6.312158333E1,-1.596610904E0,9.432806015E0,-1.862812400E0
6.312396182E1,-1.591825247E0,9.418449402E0,-1.858026743E0
6.312634031E1,-1.582253933E0,9.411270142E0,-1.798206210E0
6.312871802E1,-1.591825247E0,9.413662910E0,-1.776670814E0
6.313109572E1,-1.589432478E0,9.380164146E0,-1.762313843E0
6.313347416E1,-1.577468276E0,9.382556915E0,-1.740479350E0
6.313585265E1,-1.613360643E0,9.365806580E0,-1.692622900E0
6.313823036E1,-1.695015788E0,9.370592117E0,-1.632802367E0
6.314060807E1,-1.704586983E0,9.356235504E0,-1.635195136E0
6.314298651E1,-1.702194214E0,9.377771378E0,-1.630409479E0
6.314536500E1,-1.697408557E0,9.358628273E0,-1.659123421E0
6.314774270E1,-1.668694735E0,9.394520760E0,-1.683051586E0
6.315012041E1,-1.654337764E0,9.423234940E0,-1.697408557E0
6.315249890E1,-1.635195136E0,9.439984322E0,-1.774278045E0
6.315487739E1,-1.666301847E0,9.463912964E0,-1.853241086E0
6.315725505E1,-1.642373681E0,9.509376526E0,-1.922633052E0
6.315963276E1,-1.579861164E0,9.566803932E0,-1.975275040E0
6.316201124E1,-1.579861164E0,9.595518112E0,-2.027917147E0
6.316438974E1,-1.565504193E0,9.600303650E0,-2.078166485E0
6.316676744E1,-1.558325768E0,9.614660263E0,-2.102094650E0
6.316914515E1,-1.536790371E0,9.638588905E0,-2.152343988E0
6.317152359E1,-1.498505235E0,9.667302132E0,-2.157129526E0
6.317390208E1,-1.524826288E0,9.681659698E0,-2.157129526E0
6.317627979E1,-1.517647743E0,9.652945518E0,-2.149951220E0
6.317865750E1,-1.520040631E0,9.650552750E0,-2.082952023E0
6.318103598E1,-1.541576028E0,9.640981674E0,-2.066202402E0
6.318341448E1,-1.579861164E0,9.600303650E0,-2.003988981E0
6.318579213E1,-1.603789330E0,9.597910881E0,-1.963310957E0
6.318816984E1,-1.622931957E0,9.593125343E0,-1.939382792E0
6.319054833E1,-1.608574986E0,9.557232857E0,-1.922633052E0
6.319292682E1,-1.539183140E0,9.564411163E0,-1.846062660E0
6.319530453E1,-1.460219979E0,9.581160545E0,-1.795813441E0
6.319768224E1,-1.390828133E0,9.597910881E0,-1.721336842E0
6.320006067E1,-1.491326690E0,9.554840088E0,-1.671087503E0
6.320243916E1,-1.582253933E0,9.504590988E0,-1.697408557E0
6.320481687E1,-1.651944876E0,9.456734657E0,-1.877169371E0
6.320719458E1,-1.721336842E0,9.387342453E0,-1.980060697E0
6.320957307E1,-1.711765528E0,9.382556915E0,-2.109273195E0
6.321195156E1,-1.704586983E0,9.401699066E0,-2.161915302E0
6.321432921E1,-1.678265929E0,9.375378609E0,-2.233700037E0
6.321670692E1,-1.759621978E0,9.320343018E0,-2.324926376E0
6.321908541E1,-1.764407635E0,9.310771942E0,-2.276770830E0
6.322146390E1,-1.685444474E0,9.322735786E0,-2.145165443E0
6.322384161E1,-1.735693693E0,9.310771942E0,-2.090130568E0
6.322621932E1,-1.812264085E0,9.246166229E0,-2.073380709E0
6.322859776E1,-1.869691849E0,9.229415894E0,-2.054238319E0
6.323097624E1,-1.869691849E0,9.236594200E0,-2.042274237E0
6.323335395E1,-1.860120535E0,9.236594200E0,-2.063809633E0
6.323573166E1,-1.907976985E0,9.241379738E0,-2.085345030E0
6.323811015E1,-1.989332914E0,9.224630356E0,-2.130808592E0
6.324048864E1,-2.001296997E0,9.217452049E0,-2.099701881E0
6.324286630E1,-1.986940145E0,9.248558998E0,-2.114058733E0
6.324524401E1,-2.001296997E0,9.270093918E0,-2.109273195E0
6.324762250E1,-2.034796476E0,9.291629791E0,-2.106880426E0
6.325000099E1,-2.010868311E0,9.296415329E0,-2.130808592E0
6.325237869E1,-2.013261080E0,9.334700584E0,-2.109273195E0
6.325475640E1,-1.982154489E0,9.341878891E0,-2.106880426E0
6.325713484E1,-1.955833435E0,9.358628273E0,-2.075773716E0
6.325951333E1,-1.953440547E0,9.394520760E0,-2.049452543E0
6.326189104E1,-1.915155411E0,9.389735222E0,-2.044667006E0
6.326426874E1,-1.886441588E0,9.432806015E0,-2.042274237E0
6.326664718E1,-1.864906192E0,9.454340935E0,-2.011167526E0
6.326902567E1,-1.836192250E0,9.504590988E0,-1.992024899E0
6.327140338E1,-1.807478428E0,9.497411728E0,-1.996810555E0
6.327378109E1,-1.783550143E0,9.547661781E0,-1.975275040E0
6.327615958E1,-1.752443433E0,9.550054550E0,-1.972882271E0
6.327853807E1,-1.738086581E0,9.571589470E0,-1.994417667E0
6.328091578E1,-1.690230131E0,9.609874725E0,-2.023131609E0
6.328329348E1,-1.675873160E0,9.600303650E0,-2.023131609E0
6.328567192E1,-1.687837243E0,9.607481956E0,-2.013560295E0
6.328805041E1,-1.673480392E0,9.657731056E0,-2.011167526E0
6.329042812E1,-1.635195136E0,9.648159981E0,-2.020738840E0
6.329280583E1,-1.608574986E0,9.660123825E0,-2.039881229E0
6.329518427E1,-1.620539188E0,9.667302132E0,-2.032702923E0
6.329756276E1,-1.613360643E0,9.676874161E0,-2.008774519E0
6.329994046E1,-1.596610904E0,9.672088623E0,-2.011167526E0
6.330231817E1,-1.591825247E0,9.669695854E0,-1.982453585E0
6.330469666E1,-1.541576028E0,9.662516594E0,-1.968096614E0
6.330707515E1,-1.534397483E0,9.662516594E0,-1.953739643E0
6.330945286E1,-1.567897081E0,9.667302132E0,-1.944168448E0
6.331183057E1,-1.548754454E0,9.655338287E0,-1.934597135E0
6.331420901E1,-1.567897081E0,9.638588905E0,-1.917847395E0
6.331658750E1,-1.558325768E0,9.636196136E0,-1.913061738E0
6.331896520E1,-1.596610904E0,9.638588905E0,-1.917847395E0
6.332134291E1,-1.613360643E0,9.612267494E0,-1.908276081E0
6.332372140E1,-1.615753531E0,9.588339806E0,-1.927418590E0
6.332609989E1,-1.637588024E0,9.559625626E0,-1.927418590E0
6.332847755E1,-1.632802367E0,9.571589470E0,-1.925025821E0
6.333085526E1,-1.622931957E0,9.562018394E0,-1.939382792E0
6.333323374E1,-1.618146300E0,9.547661781E0,-1.941775560E0
6.333561224E1,-1.589432478E0,9.528518677E0,-1.970489502E0
6.333798994E1,-1.601396561E0,9.530911446E0,-1.980060697E0
6.334036765E1,-1.572682738E0,9.538089752E0,-1.992024899E0
6.334274609E1,-1.534397483E0,9.550054550E0,-2.020738840E0
6.334512458E1,-1.551147223E0,9.514162064E0,-2.042274237E0
6.334750229E1,-1.522433400E0,9.516554832E0,-2.049452543E0
6.334988000E1,-1.532004714E0,9.511769295E0,-2.063809633E0
6.335225849E1,-1.503290772E0,9.504590988E0,-2.061416626E0
6.335463698E1,-1.479362607E0,9.480662346E0,-2.082952023E0
6.335701463E1,-1.493719578E0,9.483055115E0,-2.087737799E0
6.335939234E1,-1.508076429E0,9.473484039E0,-2.087737799E0
6.336177083E1,-1.512862086E0,9.475876808E0,-2.111665964E0
6.336414932E1,-1.496112347E0,9.449555397E0,-2.154736757E0
6.336652703E1,-1.472184181E0,9.432806015E0,-2.116451740E0
6.336890474E1,-1.445863128E0,9.466305733E0,-2.149951220E0
6.337128317E1,-1.443470240E0,9.437591553E0,-2.142772675E0
6.337366166E1,-1.474576950E0,9.456734657E0,-2.130808592E0
6.337603937E1,-1.486541033E0,9.466305733E0,-2.092523336E0
6.337841708E1,-1.479362607E0,9.478269577E0,-2.102094650E0
6.338079557E1,-1.453041553E0,9.487840652E0,-2.066202402E0
6.338317406E1,-1.433898926E0,9.497411728E0,-2.051845312E0
6.338555171E1,-1.445863128E0,9.497411728E0,-2.063809633E0
6.338792942E1,-1.472184181E0,9.480662346E0,-2.030309916E0
6.339030791E1,-1.474576950E0,9.471091270E0,-2.023131609E0
6.339268640E1,-1.493719578E0,9.473484039E0,-2.044667006E0
6.339506411E1,-1.505683661E0,9.459127426E0,-2.056631088E0
6.339744182E1,-1.512862086E0,9.432806015E0,-2.044667006E0
6.339982026E1,-1.488933921E0,9.449555397E0,-2.008774519E0
6.340219875E1,-1.508076429E0,9.478269577E0,-2.003988981E0
6.340457645E1,-1.481755376E0,9.473484039E0,-1.999203324E0
6.340695416E1,-1.505683661E0,9.475876808E0,-2.011167526E0
6.340933265E1,-1.488933921E0,9.492626190E0,-1.975275040E0
6.341171114E1,-1.515254974E0,9.487840652E0,-1.956132531E0
6.341408885E1,-1.505683661E0,9.461520195E0,-1.946561217E0
6.341646656E1,-1.498505235E0,9.485447884E0,-1.956132531E0
6.341884500E1,-1.500898004E0,9.475876808E0,-1.946561217E0
6.342122349E1,-1.517647743E0,9.490233421E0,-1.925025821E0
6.342360119E1,-1.515254974E0,9.516554832E0,-1.879562140E0
6.342597890E1,-1.484148264E0,9.542876244E0,-1.848455548E0
6.342835739E1,-1.474576950E0,9.588339806E0,-1.824527264E0
6.343073588E1,-1.412363529E0,9.581160545E0,-1.776670814E0
6.343311354E1,-1.378864050E0,9.542876244E0,-1.877169371E0
6.343549124E1,-1.405185103E0,9.483055115E0,-2.059023857E0
6.343786974E1,-1.441077471E0,9.437591553E0,-2.216950178E0
6.344024823E1,-1.532004714E0,9.459127426E0,-2.276770830E0
6.344262593E1,-1.596610904E0,9.473484039E0,-2.332104683E0
6.344500364E1,-1.601396561E0,9.497411728E0,-2.360818624E0
6.344738208E1,-1.591825247E0,9.509376526E0,-2.358425856E0
6.344976057E1,-1.577468276E0,9.528518677E0,-2.317747831E0
6.345213828E1,-1.524826288E0,9.581160545E0,-2.303091764E0
6.345451598E1,-1.505683661E0,9.576375008E0,-2.262413740E0
6.345689448E1,-1.474576950E0,9.595518112E0,-2.214557409E0
6.345927296E1,-1.469791293E0,9.583553314E0,-2.226521492E0
6.346165067E1,-1.400399446E0,9.576375008E0,-2.228914261E0
6.346402838E1,-1.491326690E0,9.562018394E0,-2.219342947E0
6.346640682E1,-1.567897081E0,9.585947037E0,-2.202593327E0
6.346878531E1,-1.618146300E0,9.595518112E0,-2.193022013E0
6.347116302E1,-1.601396561E0,9.643374443E0,-2.166700840E0
6.347354073E1,-1.630409479E0,9.614660263E0,-2.209771633E0
6.347591916E1,-1.603789330E0,9.624231339E0,-2.121237278E0
6.347829765E1,-1.601396561E0,9.600303650E0,-2.157129526E0
6.348067536E1,-1.601396561E0,9.607481956E0,-2.188236237E0
6.348305307E1,-1.639980793E0,9.600303650E0,-2.171486616E0
6.348543156E1,-1.759621978E0,9.518947601E0,-2.099701881E0
6.348781005E1,-1.982154489E0,9.468698502E0,-1.874776483E0
6.349018776E1,-1.998904228E0,9.497411728E0,-1.855633974E0
6.349256546E1,-1.843370795E0,9.564411163E0,-1.987239242E0
6.349494390E1,-1.738086581E0,9.612267494E0,-2.066202402E0
6.349732239E1,-1.812264085E0,9.564411163E0,-1.999203324E0
6.349970010E1,-1.927119493E0,9.499805450E0,-2.001596212E0
6.350207781E1,-1.955833435E0,9.487840652E0,-2.039881229E0
6.350445630E1,-1.948654890E0,9.506983757E0,-1.992024899E0
6.350683479E1,-1.965404749E0,9.506983757E0,-1.934597135E0
6.350921244E1,-2.020439625E0,9.499805450E0,-1.879562140E0
6.351159015E1,-2.039582253E0,9.523733139E0,-1.891526341E0
6.351396864E1,-2.030010939E0,9.530911446E0,-1.881955028E0
6.351634713E1,-2.044367790E0,9.526125908E0,-1.860419631E0
6.351872484E1,-2.070688963E0,9.542876244E0,-1.822134495E0
6.352110255E1,-2.046760559E0,9.581160545E0,-1.846062660E0
6.352348099E1,-2.003689766E0,9.576375008E0,-1.917847395E0
6.352585948E1,-1.986940145E0,9.602696419E0,-1.956132531E0
6.352823718E1,-1.943869352E0,9.638588905E0,-1.987239242E0
6.353061489E1,-1.936690807E0,9.612267494E0,-1.987239242E0
6.353299338E1,-1.994118571E0,9.583553314E0,-2.018345833E0
6.353537187E1,-1.977368832E0,9.559625626E0,-2.106880426E0
6.353774958E1,-1.965404749E0,9.540482521E0,-2.161915302E0
6.354012729E1,-1.943869352E0,9.518947601E0,-2.197807550E0
6.354250573E1,-1.929512382E0,9.533304214E0,-2.209771633E0
6.354488421E1,-1.903191328E0,9.485447884E0,-2.262413740E0
6.354726192E1,-1.917548299E0,9.485447884E0,-2.245664120E0
6.354963963E1,-1.907976985E0,9.492626190E0,-2.250449657E0
6.355201812E1,-1.907976985E0,9.442377090E0,-2.248056889E0
6.355439661E1,-1.785943031E0,9.480662346E0,-2.243271112E0
6.355677432E1,-1.817049742E0,9.435198784E0,-2.228914261E0
6.355915203E1,-2.003689766E0,9.416056633E0,-2.154736757E0
6.356153046E1,-2.046760559E0,9.428020477E0,-2.102094650E0
6.356390895E1,-1.998904228E0,9.430413246E0,-2.070987940E0
6.356628666E1,-1.948654890E0,9.418449402E0,-2.102094650E0
6.356866437E1,-1.907976985E0,9.430413246E0,-2.070987940E0
6.357104281E1,-1.850549221E0,9.423234940E0,-2.042274237E0
6.357342130E1,-1.649552107E0,9.442377090E0,-2.075773716E0
6.357579901E1,-1.606182218E0,9.437591553E0,-2.094916344E0
6.357817671E1,-1.666301847E0,9.353842735E0,-2.027917147E0
6.358055520E1,-1.812264085E0,9.387342453E0,-2.008774519E0
6.358293369E1,-2.032403708E0,9.454340935E0,-1.908276081E0
6.358531140E1,-2.080260277E0,9.490233421E0,-1.896311998E0
6.358768911E1,-2.063510418E0,9.557232857E0,-1.850848317E0
6.359006755E1,-1.986940145E0,9.583553314E0,-1.800599098E0
6.359244604E1,-1.900798440E0,9.590732574E0,-1.798206210E0
6.359482375E1,-1.793121457E0,9.569196701E0,-1.814955950E0
6.359720145E1,-1.709372640E0,9.578767776E0,-1.850848317E0
6.359957994E1,-1.534397483E0,9.514162064E0,-1.865205288E0
6.360195843E1,-1.436291814E0,9.459127426E0,-1.841277003E0
6.360433614E1,-1.608574986E0,9.478269577E0,-1.747956991E0
6.360671385E1,-1.757229090E0,9.538089752E0,-1.752742529E0
6.360909229E1,-1.874477386E0,9.547661781E0,-1.747956991E0
6.361147078E1,-1.970190287E0,9.578767776E0,-1.711765528E0
6.361384849E1,-1.915155411E0,9.571589470E0,-1.740479350E0
6.361622619E1,-1.900798440E0,9.564411163E0,-1.769492388E0
6.361860468E1,-1.838585138E0,9.552447319E0,-1.802991867E0
6.362098317E1,-1.805085540E0,9.521340370E0,-1.838884234E0
6.362336088E1,-1.762014747E0,9.495018959E0,-1.951346874E0
6.362573859E1,-1.728515267E0,9.435198784E0,-2.039881229E0
6.362811703E1,-1.647159338E0,9.406484604E0,-2.145165443E0
6.363049552E1,-1.644766450E0,9.444769859E0,-2.178664923E0
6.363287323E1,-1.829013824E0,9.437591553E0,-2.219342947E0
6.363525093E1,-1.991725802E0,9.444769859E0,-2.212164640E0
6.363762937E1,-2.120938063E0,9.461520195E0,-2.149951220E0
6.364000786E1,-2.195414782E0,9.480662346E0,-2.161915302E0
6.364238557E1,-2.219342947E0,9.485447884E0,-2.142772675E0
6.364476328E1,-2.240878344E0,9.483055115E0,-2.092523336E0
6.364714177E1,-2.231307030E0,9.454340935E0,-2.092523336E0
6.364952026E1,-2.152044773E0,9.437591553E0,-2.104487419E0
6.365189796E1,-2.020439625E0,9.435198784E0,-2.082952023E0
6.365427567E1,-1.960619092E0,9.449555397E0,-2.051845312E0
6.365665411E1,-1.963011861E0,9.471091270E0,-2.061416626E0
6.365903260E1,-2.022832394E0,9.475876808E0,-2.066202402E0
6.366141031E1,-2.025225163E0,9.478269577E0,-2.111665964E0
6.366378802E1,-2.056331873E0,9.461520195E0,-2.097309113E0
6.366616651E1,-2.068295956E0,9.466305733E0,-2.097309113E0
6.366854500E1,-2.020439625E0,9.442377090E0,-2.102094650E0
6.367092270E1,-2.008475542E0,9.463912964E0,-2.106880426E0
6.367330041E1,-2.003689766E0,9.447162628E0,-2.157129526E0
6.367567885E1,-2.025225163E0,9.463912964E0,-2.221735716E0
6.367805734E1,-2.018046856E0,9.471091270E0,-2.231307030E0
6.368043505E1,-2.058724880E0,9.461520195E0,-2.224128723E0
6.368281276E1,-2.049153566E0,9.437591553E0,-2.240878344E0
6.368519125E1,-2.099402666E0,9.406484604E0,-2.267199516E0
6.368756974E1,-2.087438583E0,9.396913528E0,-2.332104683E0
6.368994744E1,-2.041975021E0,9.451948166E0,-2.320140600E0
6.369232515E1,-1.986940145E0,9.490233421E0,-2.257628202E0
6.369470359E1,-1.970190287E0,9.538089752E0,-2.216950178E0
6.369708208E1,-1.919941068E0,9.571589470E0,-2.183450699E0
6.369945979E1,-1.924726725E0,9.571589470E0,-2.123630047E0
6.370183750E1,-1.884048700E0,9.590732574E0,-2.078166485E0
6.370421599E1,-1.807478428E0,9.607481956E0,-2.073380709E0
6.370659448E1,-1.800299883E0,9.593125343E0,-2.042274237E0
6.370897213E1,-1.807478428E0,9.624231339E0,-1.994417667E0
6.371134984E1,-1.783550143E0,9.624231339E0,-1.934597135E0
6.371372833E1,-1.783550143E0,9.652945518E0,-1.905883193E0
6.371610682E1,-1.781157374E0,9.667302132E0,-1.865205288E0
6.371848453E1,-1.814656854E0,9.715159416E0,-1.884347796E0
6.372086224E1,-1.795514345E0,9.681659698E0,-1.913061738E0
6.372324073E1,-1.840977907E0,9.688838005E0,-1.869990945E0
6.372561921E1,-1.860120535E0,9.698409081E0,-1.814955950E0
6.372799687E1,-1.864906192E0,9.731908798E0,-1.862812400E0
6.373037458E1,-1.860120535E0,9.729516029E0,-1.886740685E0
6.373275307E1,-1.852941990E0,9.734301567E0,-1.838884234E0
6.373513156E1,-1.917548299E0,9.698409081E0,-1.889133453E0
6.373750927E1,-1.922333837E0,9.717552185E0,-1.884347796E0
6.373988698E1,-1.946262121E0,9.684052467E0,-1.889133453E0
6.374226541E1,-1.910369754E0,9.674481392E0,-1.965703845E0
6.374464390E1,-1.934298038E0,9.667302132E0,-1.999203324E0
6.374702161E1,-1.905584097E0,9.638588905E0,-2.051845312E0
6.374939932E1,-1.874477386E0,9.617053032E0,-2.166700840E0
6.375177781E1,-1.881655931E0,9.585947037E0,-2.233700037E0
6.375415630E1,-1.848156333E0,9.576375008E0,-2.238485575E0
6.375653401E1,-1.795514345E0,9.569196701E0,-2.286342144E0
6.375891171E1,-1.706979871E0,9.581160545E0,-2.264806747E0
6.376129020E1,-1.702194214E0,9.585947037E0,-2.295913219E0
6.376366869E1,-1.620539188E0,9.573982239E0,-2.348854542E0
6.376604635E1,-1.606182218E0,9.571589470E0,-2.332104683E0
6.376842406E1,-1.582253933E0,9.578767776E0,-2.303091764E0
6.377080255E1,-1.584646821E0,9.585947037E0,-2.295913219E0
6.377318104E1,-1.536790371E0,9.578767776E0,-2.329711914E0
6.377555875E1,-1.572682738E0,9.550054550E0,-2.370389938E0
6.377793645E1,-1.584646821E0,9.506983757E0,-2.379961252E0
6.378031489E1,-1.563111424E0,9.480662346E0,-2.367997169E0
6.378269338E1,-1.555932879E0,9.435198784E0,-2.339283228E0
6.378507109E1,-1.632802367E0,9.423234940E0,-2.308176517E0
6.378744880E1,-1.659123421E0,9.432806015E0,-2.221735716E0
6.378982729E1,-1.651944876E0,9.439984322E0,-2.039881229E0
6.379220578E1,-1.512862086E0,9.471091270E0,-1.858026743E0
6.379458349E1,-1.448255897E0,9.533304214E0,-1.745265007E0
6.379696119E1,-1.488933921E0,9.509376526E0,-1.730908036E0
6.379933963E1,-1.591825247E0,9.502198219E0,-1.690230131E0
6.380171812E1,-1.548754454E0,9.430413246E0,-1.755135417E0
6.380409583E1,-1.474576950E0,9.389735222E0,-1.750349760E0
6.380647354E1,-1.510469317E0,9.411270142E0,-1.733300924E0
6.380885203E1,-1.424327731E0,9.420842171E0,-1.671087503E0
6.381123052E1,-1.436291814E0,9.439984322E0,-1.649552107E0
6.381360822E1,-1.484148264E0,9.439984322E0,-1.606481314E0
6.381598593E1,-1.572682738E0,9.413662910E0,-1.625623941E0
6.381836437E1,-1.647159338E0,9.389735222E0,-1.644766450E0
6.382074286E1,-1.723729610E0,9.384949684E0,-1.671087503E0
6.382312057E1,-1.728515267E0,9.408877373E0,-1.639980793E0
6.382549828E1,-1.879263043E0,9.554840088E0,-1.632802367E0
6.382787677E1,-1.738086581E0,9.547661781E0,-1.711765528E0
6.383025526E1,-1.517647743E0,9.542876244E0,-1.740479350E0
6.383263296E1,-1.469791293E0,9.583553314E0,-1.690230131E0
6.383501067E1,-1.441077471E0,9.562018394E0,-1.728515267E0
6.383738911E1,-1.419542074E0,9.523733139E0,-1.793420553E0
6.383976760E1,-1.429113269E0,9.554840088E0,-1.848455548E0
6.384214531E1,-1.357328653E0,9.571589470E0,-1.891526341E0
6.384452302E1,-1.295115232E0,9.566803932E0,-1.944168448E0
6.384690151E1,-1.280758262E0,9.538089752E0,-1.929811478E0
6.384928000E1,-1.335793257E0,9.495018959E0,-1.975275040E0
6.385165770E1,-1.433898926E0,9.518947601E0,-1.982453585E0
6.385403541E1,-1.441077471E0,9.545269012E0,-1.956132531E0
6.385641385E1,-1.500898004E0,9.526125908E0,-2.054238319E0
6.385879234E1,-1.551147223E0,9.528518677E0,-1.898704767E0
6.386117005E1,-1.560718536E0,9.557232857E0,-1.836491346E0
6.386354776E1,-1.565504193E0,9.535696983E0,-1.846062660E0
6.386592625E1,-1.575075507E0,9.559625626E0,-1.793420553E0
6.386830474E1,-1.551147223E0,9.554840088E0,-1.791027784E0
6.387068244E1,-1.510469317E0,9.487840652E0,-1.807777524E0
6.387306015E1,-1.484148264E0,9.454340935E0,-1.817348838E0
6.387543859E1,-1.457827210E0,9.437591553E0,-1.781456470E0
6.387781708E1,-1.441077471E0,9.447162628E0,-1.776670814E0
6.388019479E1,-1.433898926E0,9.444769859E0,-1.793420553E0
6.388257250E1,-1.476969719E0,9.396913528E0,-1.800599098E0
6.388495098E1,-1.493719578E0,9.349057198E0,-1.826920033E0
6.388732948E1,-1.500898004E0,9.346664429E0,-1.838884234E0
6.388970718E1,-1.517647743E0,9.361021042E0,-1.898704767E0
6.389208489E1,-1.524826288E0,9.396913528E0,-1.905883193E0
6.389446333E1,-1.520040631E0,9.401699066E0,-1.958525300E0
6.389684182E1,-1.527219057E0,9.447162628E0,-2.020738840E0
6.389921953E1,-1.551147223E0,9.420842171E0,-2.044667006E0
6.390159724E1,-1.577468276E0,9.416056633E0,-2.094916344E0
6.390397572E1,-1.582253933E0,9.353842735E0,-2.142772675E0
6.390635421E1,-1.596610904E0,9.337093353E0,-2.126022816E0
6.390873192E1,-1.615753531E0,9.320343018E0,-2.116451740E0
6.391110963E1,-1.591825247E0,9.337093353E0,-2.121237278E0
6.391348812E1,-1.582253933E0,9.325128555E0,-2.114058733E0
6.391586661E1,-1.620539188E0,9.320343018E0,-2.085345030E0
6.391824432E1,-1.628016710E0,9.332307816E0,-2.080559254E0
6.392062203E1,-1.599003673E0,9.339486122E0,-2.078166485E0
6.392300046E1,-1.601396561E0,9.372985840E0,-2.051845312E0
6.392537895E1,-1.628016710E0,9.370592117E0,-2.011167526E0
6.392775666E1,-1.594218135E0,9.361021042E0,-2.013560295E0
6.393013437E1,-1.599003673E0,9.377771378E0,-2.003988981E0
6.393251286E1,-1.608574986E0,9.382556915E0,-2.008774519E0
6.393489135E1,-1.596610904E0,9.370592117E0,-2.003988981E0
6.393726906E1,-1.613360643E0,9.428020477E0,-2.015953064E0
6.393964677E1,-1.639980793E0,9.404091835E0,-2.020738840E0
6.394202520E1,-1.639980793E0,9.425627708E0,-2.049452543E0
6.394440369E1,-1.644766450E0,9.413662910E0,-2.078166485E0
6.394678140E1,-1.654337764E0,9.432806015E0,-2.073380709E0
6.394915911E1,-1.610967875E0,9.432806015E0,-2.087737799E0
6.395153760E1,-1.608574986E0,9.411270142E0,-2.090130568E0
6.395391609E1,-1.628016710E0,9.382556915E0,-2.087737799E0
6.395629380E1,-1.663909078E0,9.382556915E0,-2.090130568E0
6.395867151E1,-1.683051586E0,9.368199348E0,-2.121237278E0
6.396104994E1,-1.690230131E0,9.370592117E0,-2.114058733E0
6.396342843E1,-1.687837243E0,9.375378609E0,-2.075773716E0
6.396580614E1,-1.663909078E0,9.408877373E0,-2.099701881E0
6.396818385E1,-1.601396561E0,9.437591553E0,-2.078166485E0
6.397056234E1,-1.529611826E0,9.490233421E0,-2.099701881E0
6.397294083E1,-1.474576950E0,9.562018394E0,-2.080559254E0
6.397531854E1,-1.445863128E0,9.612267494E0,-2.051845312E0
6.397769625E1,-1.460219979E0,9.624231339E0,-2.025524378E0
6.398007468E1,-1.455434322E0,9.617053032E0,-2.044667006E0
6.398245317E1,-1.476969719E0,9.607481956E0,-2.015953064E0
6.398483088E1,-1.498505235E0,9.576375008E0,-1.972882271E0
6.398720859E1,-1.539183140E0,9.581160545E0,-1.944168448E0
6.398958708E1,-1.601396561E0,9.538089752E0,-1.953739643E0
6.399196546E1,-1.615753531E0,9.547661781E0,-1.932204247E0
6.399434338E1,-1.622931957E0,9.566803932E0,-1.927418590E0
6.399672119E1,-1.644766450E0,9.583553314E0,-1.929811478E0
6.399909948E1,-1.625324726E0,9.585947037E0,-1.929811478E0
6.400147796E1,-1.644766450E0,9.605089188E0,-1.910668850E0
6.400385562E1,-1.628016710E0,9.645767212E0,-1.872383714E0
6.400623333E1,-1.618146300E0,9.674481392E0,-1.841277003E0
6.400861182E1,-1.601396561E0,9.674481392E0,-1.877169371E0
6.401099031E1,-1.596610904E0,9.681659698E0,-1.874776483E0
6.401336802E1,-1.603789330E0,9.696016312E0,-1.879562140E0
6.401574572E1,-1.591825247E0,9.729516029E0,-1.850848317E0
6.401812421E1,-1.548754454E0,9.755837440E0,-1.838884234E0
6.402050270E1,-1.484148264E0,9.811170578E0,-1.795813441E0
6.402288041E1,-1.465005636E0,9.844670296E0,-1.783849239E0
6.402525812E1,-1.443470240E0,9.868598938E0,-1.834098577E0
6.402763656E1,-1.460219979E0,9.921240807E0,-1.925025821E0
6.403001505E1,-1.481755376E0,9.942776680E0,-1.970489502E0
6.403239276E1,-1.517647743E0,9.978668213E0,-2.013560295E0
6.403477046E1,-1.532004714E0,9.978668213E0,-1.996810555E0
6.403714895E1,-1.553540111E0,1.000259686E1,-1.965703845E0
6.403952744E1,-1.498505235E0,1.015813065E1,-1.814955950E0
6.404190515E1,-1.498505235E0,1.079731274E1,-1.783849239E0
6.404428286E1,-2.257628202E0,1.351226902E1,-1.687837243E0
6.404666130E1,-2.293520451E0,1.324427319E1,-1.661516190E0
6.404903979E1,-2.097009897E0,1.194168091E1,-2.216950178E0
6.405141750E1,-1.781157374E0,1.151815128E1,-2.279163599E0
6.405379520E1,-1.311864972E0,1.129292679E1,-1.843669891E0
6.405617369E1,-1.407577872E0,1.087627602E1,-2.087737799E0
6.405855218E1,-1.520040631E0,1.035464096E1,-2.023131609E0
6.406092989E1,-1.730908036E0,9.940383911E0,-2.209771633E0
6.406330760E1,-1.536790371E0,9.626625061E0,-2.023131609E0
6.406568609E1,-1.582253933E0,9.270093918E0,-1.946561217E0
6.406806458E1,-1.577468276E0,9.071190834E0,-1.824527264E0
6.407044224E1,-1.512862086E0,8.989834785E0,-1.587338686E0
6.407281994E1,-1.223330617E0,9.171689034E0,-1.098903775E0
6.407519843E1,-1.450648785E0,9.329915047E0,-1.479661703E0
6.407757692E1,-1.647159338E0,9.341878891E0,-1.446162224E0
6.407995463E1,-1.994118571E0,9.174081802E0,-2.006381750E0
6.408233234E1,-1.970190287E0,9.099904060E0,-1.956132531E0
6.408471083E1,-2.022832394E0,8.863015175E0,-2.109273195E0
6.408708932E1,-2.027618170E0,8.683553696E0,-2.188236237E0
6.408946703E1,-1.857727647E0,8.544470787E0,-2.066202402E0
6.409184474E1,-1.714158297E0,8.405686378E0,-2.003988981E0
6.409422317E1,-1.697408557E0,8.197511673E0,-1.968096614E0
6.409660166E1,-1.714158297E0,8.048856735E0,-1.941775560E0
6.409897937E1,-1.723729610E0,7.900502205E0,-1.975275040E0
6.410135708E1,-1.881655931E0,7.524529934E0,-2.200200319E0
6.410373557E1,-1.891227245E0,7.357032299E0,-2.305484533E0
6.410611406E1,-1.807478428E0,7.227819920E0,-2.365604401E0
6.410849177E1,-1.567897081E0,7.737790108E0,-2.190629244E0
6.411086948E1,-1.307079315E0,8.501399994E0,-1.699801445E0
6.411324796E1,-1.919941068E0,8.628219604E0,-2.516352177E0
6.411562645E1,-2.039582253E0,8.781659126E0,-2.827419043E0
6.411800411E1,-1.860120535E0,8.906085968E0,-2.755634308E0
6.412038182E1,-1.697408557E0,8.968298912E0,-2.693420887E0
6.412276031E1,-1.668694735E0,9.006584167E0,-2.621636391E0
6.412513880E1,-1.668694735E0,9.059226990E0,-2.635993242E0
6.412751651E1,-1.630409479E0,9.092725754E0,-2.624029160E0
6.412989421E1,-1.591825247E0,9.157332420E0,-2.616850615E0
6.413227270E1,-1.575075507E0,9.238986969E0,-2.585743904E0
6.413465119E1,-1.555932879E0,9.267701149E0,-2.497209549E0
6.413702890E1,-1.575075507E0,9.291629791E0,-2.439781904E0
6.413940661E1,-1.551147223E0,9.313164711E0,-2.382354021E0
6.414178505E1,-1.505683661E0,9.346664429E0,-2.269592285E0
6.414416354E1,-1.491326690E0,9.387342453E0,-2.190629244E0
6.414654125E1,-1.476969719E0,9.416056633E0,-2.164308071E0
6.414891895E1,-1.486541033E0,9.456734657E0,-2.130808592E0
6.415129744E1,-1.457827210E0,9.499805450E0,-2.135594130E0
6.415367593E1,-1.460219979E0,9.583553314E0,-2.173879385E0
6.415605364E1,-1.465005636E0,9.578767776E0,-2.145165443E0
6.415843135E1,-1.512862086E0,9.569196701E0,-2.126022816E0
6.416080984E1,-1.563111424E0,9.557232857E0,-2.133201361E0
6.416318833E1,-1.584646821E0,9.528518677E0,-2.133201361E0
6.416556604E1,-1.579861164E0,9.518947601E0,-2.133201361E0
6.416794374E1,-1.615753531E0,9.554840088E0,-2.185843468E0
6.417032218E1,-1.589432478E0,9.564411163E0,-2.228914261E0
6.417270067E1,-1.596610904E0,9.614660263E0,-2.248056889E0
6.417507838E1,-1.601396561E0,9.650552750E0,-2.274377823E0
6.417745609E1,-1.608574986E0,9.652945518E0,-2.257628202E0
6.417983458E1,-1.610967875E0,9.679266930E0,-2.240878344E0
6.418221307E1,-1.591825247E0,9.674481392E0,-2.224128723E0
6.418459078E1,-1.591825247E0,9.640981674E0,-2.228914261E0
6.418696849E1,-1.599003673E0,9.631410599E0,-2.190629244E0
6.418934692E1,-1.610967875E0,9.629017830E0,-2.193022013E0
6.419172541E1,-1.591825247E0,9.612267494E0,-2.202593327E0
6.419410312E1,-1.558325768E0,9.614660263E0,-2.161915302E0
6.419648083E1,-1.529611826E0,9.607481956E0,-2.133201361E0
6.419885932E1,-1.476969719E0,9.643374443E0,-2.140379906E0
6.420123781E1,-1.433898926E0,9.681659698E0,-2.190629244E0
6.420361552E1,-1.472184181E0,9.755837440E0,-2.231307030E0
6.420599322E1,-1.589432478E0,9.856635094E0,-2.245664120E0
6.420837171E1,-1.924726725E0,1.007198906E1,-2.154736757E0
6.421075020E1,-1.874477386E0,1.010788059E1,-2.169093609E0
6.421312791E1,-1.802692771E0,1.009591675E1,-2.092523336E0
6.421550562E1,-1.771586061E0,1.005763149E1,-2.030309916E0
6.421788406E1,-1.843370795E0,1.007916737E1,-1.972882271E0
6.422026255E1,-1.683051586E0,9.751050949E0,-2.008774519E0
6.422264026E1,-1.304686546E0,9.612267494E0,-2.176272154E0
6.422501796E1,-1.280758262E0,9.629017830E0,-2.250449657E0
6.422739645E1,-1.283151150E0,9.643374443E0,-2.286342144E0
6.422977494E1,-1.347757339E0,9.617053032E0,-2.322533369E0
6.423215265E1,-1.378864050E0,9.540482521E0,-2.298306227E0
6.423453036E1,-1.453041553E0,9.523733139E0,-2.236092806E0
6.423690885E1,-1.465005636E0,9.497411728E0,-2.154736757E0
6.423928734E1,-1.508076429E0,9.499805450E0,-2.109273195E0
6.424166505E1,-1.498505235E0,9.490233421E0,-2.056631088E0
6.424404276E1,-1.448255897E0,9.468698502E0,-2.037488461E0
6.424642119E1,-1.443470240E0,9.475876808E0,-2.008774519E0
6.424879968E1,-1.455434322E0,9.499805450E0,-2.006381750E0
6.425117739E1,-1.522433400E0,9.521340370E0,-2.018345833E0
6.425355510E1,-1.594218135E0,9.557232857E0,-2.073380709E0
6.425593359E1,-1.565504193E0,9.547661781E0,-2.059023857E0
6.425831208E1,-1.572682738E0,9.535696983E0,-1.960918188E0
6.426068979E1,-1.671087503E0,9.485447884E0,-1.939382792E0
6.426306750E1,-2.250449657E0,9.818349838E0,-1.723729610E0
6.426544593E1,-2.154437780E0,1.004566765E1,-1.606481314E0
6.426782442E1,-1.984547257E0,1.143171024E1,-1.247557878E0
6.427020218E1,-2.350948334E0,1.225783253E1,-1.462911963E0
6.427257989E1,-2.726621389E0,1.297119236E1,-1.647159338E0
6.427495833E1,-1.635195136E0,1.381645679E1,-2.097309113E0
6.427733682E1,-1.491326690E0,1.327298737E1,-2.221735716E0
6.427971453E1,-1.082154036E0,1.307169056E1,-1.611266971E0
6.428209224E1,-1.124626622E-1,1.416820240E1,-1.376770377E0
6.428447072E1,-5.817549825E-1,1.379492188E1,-2.135594130E0
6.428684921E1,-1.074975610E0,1.327059460E1,-2.423032045E0
6.428922692E1,-1.161117196E0,1.280369473E1,-2.870789051E0
6.429160463E1,-9.789635539E-1,1.253539944E1,-2.650350094E0
6.429398312E1,-8.162516356E-1,1.239422321E1,-2.329711914E0
6.429636161E1,-9.119645357E-1,1.208076286E1,-2.070987940E0
6.429873932E1,-1.137188911E0,1.185793209E1,-2.130808592E0
6.430111703E1,-1.302293777E0,1.164018440E1,-2.104487419E0
6.430349546E1,-1.319043517E0,1.126181984E1,-2.166700840E0
6.430587395E1,-1.433898926E0,1.101535892E1,-2.178664923E0
6.430825166E1,-1.386042476E0,1.089811039E1,-2.070987940E0
6.431062937E1,-1.287936807E0,1.116849995E1,-2.008774519E0
6.431300786E1,-1.354935765E0,1.087866879E1,-2.044667006E0
6.431538635E1,-1.426720500E0,1.045513916E1,-2.104487419E0
6.431776406E1,-1.290329576E0,1.036899757E1,-2.188236237E0
6.432014177E1,-1.125224829E0,1.030648518E1,-2.269592285E0
6.432252020E1,-1.280758262E0,1.006959629E1,-2.226521492E0
6.432489869E1,-1.606182218E0,9.375378609E0,-2.039881229E0
6.432727645E1,-1.726122379E0,9.183652878E0,-1.862812400E0
6.432965416E1,-1.807478428E0,9.044869423E0,-2.001596212E0
6.433203260E1,-1.915155411E0,8.558827400E0,-2.078166485E0
6.433441109E1,-1.666301847E0,8.417651176E0,-2.078166485E0
6.433678880E1,-1.417149186E0,8.606683731E0,-2.013560295E0
6.433916651E1,-1.431506157E0,8.731410027E0,-2.128415823E0
6.434154500E1,-1.852941990E0,8.729017258E0,-2.133201361E0
6.434392348E1,-1.829013824E0,8.697910309E0,-2.075773716E0
6.434630119E1,-1.615753531E0,9.061619759E0,-2.035095692E0
6.434867890E1,-1.723729610E0,9.200403214E0,-1.996810555E0
6.435105739E1,-1.862513304E0,9.190832138E0,-1.898704767E0
6.435343588E1,-1.900798440E0,9.428020477E0,-1.893919110E0
6.435581359E1,-1.807478428E0,9.674481392E0,-1.999203324E0
6.435819130E1,-1.589432478E0,1.015813065E1,-2.197807550E0
6.436056974E1,-1.419542074E0,1.042403316E1,-2.332104683E0
6.436294823E1,-1.237687469E0,1.073749256E1,-2.420639277E0
6.436532593E1,-1.055533886E0,1.125942707E1,-2.535494804E0
6.436770364E1,-1.062712312E0,1.162104225E1,-2.566601276E0
6.437008213E1,-1.197009563E0,1.182203960E1,-2.633600473E0
6.437246062E1,-1.565504193E0,1.174068356E1,-2.478066921E0
6.437483833E1,-1.683051586E0,1.176939774E1,-2.295913219E0
6.437721604E1,-1.335793257E0,1.209751320E1,-2.152343988E0
6.437959453E1,-1.038784146E0,1.244686508E1,-2.111665964E0
6.438197302E1,-1.158724308E0,1.257129192E1,-2.061416626E0
6.438435072E1,-1.419542074E0,1.260030460E1,-1.958525300E0
6.438672843E1,-1.618146300E0,1.268405342E1,-1.716551185E0
6.438910687E1,-1.357328653E0,1.255454254E1,-1.539482236E0
6.439148536E1,-1.285543919E0,1.251147175E1,-1.529910922E0
6.439386307E1,-1.443470240E0,1.251386452E1,-1.651944876E0
6.439624078E1,-1.840977907E0,1.214776230E1,-1.575374603E0
6.439861927E1,-1.695015788E0,1.189621735E1,-1.704586983E0
6.440099776E1,-1.520040631E0,1.182921791E1,-1.848455548E0
6.440337546E1,-1.546361685E0,1.156600761E1,-1.740479350E0
6.440575317E1,-1.548754454E0,1.110628605E1,-1.752742529E0
6.440813166E1,-1.606182218E0,1.064417267E1,-1.934597135E0
6.441051015E1,-1.572682738E0,1.037378311E1,-1.869990945E0
6.441288786E1,-1.572682738E0,1.002652550E1,-1.941775560E0
6.441526557E1,-1.601396561E0,9.820742607E0,-2.049452543E0
6.441764406E1,-1.567897081E0,9.581160545E0,-1.917847395E0
6.442002255E1,-1.390828133E0,9.396913528E0,-1.941775560E0
6.442240020E1,-1.429113269E0,8.999405861E0,-1.910668850E0
6.442477791E1,-1.460219979E0,8.408080101E0,-1.625623941E0
6.442715640E1,-1.309472203E0,8.087141991E0,-1.446162224E0
6.442953489E1,-1.347757339E0,8.338687897E0,-1.601695657E0
6.443191260E1,-1.259222865E0,8.724231720E0,-1.733300924E0
6.443429031E1,-1.275972724E0,8.319544792E0,-1.960918188E0
6.443666880E1,-1.170688510E0,8.132905006E0,-2.226521492E0
6.443904729E1,-1.173081279E0,8.164011955E0,-2.384746790E0
6.444142500E1,-1.292722464E0,8.152048111E0,-2.339283228E0
6.444380270E1,-1.548754454E0,8.400900841E0,-2.456531525E0
6.444618119E1,-1.836192250E0,9.284450531E0,-2.719742060E0
6.444855968E1,-1.606182218E0,1.020120144E1,-2.616850615E0
6.445093739E1,-1.271187067E0,1.032562828E1,-2.332104683E0
6.445331510E1,-1.077368379E0,1.020120144E1,-2.372782707E0
6.445569354E1,-1.053141117E0,1.028495026E1,-2.533101797E0
6.445807203E1,-1.173081279E0,1.043599701E1,-2.839383125E0
6.446044974E1,-1.192223907E0,1.043599701E1,-2.875574589E0
6.446282744E1,-1.146760225E0,1.034506989E1,-2.755634308E0
6.446520593E1,-1.197009563E0,9.885348320E0,-2.865704298E0
6.446758442E1,-1.644766450E0,8.534899712E0,-2.793919563E0
6.446996213E1,-1.570289850E0,7.840681553E0,-2.317747831E0
6.447233984E1,-1.082154036E0,8.164011955E0,-1.932204247E0
6.447471833E1,-5.338985324E-1,9.487840652E0,-1.527518153E0
6.447709682E1,-4.450650215E-1,1.085474110E1,-1.587338686E0
6.447947453E1,-1.275972724E0,1.054367352E1,-2.746062994E0
6.448185224E1,-1.879263043E0,1.037856865E1,-3.150749207E0
6.448423072E1,-2.180758715E0,1.011266708E1,-3.145963669E0
6.448660921E1,-2.183151484E0,1.018445110E1,-2.988037348E0
6.448898692E1,-1.972583175E0,1.019880867E1,-2.430210590E0
6.449136463E1,-1.876870275E0,9.832706451E0,-1.869990945E0
6.449374307E1,-1.706979871E0,9.461520195E0,-1.429412484E0
6.449612156E1,-1.601396561E0,9.258130074E0,-1.252343535E0
6.449849927E1,-1.567897081E0,9.372985840E0,-1.288235903E0
6.450087698E1,-1.752443433E0,9.119047165E0,-1.807777524E0
6.450325546E1,-1.910369754E0,8.745766640E0,-2.140379906E0
6.450563395E1,-1.982154489E0,8.690732002E0,-2.226521492E0
6.450801166E1,-1.919941068E0,8.592327118E0,-2.075773716E0
6.451038937E1,-1.805085540E0,8.455936432E0,-2.161915302E0
6.451276786E1,-1.723729610E0,8.171190262E0,-2.195414782E0
6.451514635E1,-1.683051586E0,7.986643791E0,-2.382354021E0
6.451752406E1,-1.644766450E0,8.190332413E0,-2.312962294E0
6.451990177E1,-1.570289850E0,8.156833649E0,-2.240878344E0
6.452228026E1,-1.529611826E0,8.101798058E0,-2.406282187E0
6.452465875E1,-1.342971683E0,8.400900841E0,-2.449352980E0
6.452703645E1,-1.338186026E0,8.211868286E0,-2.248056889E0
6.452941416E1,-1.364507079E0,8.400900841E0,-2.295913219E0
6.453179260E1,-1.474576950E0,8.566005707E0,-2.425424814E0
6.453417109E1,-1.546361685E0,8.824729919E0,-2.547458887E0
6.453654880E1,-1.572682738E0,9.054440498E0,-2.597707987E0
6.453892651E1,-1.610967875E0,9.157332420E0,-2.664707184E0
6.454130500E1,-1.591825247E0,9.346664429E0,-2.614457846E0
6.454368348E1,-1.524826288E0,9.880562782E0,-2.609672308E0
6.454606119E1,-1.453041553E0,1.002413273E1,-2.736491680E0
6.454843890E1,-1.429113269E0,1.008395290E1,-2.772384167E0
6.455081739E1,-1.438684583E0,1.015813065E1,-2.786741018E0
6.455319588E1,-1.290329576E0,1.026580715E1,-2.803490877E0
6.455557359E1,-1.338186026E0,1.033549786E1,-2.825026274E0
6.455795130E1,-1.261615753E0,1.036421204E1,-2.808276415E0
6.456032979E1,-1.072582722E0,1.032323551E1,-2.803490877E0
6.456270828E1,-1.012463093E0,1.052692413E1,-2.652743101E0
6.456508599E1,-1.033998489E0,1.042642593E1,-2.633600473E0
6.456746369E1,-1.163509965E0,1.022991467E1,-2.573779821E0
6.456984213E1,-1.218544960E0,1.019641590E1,-2.559422970E0
6.457222062E1,-1.407577872E0,1.016052341E1,-2.425424814E0
6.457459833E1,-1.505683661E0,1.026341438E1,-2.149951220E0
6.457697604E1,-1.491326690E0,1.000738239E1,-2.214557409E0
6.457935453E1,-1.745265007E0,9.787242889E0,-1.965703845E0
6.458173302E1,-1.884048700E0,9.863813400E0,-1.706979871E0
6.458411072E1,-2.003689766E0,9.739087105E0,-1.575374603E0
6.458648843E1,-2.003689766E0,9.691230774E0,-1.549053550E0
6.458886692E1,-2.065903187E0,9.624231339E0,-1.558624864E0
6.459124541E1,-2.128116608E0,9.564411163E0,-1.702194214E0
6.459362312E1,-2.187937260E0,9.547661781E0,-1.656730533E0
6.459600083E1,-2.212164640E0,9.246166229E0,-1.711765528E0
6.459837932E1,-2.207378864E0,8.781659126E0,-1.716551185E0
6.460075781E1,-2.027618170E0,8.891729355E0,-1.587338686E0
6.460313552E1,-1.862513304E0,8.678768158E0,-1.546660781E0
6.460551323E1,-1.733300924E0,8.625826836E0,-1.501197100E0
6.460789166E1,-1.599003673E0,8.487042427E0,-1.750349760E0
6.461027015E1,-1.656730533E0,8.319544792E0,-1.733300924E0
6.461264786E1,-1.546361685E0,8.266902924E0,-1.697408557E0
6.461502557E1,-1.433898926E0,8.254939079E0,-1.711765528E0
6.461740406E1,-1.378864050E0,8.290831566E0,-1.757528186E0
6.461978255E1,-1.369292736E0,8.298009872E0,-1.577767372E0
6.462216026E1,-1.295115232E0,8.534899712E0,-1.501197100E0
6.462453796E1,-1.223330617E0,8.499007225E0,-1.630409479E0
6.462691645E1,-1.264008522E0,8.724231720E0,-1.726122379E0
6.462929494E1,-1.268794179E0,8.566005707E0,-1.680658817E0
6.463167265E1,-1.242473125E0,8.508578300E0,-1.618445396E0
6.463405036E1,-1.137188911E0,9.001798630E0,-1.460519075E0
6.463642885E1,-1.096511006E0,9.047262192E0,-1.702194214E0
6.463880734E1,-1.254437327E0,9.102297783E0,-1.826920033E0
6.464118505E1,-1.457827210E0,9.351449966E0,-1.879562140E0
6.464356276E1,-1.551147223E0,9.669695854E0,-1.975275040E0
6.464594124E1,-1.546361685E0,9.815957069E0,-1.910668850E0
6.464831974E1,-1.527219057E0,9.940383911E0,-1.738086581E0
6.465069744E1,-1.637588024E0,9.734301567E0,-1.769492388E0
6.465307515E1,-1.788335800E0,9.887741089E0,-1.706979871E0
6.465545359E1,-1.728515267E0,9.892526627E0,-1.697408557E0
6.465783208E1,-1.687837243E0,9.758230209E0,-1.702194214E0
6.466020979E1,-1.651944876E0,9.729516029E0,-1.661516190E0
6.466258750E1,-1.517647743E0,9.832706451E0,-1.704586983E0
6.466496599E1,-1.484148264E0,9.928419113E0,-1.762313843E0
6.466734448E1,-1.476969719E0,9.818349838E0,-1.850848317E0
6.466972218E1,-1.388435364E0,9.926026344E0,-1.872383714E0
6.467209989E1,-1.419542074E0,9.844670296E0,-1.922633052E0
6.467447838E1,-1.417149186E0,9.722337723E0,-1.838884234E0
6.467685687E1,-1.264008522E0,9.684052467E0,-1.886740685E0
6.467923458E1,-1.110867858E0,9.540482521E0,-1.838884234E0
6.468161229E1,-1.110867858E0,9.605089188E0,-1.884347796E0
6.468399078E1,-1.228116274E0,9.540482521E0,-1.977667928E0
6.468636927E1,-1.230509043E0,9.382556915E0,-2.066202402E0
6.468874698E1,-1.096511006E0,9.236594200E0,-2.023131609E0
6.469112468E1,-1.175474167E0,9.066405296E0,-2.001596212E0
6.469350312E1,-1.223330617E0,8.812766075E0,-1.956132531E0
6.469588161E1,-1.137188911E0,8.740981102E0,-1.814955950E0
6.469825937E1,-1.089332461E0,8.616254807E0,-1.714158297E0
6.470063708E1,-9.885348678E-1,8.851051331E0,-1.438983679E0
6.470301552E1,-1.029212832E0,8.953942299E0,-1.465304732E0
6.470539401E1,-1.185045362E0,9.042476654E0,-1.733300924E0
6.470777171E1,-1.218544960E0,9.195617676E0,-1.800599098E0
6.471014942E1,-1.170688510E0,9.502198219E0,-1.628016710E0
6.471252791E1,-1.077368379E0,9.657731056E0,-1.618445396E0
6.471490640E1,-1.168295622E0,9.880562782E0,-1.522732496E0
6.471728411E1,-1.182652593E0,9.961918831E0,-1.474876046E0
6.471966182E1,-1.259222865E0,9.902098656E0,-1.539482236E0
6.472204031E1,-1.223330617E0,9.969097137E0,-1.503589988E0
6.472441880E1,-1.225723386E0,1.004806042E1,-1.410269856E0
6.472679651E1,-1.357328653E0,1.028973579E1,-1.400698543E0
6.472917421E1,-1.448255897E0,1.039292622E1,-1.441376567E0
6.473155270E1,-1.522433400E0,1.035942650E1,-1.429412484E0
6.473393119E1,-1.486541033E0,1.071356392E1,-1.561017632E0
6.473630890E1,-2.236092806E0,8.958727837E0,-2.173879385E0
6.473868661E1,-2.583052158E0,7.340282440E0,-2.456531525E0
6.474106510E1,-2.382055044E0,6.562315941E0,-2.377568483E0
6.474344359E1,-1.943869352E0,6.169594288E0,-2.308176517E0
6.474582130E1,-1.635195136E0,5.554339409E0,-1.620838284E0
6.474819901E1,-1.376471281E0,5.358128071E0,-8.691928387E-1
6.475057744E1,-1.242473125E0,5.472983360E0,-1.175474152E-1
6.475295593E1,-1.094118118E0,6.102594852E0,-5.742774159E-2
6.475533364E1,-1.146760225E0,7.029215813E0,-5.434698462E-1
6.475771135E1,-9.215358496E-1,9.207581520E0,-8.093722463E-1
6.476008984E1,-6.870391965E-1,1.233200932E1,-6.418746710E-1
6.476246833E1,-1.984547257E0,1.161864948E1,-1.846062660E0
6.476484604E1,-3.301198006E0,1.062742233E1,-2.873181820E0
6.476722375E1,-3.689134359E0,1.004566765E1,-3.050250769E0
6.476960224E1,-3.157628536E0,1.029452133E1,-2.525923491E0
6.477198072E1,-2.384447813E0,1.087866879E1,-1.755135417E0
6.477435843E1,-1.711765528E0,1.102971554E1,-1.221236825E0
6.477673614E1,-1.407577872E0,1.062024403E1,-9.696913958E-1
6.477911463E1,-1.235294700E0,9.957133293E0,-7.040880919E-1
6.478149312E1,-9.646066427E-1,9.095118523E0,-4.597210586E-1
6.478387083E1,-4.259224236E-1,7.306783199E0,-4.238287210E-1
6.478624854E1,-5.673980713E-1,5.812764645E0,-8.572286963E-1
6.478862703E1,-9.000003934E-1,4.692325115E0,-1.434198022E0
6.479100552E1,-1.309472203E0,4.062713623E0,-1.755135417E0
6.479338322E1,-1.498505235E0,3.962215185E0,-2.063809633E0
6.479576093E1,-1.745265007E0,4.359723091E0,-1.858026743E0
6.479813942E1,-1.860120535E0,4.680361271E0,-1.642373681E0
6.480051791E1,-2.053939104E0,5.221437931E0,-1.340878010E0
6.480289562E1,-2.267199516E0,6.152844429E0,-1.204487085E0
6.480527333E1,-2.365305185E0,7.007680416E0,-9.026923180E-1
6.480765177E1,-2.269592285E0,7.740182877E0,-6.200401783E-1
6.481003026E1,-2.051546335E0,8.542078018E0,-4.118646085E-1
6.481240796E1,-1.716551185E0,9.344271660E0,-3.113660514E-1
6.481478567E1,-1.460219979E0,1.012463093E1,-3.352942765E-1
6.481716416E1,-1.678265929E0,1.004327488E1,-8.835497499E-1
6.481954265E1,-2.101795673E0,9.585947037E0,-1.702194214E0
6.482192036E1,-2.132902384E0,9.916455269E0,-1.929811478E0
6.482429807E1,-1.642373681E0,1.084756279E1,-1.759921074E0
6.482667656E1,-1.029212832E0,1.234875965E1,-1.206879973E0
6.482905505E1,-9.837492108E-1,1.281565857E1,-9.744769931E-1
6.483143276E1,-1.635195136E0,1.225543976E1,-1.659123421E0
6.483381046E1,-2.116152525E0,1.181246853E1,-1.951346874E0
6.483618895E1,-2.204986095E0,1.141735363E1,-2.236092806E0
6.483856744E1,-1.874477386E0,1.126421261E1,-2.106880426E0
6.484094515E1,-1.352542996E0,1.132881927E1,-1.695015788E0
6.484332286E1,-9.478568435E-1,1.156840038E1,-1.134796143E0
6.484570135E1,-9.622138143E-1,1.157557869E1,-9.720842242E-1
6.484807984E1,-1.103689432E0,1.134796143E1,-9.840483069E-1
6.485045755E1,-1.292722464E0,1.103210926E1,-1.134796143E0
6.485283526E1,-1.543968797E0,1.053888798E1,-1.450947881E0
6.485521369E1,-1.496112347E0,1.046949673E1,-1.276271820E0
6.485759218E1,-1.216152072E0,1.049342442E1,-9.170492887E-1
6.485996994E1,-1.132403374E0,1.010548782E1,-1.065404296E0
6.486234765E1,-1.264008522E0,9.612267494E0,-1.355234981E0
6.486472609E1,-1.240080357E0,9.842277527E0,-1.170688510E0
6.486710458E1,-1.072582722E0,1.028255749E1,-1.089332461E0
6.486948229E1,-1.115653515E0,1.102014446E1,-1.019940615E0
6.487186000E1,-1.486541033E0,1.110867882E1,-1.048654556E0
6.487423848E1,-1.862513304E0,1.131206894E1,-1.230808139E0
6.487661698E1,-1.922333837E0,1.200150108E1,-1.027119160E0
6.487899468E1,-1.649552107E0,1.281326580E1,-3.209373355E-1
6.488137239E1,-1.252044439E0,1.313868999E1,1.674975902E-1
6.488375088E1,-1.232901812E0,1.286112213E1,-2.659024298E-1
6.488612937E1,-1.510469317E0,1.379970741E1,-3.951148391E-1
6.488850708E1,-1.455434322E0,1.426900005E1,-5.793621540E-1
6.489088479E1,-1.113260746E0,1.477388477E1,-3.927220106E-1
6.489326328E1,-8.808578253E-1,1.458963776E1,-1.893320978E-1
6.489564177E1,-6.966105103E-1,1.485314751E1,-4.334000051E-1
6.489801948E1,-6.559324861E-1,1.450828171E1,-2.682952285E-1
6.490039718E1,-6.583253145E-1,1.479063511E1,-4.549354017E-1
6.490277567E1,-6.463612318E-1,1.517139244E1,-5.171487927E-1
6.490515416E1,-5.362913609E-1,1.587039661E1,-1.917249113E-1
6.490753187E1,-7.109674215E-1,1.633729553E1,1.196411345E-2
6.490990958E1,-3.684946895E-1,1.738355827E1,1.484148264E0
6.491228807E1,-4.618147612E-1,1.791506386E1,1.762014747E0
6.491466656E1,-7.325028181E-1,1.780977821E1,1.919941068E0
6.491704427E1,-8.138588071E-1,1.754626846E1,2.120938063E0
6.491942198E1,-9.574281573E-1,1.710120392E1,1.680658817E0
6.492180046E1,-9.311071038E-1,1.691426468E1,7.372884750E-1
6.492417895E1,-8.784649968E-1,1.672762489E1,-7.447660714E-2
6.492655666E1,-6.272186637E-1,1.667498207E1,-9.984052777E-1
6.492893437E1,-3.014956415E-1,1.686401558E1,-1.599302888E0
6.493131281E1,2.563311160E-1,1.674437523E1,-1.810170293E0
6.493369130E1,7.040880919E-1,1.668455315E1,-1.029511929E0
6.493606901E1,1.132403374E0,1.652902031E1,-6.490531564E-2
6.493844671E1,1.508375525E0,1.607169151E1,1.028913707E-1
6.494082520E1,1.704586983E0,1.527906990E1,1.459621787E-1
6.494320369E1,1.474876046E0,1.494646740E1,3.804588020E-1
6.494558140E1,1.177866936E0,1.460638809E1,2.057827413E-1
6.494795911E1,8.524430394E-1,1.423041534E1,-3.711866140E-1
6.495033760E1,5.578267574E-1,1.386431313E1,-8.309076428E-1
6.495271609E1,2.802593410E-1,1.354576874E1,-1.125224829E0
6.495509380E1,1.319043487E-1,1.326820183E1,-1.316949725E0
6.495747151E1,5.772684515E-2,1.294247818E1,-1.343270779E0
6.495985000E1,7.178467698E-3,1.260748386E1,-1.281057477E0
6.496222848E1,2.392822690E-2,1.226979637E1,-1.173081279E0
6.496460619E1,3.828516230E-2,1.187468147E1,-1.101296663E0
6.496698390E1,2.153540403E-2,1.148465157E1,-1.072582722E0
6.496936239E1,-2.153540403E-2,1.109910774E1,-1.077368379E0
6.497174088E1,-8.614161611E-2,1.068724346E1,-1.122832060E0
6.497411859E1,-1.507478207E-1,1.032084274E1,-1.163509965E0
6.497649630E1,-2.464607358E-1,9.966704369E0,-1.247557878E0
6.497887479E1,-3.589234054E-1,9.629017830E0,-1.312164068E0
6.498125328E1,-4.450650215E-1,9.289237022E0,-1.360020518E0
6.498363098E1,-5.458626747E-1,8.970691681E0,-1.379163146E0
6.498600869E1,-6.439684033E-1,8.678768158E0,-1.405484200E0
6.498838713E1,-7.516453862E-1,8.353044510E0,-1.431805253E0
6.499076562E1,-8.377870321E-1,8.012965202E0,-1.446162224E0
6.499314338E1,-9.167501926E-1,7.701898098E0,-1.446162224E0
6.499552109E1,-9.382855892E-1,7.380960464E0,-1.465304732E0
6.499789953E1,-9.741778970E-1,7.055536747E0,-1.450947881E0
6.500027802E1,-9.813563824E-1,6.782455921E0,-1.381555915E0
6.500265573E1,-1.010070205E0,6.483353138E0,-1.362413406E0
6.500503343E1,-1.055533886E0,6.222236156E0,-1.350449324E0
6.500741192E1,-1.134796143E0,5.963811398E0,-1.350449324E0
6.500979041E1,-1.141974568E0,5.712265968E0,-1.316949725E0
6.501216812E1,-1.199402332E0,5.492125988E0,-1.333699465E0
6.501454583E1,-1.240080357E0,5.322235584E0,-1.338485122E0
6.501692432E1,-1.271187067E0,5.171188831E0,-1.355234981E0
6.501930281E1,-1.295115232E0,5.046761990E0,-1.388734460E0
6.502168052E1,-1.335793257E0,4.891228676E0,-1.405484200E0
6.502405822E1,-1.376471281E0,4.781158924E0,-1.403091431E0
6.502643671E1,-1.374078393E0,4.685146809E0,-1.417448282E0
6.502881520E1,-1.409970760E0,4.637290478E0,-1.434198022E0
6.503119291E1,-1.405185103E0,4.589433670E0,-1.386341572E0
6.503357062E1,-1.405185103E0,4.570291042E0,-1.357627749E0
6.503594911E1,-1.409970760E0,4.546362877E0,-1.376770377E0
6.503832760E1,-1.443470240E0,4.591826439E0,-1.403091431E0
6.504070531E1,-1.493719578E0,4.632504463E0,-1.467697620E0
6.504308302E1,-1.524826288E0,4.694717884E0,-1.539482236E0
6.504546151E1,-1.505683661E0,4.790730000E0,-1.556231976E0
6.504784000E1,-1.517647743E0,4.884049892E0,-1.584945917E0
6.505021770E1,-1.491326690E0,5.034798145E0,-1.618445396E0
6.505259541E1,-1.488933921E0,5.185545921E0,-1.611266971E0
6.505497385E1,-1.431506157E0,5.331807137E0,-1.616052628E0
6.505735234E1,-1.376471281E0,5.468197823E0,-1.635195136E0
6.505973010E1,-1.333400369E0,5.659623623E0,-1.642373681E0
6.506210781E1,-1.285543919E0,5.824728489E0,-1.656730533E0
6.506448624E1,-1.259222865E0,6.018846035E0,-1.685444474E0
6.506686474E1,-1.232901812E0,6.203093529E0,-1.745265007E0
6.506924250E1,-1.230509043E0,6.356234074E0,-1.798206210E0
6.507162020E1,-1.228116274E0,6.533602238E0,-1.838884234E0
6.507399864E1,-1.242473125E0,6.686742783E0,-1.915454507E0
6.507637713E1,-1.249651670E0,6.835097790E0,-1.934597135E0
6.507875484E1,-1.242473125E0,6.937989235E0,-1.939382792E0
6.508113255E1,-1.220937729E0,7.048357964E0,-1.927418590E0
6.508351104E1,-1.156331539E0,7.144071102E0,-1.901097536E0
6.508588953E1,-1.115653515E0,7.220641613E0,-1.869990945E0
6.508826724E1,-1.086939692E0,7.297211647E0,-1.865205288E0
6.509064494E1,-1.048355460E0,7.347461224E0,-1.860419631E0
6.509302343E1,-1.072582722E0,7.380960464E0,-1.817348838E0
6.509540192E1,-1.045962572E0,7.414460182E0,-1.793420553E0
6.509777963E1,-1.043569803E0,7.481459141E0,-1.774278045E0
6.510015734E1,-1.026820064E0,7.474280834E0,-1.740479350E0
6.510253583E1,-1.026820064E0,7.514958382E0,-1.675873160E0
6.510491432E1,-1.050748229E0,7.539186001E0,-1.659123421E0
6.510729203E1,-1.033998489E0,7.572685242E0,-1.637588024E0
6.510966974E1,-1.029212832E0,7.632505894E0,-1.596910000E0
6.511204823E1,-1.017248750E0,7.670791149E0,-1.529910922E0
6.511442671E1,-1.026820064E0,7.742575645E0,-1.460519075E0
6.511680442E1,-1.036391258E0,7.790432453E0,-1.376770377E0
6.511918213E1,-1.074975610E0,7.862216949E0,-1.319342613E0
6.512156062E1,-1.110867858E0,7.912466049E0,-1.261914849E0
6.512393911E1,-1.168295622E0,7.953144073E0,-1.214058399E0
6.512631682E1,-1.213759303E0,8.005785942E0,-1.177866936E0
6.512869453E1,-1.271187067E0,8.072785378E0,-1.144367456E0
6.513107296E1,-1.295115232E0,8.123333931E0,-1.108475089E0
6.513345145E1,-1.319043517E0,8.178368568E0,-1.077368379E0
6.513582921E1,-1.350150228E0,8.254939079E0,-1.070189953E0
6.513820692E1,-1.311864972E0,8.341080666E0,-1.039083242E0
6.514058536E1,-1.302293777E0,8.396115303E0,-1.017547846E0
6.514296385E1,-1.290329576E0,8.484649658E0,-1.039083242E0
6.514534156E1,-1.268794179E0,8.551649094E0,-1.022333503E0
6.514771927E1,-1.237687469E0,8.613862038E0,-1.017547846E0
6.515009776E1,-1.204187989E0,8.647361755E0,-1.027119160E0
6.515247624E1,-1.156331539E0,8.697910309E0,-1.048654556E0
6.515485395E1,-1.134796143E0,8.709874153E0,-1.106082320E0
6.515723166E1,-1.094118118E0,8.731410027E0,-1.130010486E0
6.515961015E1,-1.074975610E0,8.772088051E0,-1.130010486E0
6.516198864E1,-1.062712312E0,8.788837433E0,-1.120439172E0
6.516436635E1,-1.057926655E0,8.815158844E0,-1.127617717E0
6.516674406E1,-1.002891779E0,8.827122688E0,-1.125224829E0
6.516912255E1,-9.837492108E-1,8.824729919E0,-1.094118118E0
6.517150104E1,-9.622138143E-1,8.848658562E0,-1.067797065E0
6.517387875E1,-9.430712461E-1,8.836693764E0,-1.017547846E0
6.517625645E1,-9.598209858E-1,8.817551613E0,-9.888339639E-1
6.517863494E1,-9.550353289E-1,8.819944382E0,-9.553344250E-1
6.518101343E1,-9.933205247E-1,8.812766075E0,-9.074779749E-1
6.518339114E1,-9.717850685E-1,8.781659126E0,-8.596215248E-1
6.518576885E1,-9.646066427E-1,8.740981102E0,-7.998009920E-1
6.518814734E1,-1.014855862E0,8.740981102E0,-7.543373108E-1
6.519052583E1,-1.022034407E0,8.712266922E0,-6.897311211E-1
6.519290354E1,-1.036391258E0,8.705088615E0,-6.562315822E-1
6.519528124E1,-1.029212832E0,8.731410027E0,-5.793621540E-1
6.519765974E1,-9.885348678E-1,8.755337715E0,-5.362913609E-1
6.520003822E1,-9.358927608E-1,8.819944382E0,-5.003990531E-1
6.520241593E1,-8.712865710E-1,8.886942863E0,-4.621138871E-1
6.520479364E1,-8.545367718E-1,8.987442017E0,-4.621138871E-1
6.520717208E1,-8.114659786E-1,9.061619759E0,-4.525425732E-1
6.520955057E1,-7.971090674E-1,9.150154114E0,-4.477569461E-1
6.521192833E1,-7.923234105E-1,9.241379738E0,-4.597210586E-1
6.521430604E1,-8.042874932E-1,9.349057198E0,-4.740779996E-1
6.521668448E1,-7.707880139E-1,9.463912964E0,-5.051847100E-1
6.521906296E1,-7.803592682E-1,9.526125908E0,-5.195416212E-1
6.522144067E1,-7.803592682E-1,9.631410599E0,-4.932205677E-1
6.522381838E1,-7.468597889E-1,9.696016312E0,-4.860421121E-1
6.522619687E1,-7.755736113E-1,9.782457352E0,-4.549354017E-1
6.522857536E1,-7.755736113E-1,9.887741089E0,-4.357928336E-1
6.523095307E1,-7.851449251E-1,9.942776680E0,-4.381856322E-1
6.523333078E1,-8.258228898E-1,9.990633011E0,-4.022932947E-1
6.523570927E1,-8.353942037E-1,1.007438183E1,-4.046861231E-1
6.523808776E1,-8.497511148E-1,1.012463093E1,-4.046861231E-1
6.524046546E1,-9.000003934E-1,1.014616585E1,-3.855435550E-1
6.524284317E1,-8.976075649E-1,1.021077251E1,-3.592225015E-1
6.524522166E1,-9.454640746E-1,1.022034359E1,-3.352942765E-1
6.524760015E1,-9.526425004E-1,1.023948669E1,-2.922234535E-1
6.524997786E1,-9.717850685E-1,1.024905777E1,-2.754737139E-1
6.525235557E1,-9.957132936E-1,1.024666500E1,-2.539383173E-1
6.525473406E1,-1.010070205E0,1.025145054E1,-2.108674943E-1
6.525711255E1,-1.000499010E0,1.024187946E1,-1.725823283E-1
6.525949026E1,-1.026820064E0,1.025145054E1,-1.510469317E-1
6.526186796E1,-1.036391258E0,1.024187946E1,-1.414756328E-1
6.526424645E1,-1.062712312E0,1.022512913E1,-1.151545867E-1
6.526662494E1,-1.089332461E0,1.020598698E1,-7.926224917E-2
6.526900265E1,-1.106082320E0,1.017966557E1,-7.208377868E-2
6.527138036E1,-1.158724308E0,1.019402313E1,-4.546362907E-2
6.527375885E1,-1.177866936E0,1.017009449E1,1.196411345E-2
6.527613734E1,-1.220937729E0,1.014616585E1,1.674975827E-2
6.527851505E1,-1.266401410E0,1.011266708E1,8.135596663E-2
6.528089276E1,-1.292722464E0,1.008156013E1,1.028913707E-1
6.528327125E1,-1.328614831E0,1.005763149E1,1.316052526E-1
6.528564974E1,-1.374078393E0,9.983454704E0,1.435693651E-1
6.528802744E1,-1.405185103E0,9.926026344E0,1.603191197E-1
6.529040515E1,-1.453041553E0,9.868598938E0,1.459621787E-1
6.529278359E1,-1.498505235E0,9.772586823E0,1.387837082E-1
6.529516208E1,-1.555932879E0,9.696016312E0,1.076770201E-1
6.529753984E1,-1.618146300E0,9.619445801E0,1.076770201E-1
6.529991755E1,-1.685444474E0,9.552447319E0,8.853443712E-2
6.530229598E1,-1.706979871E0,9.502198219E0,1.172483116E-1
6.530467448E1,-1.702194214E0,9.444769859E0,9.092725813E-2
6.530705218E1,-1.711765528E0,9.396913528E0,3.828516230E-2
6.530942989E1,-1.668694735E0,9.368199348E0,3.349951655E-2
6.531180838E1,-1.651944876E0,9.289237022E0,-2.871387079E-2
6.531418687E1,-1.635195136E0,9.255737305E0,-7.208377868E-2
6.531656458E1,-1.637588024E0,9.207581520E0,-1.199402362E-1
6.531894229E1,-1.625324726E0,9.150154114E0,-1.797607988E-1
6.532132078E1,-1.656730533E0,9.087940216E0,-2.419741899E-1
6.532369927E1,-1.644766450E0,9.004191399E0,-3.137588799E-1
6.532607698E1,-1.608574986E0,8.961120605E0,-3.592225015E-1
6.532845468E1,-1.582253933E0,8.937192917E0,-4.238287210E-1
6.533083317E1,-1.510469317E0,8.882157326E0,-4.453641176E-1
6.533321166E1,-1.453041553E0,8.834300995E0,-4.381856322E-1
6.533558937E1,-1.414756417E0,8.793622971E0,-4.621138871E-1
6.533796708E1,-1.448255897E0,8.729017258E0,-4.525425732E-1
6.534034557E1,-1.493719578E0,8.649754524E0,-4.310071766E-1
6.534272406E1,-1.493719578E0,8.549256325E0,-4.070789516E-1
6.534510177E1,-1.472184181E0,8.491828918E0,-4.214358926E-1
6.534747948E1,-1.412363529E0,8.432007790E0,-5.051847100E-1
6.534985796E1,-1.309472203E0,8.388936996E0,-6.490531564E-1
6.535223645E1,-1.237687469E0,8.391329765E0,-6.993024349E-1
6.535461416E1,-1.134796143E0,8.439186096E0,-7.926225066E-1
6.535699187E1,-1.024427176E0,8.494221687E0,-8.380861282E-1
6.535937036E1,-9.334999323E-1,8.570791245E0,-8.380861282E-1
6.536174885E1,-8.856434822E-1,8.659625053E0,-8.428717852E-1
6.536412656E1,-8.282157183E-1,8.681160927E0,-7.926225066E-1
6.536650427E1,-8.162516356E-1,8.743373871E0,-8.380861282E-1
6.536888276E1,-8.114659786E-1,8.769695282E0,-8.644071817E-1
6.537126124E1,-8.545367718E-1,8.807980537E0,-9.146564603E-1
6.537363895E1,-8.904291391E-1,8.841479301E0,-1.017547846E0
6.537601666E1,-9.071788788E-1,8.877371788E0,-1.103689432E0
6.537839515E1,-9.382855892E-1,8.927620888E0,-1.163509965E0
6.538077364E1,-9.358927608E-1,8.999405861E0,-1.197308660E0
6.538315135E1,-9.502496719E-1,9.020941734E0,-1.247557878E0
6.538552906E1,-9.933205247E-1,9.066405296E0,-1.237986565E0
6.538790750E1,-1.026820064E0,9.049654961E0,-1.223629713E0
6.539028598E1,-1.065105200E0,9.071190834E0,-1.173081279E0
6.539266375E1,-1.115653515E0,9.056833267E0,-1.110867858E0
6.539504145E1,-1.165902853E0,9.032905579E0,-1.005583763E0
6.539741989E1,-1.216152072E0,9.028120041E0,-8.548358679E-1
6.539979838E1,-1.275972724E0,9.035298347E0,-7.328019142E-1
6.540217609E1,-1.292722464E0,9.042476654E0,-5.961119533E-1
6.540455380E1,-1.352542996E0,9.066405296E0,-4.573282301E-1
6.540693229E1,-1.371685624E0,9.114261627E0,-3.711866140E-1
6.540931078E1,-1.414756417E0,9.152546883E0,-2.587239444E-1
6.541168848E1,-1.433898926E0,9.205188751E0,-1.941177398E-1
6.541406619E1,-1.402792215E0,9.253344536E0,-1.414756328E-1
6.541644468E1,-1.362114310E0,9.313164711E0,-7.926224917E-2
6.541882317E1,-1.273579836E0,9.377771378E0,-2.153540403E-2
6.542120088E1,-1.182652593E0,9.473484039E0,5.264209956E-2
6.542357859E1,-1.055533886E0,9.538089752E0,1.292124242E-1
6.542595708E1,-9.430712461E-1,9.612267494E0,1.794617027E-1
6.542833557E1,-8.258228898E-1,9.674481392E0,2.512463629E-1
6.543071328E1,-7.277171612E-1,9.729516029E0,2.584248483E-1
6.543309098E1,-6.535396576E-1,9.801599503E0,2.536391914E-1
6.543546948E1,-5.650052428E-1,9.914062500E0,2.344966233E-1
6.543784796E1,-5.024927258E-1,9.949954987E0,1.674975902E-1
6.544022567E1,-3.828516304E-1,1.004088211E1,1.028913707E-1
6.544260338E1,-2.105683982E-1,1.012223816E1,5.264209956E-2
6.544498187E1,-3.349951655E-2,1.020837975E1,-2.392822644E-3
6.544736036E1,1.893320978E-1,1.030887794E1,-1.435693540E-2
6.544973807E1,4.142574072E-1,1.040489006E1,-7.686942816E-2
6.545211578E1,6.323033571E-1,1.048146057E1,-1.606182158E-1
6.545449427E1,8.117650747E-1,1.055563831E1,-2.898306549E-1
6.545687276E1,9.146564603E-1,1.059392357E1,-4.429712892E-1
6.545925046E1,9.984052777E-1,1.063220787E1,-5.434698462E-1
6.546162817E1,1.031904817E0,1.062024403E1,-6.394818425E-1
6.546400666E1,1.074975610E0,1.062263680E1,-7.064808607E-1
6.546638515E1,1.103689432E0,1.061785126E1,-7.830511928E-1
6.546876286E1,1.130010486E0,1.060828018E1,-8.476574421E-1
6.547114057E1,1.118046403E0,1.052931690E1,-8.979067206E-1
6.547351901E1,1.108475089E0,1.046471119E1,-9.553344250E-1
6.547589750E1,1.079761267E0,1.041685390E1,-9.840483069E-1
6.547827526E1,1.065404296E0,1.030648518E1,-1.003190875E0
6.548065296E1,1.007976532E0,1.023948669E1,-9.744769931E-1
6.548303140E1,9.433703423E-1,1.015095139E1,-8.715856671E-1
6.548540989E1,8.500502706E-1,1.005763149E1,-7.734799385E-1
6.548778765E1,7.686942816E-1,9.981060982E0,-6.634100676E-1
6.549016536E1,6.466603279E-1,9.885348320E0,-5.003990531E-1
6.549254380E1,5.003990531E-1,9.799206734E0,-3.041875660E-1
6.549492229E1,3.616153300E-1,9.743872643E0,-1.271187067E-1
6.549730000E1,2.300100774E-1,9.686445236E0,2.153540403E-2
6.549967770E1,7.208377868E-2,9.629017830E0,2.536391914E-1
6.550205619E1,-8.614161611E-2,9.593125343E0,4.307080805E-1
6.550443468E1,-2.727817893E-1,9.559625626E0,6.248258352E-1
6.550681239E1,-4.354937077E-1,9.535696983E0,7.827520967E-1
6.550919010E1,-5.626124144E-1,9.530911446E0,9.669994712E-1
6.551156859E1,-6.391827464E-1,9.545269012E0,1.096511006E0
6.551394708E1,-7.564310431E-1,9.585947037E0,1.237687469E0
6.551632479E1,-8.282157183E-1,9.672088623E0,1.350150228E0
6.551870250E1,-9.047860503E-1,9.719944954E0,1.462612867E0
6.552108098E1,-9.861420393E-1,9.792028427E0,1.555932879E0
6.552345948E1,-1.050748229E0,9.873384476E0,1.663909078E0
6.552583718E1,-1.091725349E0,9.957133293E0,1.706979871E0
6.552821489E1,-1.161117196E0,1.000977516E1,1.730908036E0
6.553059338E1,-1.216152072E0,1.008395290E1,1.747657895E0
6.553297187E1,-1.242473125E0,1.013180923E1,1.730908036E0
6.553534958E1,-1.261615753E0,1.019880867E1,1.730908036E0
6.553772729E1,-1.295115232E0,1.024187946E1,1.721336842E0
6.554010578E1,-1.342971683E0,1.028973579E1,1.690230131E0
6.554248427E1,-1.352542996E0,1.033280659E1,1.625623941E0
6.554486198E1,-1.386042476E0,1.037378311E1,1.596610904E0
6.554723968E1,-1.412363529E0,1.040967560E1,1.563111424E0
6.554961817E1,-1.443470240E0,1.043360424E1,1.541576028E0
6.555199666E1,-1.486541033E0,1.046231747E1,1.536790371E0
6.555437437E1,-1.565504193E0,1.048624611E1,1.534397483E0
6.555675208E1,-1.615753531E0,1.045992470E1,1.505683661E0
6.555913057E1,-1.687837243E0,1.048624611E1,1.412363529E0
6.556150906E1,-1.800299883E0,1.045035362E1,1.326221943E0
6.556388677E1,-1.917548299E0,1.041685390E1,1.192223907E0
6.556626448E1,-2.008475542E0,1.032323551E1,1.106082320E0
6.556864291E1,-2.082653046E0,1.024666500E1,1.014855862E0
6.557102140E1,-2.166401863E0,1.017966557E1,9.119645357E-1
6.557339916E1,-2.233700037E0,1.009352398E1,8.808578253E-1
6.557577687E1,-2.240878344E0,1.002652550E1,8.401798606E-1
6.557815531E1,-2.262413740E0,9.926026344E0,8.330013752E-1
6.558053380E1,-2.257628202E0,9.820742607E0,8.330013752E-1
6.558291156E1,-2.255235434E0,9.741479874E0,8.928219676E-1
6.558528927E1,-2.240878344E0,9.664909363E0,9.311071038E-1
6.558766770E1,-2.200200319E0,9.588339806E0,9.622138143E-1
6.559004619E1,-2.152044773E0,9.518947601E0,9.957132936E-1
6.559242390E1,-2.106581211E0,9.459127426E0,1.019641519E0
6.559480161E1,-2.039582253E0,9.413662910E0,1.063011408E0
6.559718010E1,-1.958226204E0,9.368199348E0,1.089332461E0
6.559955859E1,-1.900798440E0,9.320343018E0,1.130010486E0
6.560193630E1,-1.845763564E0,9.322735786E0,1.163509965E0
6.560431401E1,-1.785943031E0,9.270093918E0,1.206580877E0
6.560669250E1,-1.740479350E0,9.250951767E0,1.256830096E0
6.560907098E1,-1.728515267E0,9.272486687E0,1.311864972E0
6.561144869E1,-1.735693693E0,9.267701149E0,1.409970760E0
6.561382640E1,-1.757229090E0,9.296415329E0,1.474576950E0
6.561620489E1,-1.809871197E0,9.308379173E0,1.517647743E0
6.561858338E1,-1.826620936E0,9.344271660E0,1.560718536E0
6.562096109E1,-1.879263043E0,9.389735222E0,1.520040631E0
6.562333880E1,-1.912762642E0,9.459127426E0,1.498505235E0
6.562571729E1,-1.974975944E0,9.487840652E0,1.426720500E0
6.562809578E1,-2.070688963E0,9.538089752E0,1.290329576E0
6.563047349E1,-2.130509377E0,9.576375008E0,1.127617717E0
6.563285119E1,-2.216950178E0,9.621838570E0,9.430712461E-1
6.563522968E1,-2.291127682E0,9.686445236E0,7.947162390E-1
6.563760817E1,-2.370090723E0,9.731908798E0,6.296114326E-1
6.563998588E1,-2.463410854E0,9.820742607E0,4.953143001E-1
6.564236359E1,-2.539981127E0,9.820742607E0,3.852444589E-1
6.564474208E1,-2.647658348E0,9.890133858E0,3.110669553E-1
6.564712057E1,-2.724228621E0,9.911669731E0,2.512463629E-1
6.564949828E1,-2.789133787E0,9.902098656E0,2.297109663E-1
6.565187598E1,-2.906382322E0,9.911669731E0,2.201396823E-1
6.565425448E1,-3.011666298E0,9.911669731E0,1.531406492E-1
6.565663296E1,-3.009273529E0,9.940383911E0,1.316052526E-1
6.565901067E1,-2.956631422E0,9.964311600E0,1.914258152E-1
6.566138838E1,-2.911167860E0,9.933204651E0,2.703889608E-1
6.566376687E1,-2.918346405E0,9.949954987E0,4.211367965E-1
6.566614536E1,-2.932703257E0,9.911669731E0,6.511468887E-1
6.566852307E1,-2.968595505E0,9.844670296E0,8.617152572E-1
6.567090078E1,-2.987738132E0,9.784850121E0,1.019641519E0
6.567327921E1,-2.951845884E0,9.707980156E0,1.110867858E0
6.567565770E1,-2.903989315E0,9.648159981E0,1.094118118E0
6.567803546E1,-2.815454960E0,9.643374443E0,1.031605721E0
6.568041317E1,-2.654836655E0,9.679266930E0,1.057926655E0
6.568279161E1,-2.468196630E0,9.751050949E0,1.122832060E0
6.568517010E1,-2.243271112E0,9.825528145E0,1.268794179E0
6.568754781E1,-2.075474501E0,9.921240807E0,1.393221021E0
6.568992552E1,-1.953440547E0,9.988240242E0,1.479362607E0
6.569230401E1,-1.872084618E0,1.008156013E1,1.558325768E0
6.569468250E1,-1.802692771E0,1.016052341E1,1.613360643E0
6.569706020E1,-1.778764486E0,1.022273636E1,1.635195136E0
6.569943791E1,-1.778764486E0,1.029212856E1,1.647159338E0
6.570181640E1,-1.821835399E0,1.038814068E1,1.659123421E0
6.570419489E1,-1.850549221E0,1.050538826E1,1.675873160E0
6.570657260E1,-1.898405671E0,1.061067295E1,1.656730533E0
6.570895031E1,-1.922333837E0,1.075663471E1,1.659123421E0
6.571132880E1,-1.960619092E0,1.089571762E1,1.647159338E0
6.571370729E1,-1.994118571E0,1.098664474E1,1.649552107E0
6.571608500E1,-2.030010939E0,1.107278633E1,1.630409479E0
6.571846270E1,-2.111366987E0,1.112542915E1,1.615753531E0
6.572084119E1,-2.123331070E0,1.114935684E1,1.563111424E0
6.572321968E1,-2.161616087E0,1.115892887E1,1.527219057E0
6.572559739E1,-2.238485575E0,1.114217854E1,1.479362607E0
6.572797510E1,-2.305484533E0,1.111107159E1,1.431506157E0
6.573035359E1,-2.370090723E0,1.106560802E1,1.347757339E0
6.573273208E1,-2.403590441E0,1.099860954E1,1.232901812E0
6.573510979E1,-2.439482689E0,1.094836044E1,1.156331539E0
6.573748750E1,-2.461018085E0,1.088106155E1,1.134796143E0
6.573986599E1,-2.499303341E0,1.083799076E1,1.115653515E0
6.574224448E1,-2.528017044E0,1.079013443E1,1.106082320E0
6.574462218E1,-2.542374134E0,1.070399284E1,1.139581800E0
6.574699989E1,-2.590230465E0,1.062263680E1,1.168295622E0
6.574937838E1,-2.635694027E0,1.051017475E1,1.208973646E0
6.575175687E1,-2.628515720E0,1.040249729E1,1.261615753E0
6.575413458E1,-2.623729944E0,1.029691410E1,1.359721422E0
6.575651229E1,-2.606980324E0,1.020837975E1,1.500898004E0
6.575889078E1,-2.604587555E0,1.010548782E1,1.697408557E0
6.576126927E1,-2.633301258E0,1.001216793E1,1.793121457E0
6.576364698E1,-2.609373093E0,9.940383911E0,1.929512382E0
6.576602468E1,-2.563909531E0,9.837491989E0,2.013261080E0
6.576840312E1,-2.456232548E0,9.760622978E0,2.070688963E0
6.577078161E1,-2.305484533E0,9.746265411E0,2.022832394E0
6.577315937E1,-2.154437780E0,9.705587387E0,1.967797518E0
6.577553708E1,-1.946262121E0,9.722337723E0,1.826620936E0
6.577791552E1,-1.797907114E0,9.719944954E0,1.704586983E0
6.578029401E1,-1.690230131E0,9.760622978E0,1.565504193E0
6.578267171E1,-1.649552107E0,9.801599503E0,1.481755376E0
6.578504942E1,-1.675873160E0,9.782457352E0,1.469791293E0
6.578742791E1,-1.776371717E0,9.727123260E0,1.522433400E0
6.578980640E1,-1.809871197E0,9.667302132E0,1.563111424E0
6.579218411E1,-1.714158297E0,9.614660263E0,1.582253933E0
6.579456182E1,-1.479362607E0,9.588339806E0,1.443470240E0
6.579694031E1,-1.153938770E0,9.609874725E0,1.175474167E0
6.579931880E1,-8.042874932E-1,9.700801849E0,7.899305820E-1
6.580169651E1,-4.785645306E-1,9.842277527E0,4.594219327E-1
6.580407421E1,-2.871387303E-1,9.964311600E0,2.943171859E-1
6.580645270E1,-1.986042857E-1,1.006480980E1,2.416750938E-1
6.580883119E1,-2.799602449E-1,1.008395290E1,2.679961324E-1
6.581120890E1,-4.570291340E-1,1.009113121E1,3.206382394E-1
6.581358661E1,-6.439684033E-1,1.009352398E1,3.421736360E-1
6.581596510E1,-8.665009141E-1,1.007916737E1,3.182454109E-1
6.581834359E1,-1.079761267E0,1.002891827E1,2.440679073E-1
6.582072130E1,-1.230509043E0,1.001216793E1,1.938186288E-1
6.582309901E1,-1.436291814E0,9.988240242E0,1.268195957E-1
6.582547750E1,-1.663909078E0,9.933204651E0,9.092725813E-2
6.582785598E1,-1.922333837E0,9.906884193E0,6.699903309E-2
6.583023369E1,-2.190629244E0,9.906884193E0,1.244267747E-1
6.583261140E1,-2.439482689E0,9.930811882E0,2.919243574E-1
6.583498989E1,-2.645265341E0,9.949954987E0,4.474578202E-1
6.583736838E1,-2.822633505E0,9.949954987E0,6.487540603E-1
6.583974609E1,-2.987738132E0,9.959526062E0,7.875377536E-1
6.584212380E1,-3.102593660E0,9.993025780E0,9.287142754E-1
6.584450229E1,-3.169592619E0,1.003131104E1,1.026820064E0
6.584688078E1,-3.243770123E0,1.008634567E1,1.125224829E0
6.584925849E1,-3.277269602E0,1.013898754E1,1.177866936E0
6.585163619E1,-3.320639610E0,1.020837975E1,1.199402332E0
6.585401468E1,-3.358924866E0,1.025384331E1,1.194616675E0
6.585639317E1,-3.380460262E0,1.031127071E1,1.151545882E0
6.585877088E1,-3.327818155E0,1.039771175E1,1.103689432E0
6.586114859E1,-3.323032379E0,1.048624611E1,1.017248750E0
6.586352708E1,-3.286840916E0,1.059631634E1,9.311071038E-1
6.586590557E1,-3.262912750E0,1.070399284E1,8.784649968E-1
6.586828328E1,-3.198306561E0,1.077817059E1,8.090731502E-1
6.587066098E1,-3.169592619E0,1.086191940E1,7.803592682E-1
6.587303942E1,-3.169592619E0,1.089571762E1,7.468597889E-1
6.587541791E1,-3.116950512E0,1.088345432E1,6.415755749E-1
6.587779567E1,-3.076272726E0,1.088584709E1,5.362913609E-1
6.588017338E1,-2.978166819E0,1.091964626E1,4.570291340E-1
6.588255182E1,-2.925524712E0,1.090289593E1,4.043870270E-1
6.588493031E1,-2.880061150E0,1.097468090E1,3.876372576E-1
6.588730807E1,-2.915953398E0,1.110150051E1,3.972085714E-1
6.588968578E1,-3.071486950E0,1.126660538E1,3.948157430E-1
6.589206421E1,-3.303590775E0,1.136231804E1,3.684946895E-1
6.589444270E1,-3.626920938E0,1.147747326E1,3.182454109E-1
6.589682041E1,-3.928715706E0,1.161386395E1,2.727817893E-1
6.589919812E1,-4.167997837E0,1.173111248E1,2.727817893E-1
6.590157661E1,-4.378566265E0,1.179811096E1,2.656033039E-1
6.590395510E1,-4.472185612E0,1.180050373E1,3.182454109E-1
6.590633281E1,-4.529613495E0,1.172871971E1,4.259224236E-1
6.590871052E1,-4.555934429E0,1.152772236E1,5.410770178E-1
6.591108901E1,-4.555934429E0,1.119003487E1,6.655037999E-1
6.591346750E1,-4.520041943E0,1.083081245E1,7.803592682E-1
6.591584520E1,-4.479363918E0,1.039292622E1,9.095717072E-1
6.591822291E1,-4.376173496E0,9.973882675E0,1.012463093E0
6.592060140E1,-4.213461399E0,9.600303650E0,1.067797065E0
6.592297989E1,-4.053142548E0,9.265308380E0,1.108475089E0
6.592535760E1,-3.823132277E0,9.030512810E0,1.153938770E0
6.592773531E1,-3.567100286E0,8.776873589E0,1.173081279E0
6.593011380E1,-3.150450230E0,8.549256325E0,1.194616675E0
6.593249229E1,-2.652443886E0,8.276473999E0,1.328614831E0
6.593487000E1,-2.037189484E0,8.020143509E0,1.546361685E0
6.593724770E1,-1.338186026E0,7.919644833E0,1.503290772E0
6.593962619E1,-7.277171612E-1,7.941180229E0,9.837492108E-1
6.594200468E1,-2.153540403E-1,8.046463966E0,2.177468538E-1
6.594438239E1,1.630110443E-1,8.223832130E0,-3.759722710E-1
6.594676010E1,4.118646085E-1,8.484649658E0,-7.064808607E-1
6.594913859E1,6.179464459E-1,8.750552177E0,-7.782655358E-1
6.595151708E1,7.878368497E-1,8.994620323E0,-7.112665176E-1
6.595389479E1,9.720842242E-1,9.267701149E0,-6.275177598E-1
6.595627250E1,9.960124493E-1,9.461520195E0,-3.687937856E-1
6.595865098E1,6.945167780E-1,9.485447884E0,-6.251249462E-2
6.596102948E1,4.334000051E-1,9.368199348E0,3.661018610E-1
6.596340718E1,2.491526604E-1,9.193224907E0,6.822535396E-1
6.596578489E1,1.055833027E-1,8.934800148E0,7.707880139E-1
6.596816338E1,2.871387079E-2,8.673981667E0,5.937191248E-1
6.597054187E1,6.969095767E-2,8.434400558E0,2.464607358E-1
6.597291958E1,1.893320978E-1,8.233403206E0,-1.534397453E-1
6.597529729E1,3.209373355E-1,8.032107353E0,-4.884349108E-1
6.597767572E1,4.166502357E-1,7.850253105E0,-6.152545214E-1
6.598005421E1,4.525425732E-1,7.654041290E0,-6.275177598E-1
6.598243192E1,4.764707983E-1,7.493422985E0,-5.315057039E-1
6.598480963E1,5.410770178E-1,7.335496902E0,-3.807578981E-1
6.598718812E1,6.179464459E-1,7.230212688E0,-2.108674943E-1
6.598956661E1,7.591229677E-1,7.144071102E0,-4.067798331E-2
6.599194432E1,9.218349457E-1,7.115357399E0,6.939185411E-2
6.599432203E1,1.137188911E0,7.117750168E0,1.435693651E-1
6.599670052E1,1.304985642E0,7.127321243E0,1.746760458E-1
6.599907901E1,1.472483277E0,7.158428192E0,1.962114573E-1
6.600145671E1,1.565803289E0,7.218248844E0,1.627119333E-1
6.600383442E1,1.635195136E0,7.251748085E0,1.555334777E-1
6.600621291E1,1.611266971E0,7.321139812E0,1.148554832E-1
6.600859140E1,1.628016710E0,7.361817837E0,1.555334777E-1
6.601096911E1,1.642373681E0,7.404888630E0,3.517449200E-1
6.601334682E1,1.730908036E0,7.440781116E0,5.817549825E-1
6.601572531E1,1.836491346E0,7.502994537E0,8.784649968E-1
6.601810380E1,1.936989903E0,7.589435101E0,1.197009563E0
6.602048151E1,2.001596212E0,7.704290867E0,1.295115232E0
6.602285921E1,2.035095692E0,7.802396297E0,1.067797065E0
6.602523770E1,1.956132531E0,7.955537319E0,7.372884750E-1
6.602761619E1,1.525125384E0,7.917252064E0,1.579861164E0
6.602999390E1,1.577767372E0,7.945965767E0,1.674975902E-1
6.603237161E1,1.735693693E0,7.991429329E0,-5.961119533E-1
6.603475010E1,1.999203324E0,8.415258408E0,-7.447660565E-1
6.603712859E1,1.968096614E0,8.573184013E0,-5.626124144E-1
6.603950630E1,1.759921074E0,8.491828918E0,6.221338734E-2
6.604188401E1,1.395912886E0,8.429615021E0,1.189831018E0
6.604426250E1,1.218844056E0,8.630612373E0,2.180758715E0
6.604664099E1,1.163509965E0,8.879764557E0,2.228914261E0
6.604901869E1,1.240379453E0,9.013762474E0,1.299900889E0
6.605139640E1,1.434198022E0,9.061619759E0,2.440679073E-1
6.605377489E1,1.668694735E0,9.073583603E0,-3.209373355E-1
6.605615338E1,1.826920033E0,9.085547447E0,-3.281157911E-1
6.605853109E1,1.953739643E0,9.042476654E0,-7.178467698E-3
6.606090880E1,2.157129526E0,9.250951767E0,4.307080805E-1
6.606328729E1,2.286342144E0,9.447162628E0,8.593224287E-1
6.606566578E1,2.255235434E0,9.569196701E0,1.273579836E0
6.606804348E1,1.992024899E0,9.420842171E0,1.812264085E0
6.607042119E1,1.510768414E0,8.831908226E0,2.740978241E0
6.607279968E1,4.166502357E-1,7.311568737E0,4.764110088E0
6.607517817E1,-4.019941986E-1,6.641279221E0,7.184450150E0
6.607755588E1,4.785645381E-2,6.983751774E0,7.711170197E0
6.607993359E1,4.788636267E-1,7.718647480E0,7.205985546E0
6.608231203E1,1.367199063E0,8.597112656E0,6.169594288E0
6.608469052E1,2.339283228E0,9.176474571E0,5.168796062E0
6.608706823E1,3.143570662E0,9.466305733E0,4.151247978E0
6.608944593E1,3.852145433E0,9.681659698E0,3.284448147E0
6.609182442E1,4.314259052E0,9.897313118E0,2.585444927E0
6.609420291E1,4.476971149E0,1.005523872E1,2.013261080E0
6.609658062E1,4.484149456E0,1.018684387E1,1.448255897E0
6.609895833E1,4.383651257E0,1.032323551E1,9.598209858E-1
6.610133682E1,4.218546391E0,1.042881870E1,5.434698462E-1
6.610371531E1,3.962215185E0,1.054845905E1,2.177468538E-1
6.610609302E1,3.687040567E0,1.065374374E1,-5.982056633E-2
6.610847072E1,3.370888948E0,1.075663471E1,-3.089732230E-1
6.611084921E1,3.081357241E0,1.079013443E1,-8.069794178E-1
6.611322770E1,2.762812853E0,1.083799076E1,-9.337990284E-1
6.611560541E1,2.506780863E0,1.087627602E1,-1.017547846E0
6.611798312E1,2.303390980E0,1.088824081E1,-1.118046403E0
6.612036161E1,2.106880426E0,1.090289593E1,-1.091725349E0
6.612274010E1,1.910668850E0,1.086431217E1,-1.019940615E0
6.612511781E1,1.702194214E0,1.078056335E1,-9.337990284E-1
6.612749552E1,1.551446438E0,1.068006516E1,-8.907282352E-1
6.612987401E1,1.501197100E0,1.055324554E1,-8.476574421E-1
6.613225250E1,1.434198022E0,1.040010452E1,-6.801598072E-1
6.613463020E1,1.434198022E0,1.022273636E1,-5.889334679E-1
6.613700791E1,1.407876968E0,1.003848934E1,-4.046861231E-1
6.613938640E1,1.453340650E0,9.887741089E0,-2.324029058E-1
6.614176489E1,1.503589988E0,9.731908798E0,-4.546362907E-2
6.614414260E1,1.580160260E0,9.612267494E0,1.196411327E-1
6.614652031E1,1.671087503E0,9.504590988E0,2.560320199E-1
6.614889880E1,1.786242127E0,9.425627708E0,3.708875179E-1
6.615127729E1,1.946561217E0,9.370592117E0,3.876372576E-1
6.615365500E1,2.102094650E0,9.258130074E0,4.331009090E-1
6.615603270E1,2.209771633E0,9.217452049E0,4.594219327E-1
6.615841119E1,2.295913219E0,9.193224907E0,4.857429862E-1
6.616078968E1,2.346461773E0,9.202795982E0,4.570291340E-1
6.616316739E1,2.387139797E0,9.236594200E0,4.522434771E-1
6.616554510E1,2.399103880E0,9.250951767E0,4.426721931E-1
6.616792354E1,2.327319145E0,9.243772507E0,4.163511395E-1
6.617030203E1,2.226521492E0,9.250951767E0,4.354937077E-1
6.617267979E1,2.114058733E0,9.277272224E0,4.929214716E-1
6.617505750E1,2.080559254E0,9.294022560E0,5.554339290E-1
6.617743593E1,1.951346874E0,9.286844254E0,6.463612318E-1
6.617981442E1,1.846062660E0,9.317950249E0,7.468597889E-1
6.618219218E1,1.733300924E0,9.356235504E0,8.425726891E-1
6.618456989E1,1.690230131E0,9.401699066E0,9.239286184E-1
6.618694833E1,1.671087503E0,9.437591553E0,1.010070205E0
6.618932682E1,1.673480392E0,9.473484039E0,1.103689432E0
6.619170453E1,1.745564103E0,9.550054550E0,1.185045362E0
6.619408224E1,1.826920033E0,9.597910881E0,1.302293777E0
6.619646073E1,1.958525300E0,9.662516594E0,1.398006678E0
6.619883921E1,2.154736757E0,9.724730492E0,1.666301847E0
6.620121692E1,2.320140600E0,9.794421196E0,1.936690807E0
6.620359463E1,2.499602318E0,9.880562782E0,2.161616087E0
6.620597312E1,2.640778780E0,9.928419113E0,2.315055847E0
6.620835161E1,2.753241539E0,9.945169449E0,2.379662037E0
6.621072932E1,2.836990356E0,9.954740524E0,2.305484533E0
6.621310703E1,2.918645382E0,9.947562218E0,2.123331070E0
6.621548552E1,2.928216696E0,9.914062500E0,1.886441588E0
6.621786401E1,2.942573547E0,9.866206169E0,1.623231053E0
6.622024171E1,2.964108944E0,9.899705887E0,1.374078393E0
6.622261942E1,2.985644341E0,9.866206169E0,1.146760225E0
6.622499791E1,2.959323406E0,9.859027863E0,9.813563824E-1
6.622737640E1,2.937788010E0,9.873384476E0,8.306085467E-1
6.622975411E1,2.866003275E0,9.875777245E0,7.109674215E-1
6.623213182E1,2.889931440E0,9.887741089E0,5.458626747E-1
6.623451031E1,3.045464993E0,9.868598938E0,3.349951804E-1
6.623688880E1,3.339782238E0,9.885348320E0,-2.871387079E-2
6.623926651E1,3.553042412E0,9.890133858E0,-4.046861231E-1
6.624164421E1,3.500400543E0,9.878170013E0,-7.543373108E-1
6.624402270E1,3.229712248E0,9.844670296E0,-9.505487680E-1
6.624640119E1,2.889931440E0,9.847063065E0,-9.936196208E-1
6.624877890E1,2.425424814E0,9.892526627E0,-9.649057388E-1
6.625115661E1,2.042274237E0,9.952347755E0,-8.931210637E-1
6.625353510E1,1.723729610E0,1.001216793E1,-7.974081635E-1
6.625591359E1,1.458126307E0,1.004327488E1,-7.064808607E-1
6.625829130E1,1.223629713E0,1.008395290E1,-6.080760360E-1
6.626066901E1,1.022333503E0,1.008156013E1,-5.123631358E-1
6.626304750E1,8.763712645E-1,9.997811317E0,-4.477569461E-1
6.626542599E1,7.328019142E-1,9.899705887E0,-3.855435550E-1
6.626780369E1,6.729813814E-1,9.801599503E0,-2.970091105E-1
6.627018140E1,6.969096065E-1,9.664909363E0,-1.630110443E-1
6.627255989E1,7.734799385E-1,9.559625626E0,-2.153540403E-2
6.627493838E1,9.266205430E-1,9.449555397E0,1.698904037E-1
6.627731609E1,1.103689432E0,9.375378609E0,4.259224236E-1
6.627969380E1,1.304985642E0,9.320343018E0,7.229315639E-1
6.628207229E1,1.482054472E0,9.301200867E0,1.079761267E0
6.628445078E1,1.656730533E0,9.274879456E0,1.448255897E0
6.628682848E1,1.824527264E0,9.303593636E0,1.817049742E0
6.628920619E1,1.956132531E0,9.375378609E0,2.125723839E0
6.629158463E1,2.068595171E0,9.439984322E0,2.322234392E0
6.629396312E1,2.130808592E0,9.530911446E0,2.441875458E0
6.629634083E1,2.200200319E0,9.631410599E0,2.537588358E0
6.629871854E1,2.202593327E0,9.688838005E0,2.528017044E0
6.630109703E1,2.212164640E0,9.719944954E0,2.496910334E0
6.630347552E1,2.157129526E0,9.703194618E0,2.398804665E0
6.630585322E1,2.111665964E0,9.686445236E0,2.360519648E0
6.630823093E1,2.049452543E0,9.645767212E0,2.324627161E0
6.631060942E1,1.980060697E0,9.583553314E0,2.295913219E0
6.631298791E1,1.893919110E0,9.514162064E0,2.214557409E0
6.631536562E1,1.819741607E0,9.478269577E0,2.149652004E0
6.631774333E1,1.735693693E0,9.466305733E0,1.994118571E0
6.632012182E1,1.642373681E0,9.459127426E0,1.929512382E0
6.632250031E1,1.587338686E0,9.495018959E0,1.862513304E0
6.632487802E1,1.525125384E0,9.518947601E0,1.817049742E0
6.632725572E1,1.503589988E0,9.526125908E0,1.773978829E0
6.632963421E1,1.496411443E0,9.523733139E0,1.790728688E0
6.633201270E1,1.443769336E0,9.518947601E0,1.785943031E0
6.633439041E1,1.438983679E0,9.509376526E0,1.826620936E0
6.633676812E1,1.398305774E0,9.490233421E0,1.840977907E0
6.633914661E1,1.391127229E0,9.502198219E0,1.843370795E0
6.634152510E1,1.360020518E0,9.485447884E0,1.886441588E0
6.634390281E1,1.362413406E0,9.497411728E0,1.888834357E0
6.634628052E1,1.364806175E0,9.504590988E0,1.948654890E0
6.634865901E1,1.362413406E0,9.506983757E0,1.939083695E0
6.635103750E1,1.369591832E0,9.542876244E0,1.960619092E0
6.635341520E1,1.405484200E0,9.540482521E0,1.986940145E0
6.635579291E1,1.467697620E0,9.595518112E0,1.986940145E0
6.635817140E1,1.496411443E0,9.619445801E0,2.003689766E0
6.636054989E1,1.592124343E0,9.648159981E0,2.041975021E0
6.636292760E1,1.661516190E0,9.640981674E0,2.080260277E0
6.636530531E1,1.752742529E0,9.674481392E0,2.104188442E0
6.636768380E1,1.798206210E0,9.684052467E0,2.154437780E0
6.637006229E1,1.872383714E0,9.674481392E0,2.209771633E0
6.637244000E1,1.936989903E0,9.681659698E0,2.262413740E0
6.637481770E1,1.977667928E0,9.705587387E0,2.291127682E0
6.637719614E1,2.008774519E0,9.715159416E0,2.327019930E0
6.637957463E1,2.027917147E0,9.691230774E0,2.343769789E0
6.638195239E1,2.032702923E0,9.717552185E0,2.362912416E0
6.638433010E1,2.051845312E0,9.715159416E0,2.341377020E0
6.638670854E1,2.047059774E0,9.703194618E0,2.315055847E0
6.638908703E1,2.044667006E0,9.679266930E0,2.312663078E0
6.639146474E1,2.032702923E0,9.640981674E0,2.327019930E0
6.639384244E1,1.982453585E0,9.648159981E0,2.334198475E0
6.639622093E1,1.960918188E0,9.600303650E0,2.336591244E0
6.639859942E1,1.934597135E0,9.569196701E0,2.334198475E0
6.640097713E1,1.915454507E0,9.545269012E0,2.382055044E0
6.640335484E1,1.862812400E0,9.514162064E0,2.358126640E0
6.640573333E1,1.838884234E0,9.490233421E0,2.377269268E0
6.640811182E1,1.786242127E0,9.435198784E0,2.405983210E0
6.641048953E1,1.750349760E0,9.411270142E0,2.415554523E0
6.641286724E1,1.728515267E0,9.389735222E0,2.477767944E0
6.641524572E1,1.704586983E0,9.353842735E0,2.528017044E0
6.641762421E1,1.702194214E0,9.365806580E0,2.578266382E0
6.642000192E1,1.690230131E0,9.389735222E0,2.662015200E0
6.642237963E1,1.726122379E0,9.408877373E0,2.717050076E0
6.642475812E1,1.733300924E0,9.439984322E0,2.755634308E0
6.642713661E1,1.771885157E0,9.521340370E0,2.779562712E0
6.642951432E1,1.776670814E0,9.554840088E0,2.779562712E0
6.643189203E1,1.781456470E0,9.593125343E0,2.781955481E0
6.643427052E1,1.755135417E0,9.605089188E0,2.740978241E0
6.643664901E1,1.716551185E0,9.607481956E0,2.705085993E0
6.643902671E1,1.639980793E0,9.590732574E0,2.662015200E0
6.644140442E1,1.556231976E0,9.569196701E0,2.638087034E0
6.644378291E1,1.470090389E0,9.573982239E0,2.609373093E0
6.644616140E1,1.398305774E0,9.516554832E0,2.561516523E0
6.644853911E1,1.371984720E0,9.540482521E0,2.575873613E0
6.645091682E1,1.331306696E0,9.530911446E0,2.530410051E0
6.645329531E1,1.326521039E0,9.499805450E0,2.487339020E0
6.645567380E1,1.316949725E0,9.547661781E0,2.465803623E0
6.645805151E1,1.348056436E0,9.552447319E0,2.437089920E0
6.646042921E1,1.364806175E0,9.573982239E0,2.422732830E0
6.646280770E1,1.393520117E0,9.593125343E0,2.425125837E0
6.646518619E1,1.443769336E0,9.638588905E0,2.389233351E0
6.646756390E1,1.479661703E0,9.624231339E0,2.394019127E0
6.646994161E1,1.529910922E0,9.655338287E0,2.396411896E0
6.647232005E1,1.570588946E0,9.684052467E0,2.389233351E0
6.647469854E1,1.628016710E0,9.676874161E0,2.394019127E0
6.647707624E1,1.630409479E0,9.681659698E0,2.434697151E0
6.647945395E1,1.647159338E0,9.657731056E0,2.425125837E0
6.648183244E1,1.632802367E0,9.648159981E0,2.468196630E0
6.648421093E1,1.628016710E0,9.629017830E0,2.480160713E0
6.648658864E1,1.608874083E0,9.593125343E0,2.523231506E0
6.648896635E1,1.582553029E0,9.576375008E0,2.578266382E0
6.649134484E1,1.561017632E0,9.540482521E0,2.662015200E0
6.649372333E1,1.534696579E0,9.535696983E0,2.714657307E0
6.649610104E1,1.544267893E0,9.545269012E0,2.791526794E0
6.649847874E1,1.549053550E0,9.542876244E0,2.832204819E0
6.650085724E1,1.565803289E0,9.526125908E0,2.892025232E0
6.650323573E1,1.570588946E0,9.562018394E0,2.954238653E0
6.650561343E1,1.589731574E0,9.593125343E0,2.999702215E0
6.650799114E1,1.577767372E0,9.609874725E0,2.973381281E0
6.651036963E1,1.565803289E0,9.612267494E0,2.942274570E0
6.651274812E1,1.577767372E0,9.600303650E0,2.913560629E0
6.651512583E1,1.539482236E0,9.624231339E0,2.844168901E0
6.651750354E1,1.484447360E0,9.597910881E0,2.784348249E0
6.651988203E1,1.410269856E0,9.578767776E0,2.719442844E0
6.652226052E1,1.309771299E0,9.564411163E0,2.638087034E0
6.652463822E1,1.242772222E0,9.518947601E0,2.566302299E0
6.652701593E1,1.144367456E0,9.495018959E0,2.492124796E0
6.652939442E1,1.027119160E0,9.468698502E0,2.415554523E0
6.653177291E1,9.529415965E-1,9.451948166E0,2.362912416E0
6.653415062E1,9.026923180E-1,9.444769859E0,2.271985054E0
6.653652833E1,8.620143533E-1,9.449555397E0,2.188236237E0
6.653890682E1,8.428717852E-1,9.435198784E0,2.104188442E0
6.654128531E1,8.500502706E-1,9.478269577E0,2.027618170E0
6.654366302E1,8.668000102E-1,9.480662346E0,1.991725802E0
6.654604072E1,8.691928387E-1,9.485447884E0,1.934298038E0
6.654841921E1,8.907282352E-1,9.530911446E0,1.864906192E0
6.655079770E1,9.122636318E-1,9.533304214E0,1.812264085E0
6.655317541E1,9.098708034E-1,9.569196701E0,1.762014747E0
6.655555312E1,9.337990284E-1,9.552447319E0,1.723729610E0
6.655793161E1,9.361918569E-1,9.542876244E0,1.723729610E0
6.656031010E1,9.361918569E-1,9.562018394E0,1.754836321E0
6.656268781E1,9.672985673E-1,9.554840088E0,1.790728688E0
6.656506552E1,1.012762189E0,9.533304214E0,1.838585138E0
6.656744395E1,1.007976532E0,9.547661781E0,1.898405671E0
6.656982244E1,1.058225870E0,9.542876244E0,1.943869352E0
6.657220020E1,1.063011408E0,9.538089752E0,1.979761600E0
6.657457791E1,1.065404296E0,9.564411163E0,2.013261080E0
6.657695635E1,1.086939692E0,9.559625626E0,2.025225163E0
6.657933484E1,1.084546804E0,9.554840088E0,2.013261080E0
6.658171260E1,1.060618639E0,9.542876244E0,2.041975021E0
6.658409031E1,1.039083242E0,9.518947601E0,1.994118571E0
6.658646874E1,1.012762189E0,9.523733139E0,1.998904228E0
6.658884724E1,1.010369420E0,9.506983757E0,1.955833435E0
6.659122494E1,1.012762189E0,9.502198219E0,1.953440547E0
6.659360265E1,1.017547846E0,9.504590988E0,1.943869352E0
6.659598114E1,1.024726272E0,9.499805450E0,1.953440547E0
6.659835963E1,1.060618639E0,9.514162064E0,1.965404749E0
6.660073734E1,1.067797065E0,9.526125908E0,1.977368832E0
6.660311505E1,1.074975610E0,9.535696983E0,1.955833435E0
6.660549354E1,1.091725349E0,9.545269012E0,1.963011861E0
6.660787203E1,1.103689432E0,9.566803932E0,1.982154489E0
6.661024974E1,1.149153113E0,9.619445801E0,1.982154489E0
6.661262744E1,1.163509965E0,9.612267494E0,1.979761600E0
6.661500593E1,1.204487085E0,9.629017830E0,1.960619092E0
6.661738442E1,1.235593796E0,9.645767212E0,1.979761600E0
6.661976213E1,1.257129192E0,9.655338287E0,1.977368832E0
6.662213984E1,1.293021560E0,9.636196136E0,1.974975944E0
6.662451833E1,1.350449324E0,9.645767212E0,1.965404749E0
6.662689682E1,1.376770377E0,9.650552750E0,1.972583175E0
6.662927453E1,1.448554993E0,9.655338287E0,1.982154489E0
6.663165224E1,1.510768414E0,9.648159981E0,1.994118571E0
6.663403072E1,1.549053550E0,9.652945518E0,2.018046856E0
6.663640921E1,1.570588946E0,9.645767212E0,2.037189484E0
6.663878692E1,1.556231976E0,9.645767212E0,2.049153566E0
6.664116463E1,1.546660781E0,9.660123825E0,2.051546335E0
6.664354312E1,1.491625786E0,9.655338287E0,2.037189484E0
6.664592161E1,1.427019596E0,9.624231339E0,2.001296997E0
6.664829932E1,1.371984720E0,9.631410599E0,1.991725802E0
6.665067703E1,1.300199986E0,9.605089188E0,1.970190287E0
6.665305552E1,1.242772222E0,9.552447319E0,1.970190287E0
6.665543401E1,1.170688510E0,9.523733139E0,1.958226204E0
6.665781171E1,1.118046403E0,9.492626190E0,1.941476464E0
6.666018942E1,1.039083242E0,9.461520195E0,1.939083695E0
6.666256786E1,1.031904817E0,9.432806015E0,1.951047778E0
6.666494635E1,1.019940615E0,9.432806015E0,1.951047778E0
6.666732411E1,9.888339639E-1,9.413662910E0,1.965404749E0
6.666970182E1,9.960124493E-1,9.387342453E0,1.994118571E0
6.667208026E1,1.007976532E0,9.418449402E0,2.025225163E0
6.667445875E1,9.816554785E-1,9.432806015E0,2.061117649E0
6.667683645E1,9.744769931E-1,9.418449402E0,2.082653046E0
6.667921416E1,9.553344250E-1,9.413662910E0,2.092224360E0
6.668159265E1,9.529415965E-1,9.425627708E0,2.132902384E0
6.668397114E1,9.649057388E-1,9.406484604E0,2.161616087E0
6.668634885E1,9.529415965E-1,9.396913528E0,2.185843468E0
6.668872656E1,9.505487680E-1,9.404091835E0,2.219342947E0
6.669110505E1,9.553344250E-1,9.425627708E0,2.248056889E0
6.669348354E1,9.768698215E-1,9.428020477E0,2.281556368E0
6.669586124E1,9.864411354E-1,9.404091835E0,2.315055847E0
6.669823895E1,1.005583763E0,9.411270142E0,2.360519648E0
6.670061744E1,1.015154958E0,9.428020477E0,2.367697954E0
6.670299593E1,1.005583763E0,9.423234940E0,2.377269268E0
6.670537364E1,1.039083242E0,9.432806015E0,2.350948334E0
6.670775135E1,1.063011408E0,9.428020477E0,2.360519648E0
6.671012984E1,1.091725349E0,9.423234940E0,2.334198475E0
6.671250833E1,1.120439172E0,9.444769859E0,2.291127682E0
6.671488630E1,1.165902853E0,9.463912964E0,2.303091764E0
6.671726421E1,1.199701428E0,9.449555397E0,2.307877541E0
6.671964213E1,1.228415370E0,9.451948166E0,2.324627161E0
6.672202005E1,1.221236825E0,9.473484039E0,2.322234392E0
6.672439796E1,1.237986565E0,9.428020477E0,2.305484533E0
6.672677588E1,1.237986565E0,9.396913528E0,2.315055847E0
6.672915380E1,1.233201027E0,9.389735222E0,2.300698996E0
6.673153171E1,1.245165110E0,9.370592117E0,2.312663078E0
6.673391010E1,1.249950767E0,9.346664429E0,2.307877541E0
6.673628854E1,1.264307618E0,9.332307816E0,2.312663078E0
6.673866703E1,1.257129192E0,9.315557480E0,2.324627161E0
6.674104552E1,1.278664589E0,9.308379173E0,2.322234392E0
6.674342322E1,1.271486163E0,9.303593636E0,2.341377020E0
6.674580093E1,1.273878932E0,9.310771942E0,2.341377020E0
6.674817942E1,1.257129192E0,9.334700584E0,2.346162558E0
6.675055791E1,1.233201027E0,9.361021042E0,2.358126640E0
6.675293562E1,1.257129192E0,9.382556915E0,2.327019930E0
6.675531333E1,1.235593796E0,9.399306297E0,2.341377020E0
6.675769182E1,1.254736423E0,9.437591553E0,2.346162558E0
6.676007031E1,1.264307618E0,9.447162628E0,2.341377020E0
6.676244802E1,1.269093275E0,9.463912964E0,2.355733871E0
6.676482573E1,1.281057477E0,9.466305733E0,2.358126640E0
6.676720416E1,1.326521039E0,9.473484039E0,2.358126640E0
6.676958265E1,1.307378531E0,9.463912964E0,2.338984251E0
6.677196036E1,1.302592874E0,9.473484039E0,2.338984251E0
6.677433807E1,1.321735382E0,9.463912964E0,2.331805706E0
6.677671656E1,1.326521039E0,9.456734657E0,2.295913219E0
6.677909505E1,1.350449324E0,9.459127426E0,2.274377823E0
6.678147276E1,1.345663667E0,9.459127426E0,2.214557409E0
6.678385046E1,1.393520117E0,9.447162628E0,2.171187401E0
6.678622895E1,1.398305774E0,9.454340935E0,2.166401863E0
6.678860744E1,1.379163146E0,9.430413246E0,2.164009094E0
6.679098515E1,1.381555915E0,9.439984322E0,2.166401863E0
6.679336286E1,1.345663667E0,9.428020477E0,2.161616087E0
6.679574135E1,1.331306696E0,9.420842171E0,2.212164640E0
6.679811984E1,1.300199986E0,9.442377090E0,2.238485575E0
6.680049755E1,1.261914849E0,9.435198784E0,2.255235434E0
6.680287526E1,1.242772222E0,9.447162628E0,2.283949137E0
6.680525374E1,1.240379453E0,9.456734657E0,2.291127682E0
6.680763224E1,1.228415370E0,9.466305733E0,2.324627161E0
6.681000994E1,1.214058399E0,9.451948166E0,2.315055847E0
6.681238765E1,1.180558920E0,9.435198784E0,2.315055847E0
6.681476614E1,1.185344458E0,9.463912964E0,2.329412937E0
6.681714463E1,1.187737346E0,9.449555397E0,2.338984251E0
6.681952234E1,1.177866936E0,9.454340935E0,2.338984251E0
6.682190005E1,1.153938770E0,9.439984322E0,2.360519648E0
6.682427854E1,1.153938770E0,9.451948166E0,2.358126640E0
6.682665703E1,1.163509965E0,9.439984322E0,2.379662037E0
6.682903474E1,1.151545882E0,9.435198784E0,2.405983210E0
6.683141244E1,1.158724308E0,9.416056633E0,2.403590441E0
6.683379093E1,1.151545882E0,9.420842171E0,2.413161755E0
6.683616942E1,1.153938770E0,9.428020477E0,2.413161755E0
6.683854713E1,1.161117196E0,9.428020477E0,2.422732830E0
6.684092484E1,1.156331539E0,9.425627708E0,2.382055044E0
6.684330333E1,1.175474167E0,9.437591553E0,2.348555326E0
6.684568182E1,1.192523003E0,9.425627708E0,2.298306227E0
6.684805953E1,1.180558920E0,9.439984322E0,2.283949137E0
6.685043724E1,1.211665511E0,9.454340935E0,2.248056889E0
6.685281567E1,1.202094316E0,9.471091270E0,2.226521492E0
6.685519416E1,1.214058399E0,9.471091270E0,2.219342947E0
6.685757192E1,1.206879973E0,9.463912964E0,2.204986095E0
6.685994963E1,1.230808139E0,9.459127426E0,2.183450699E0
6.686232807E1,1.177866936E0,9.444769859E0,2.185843468E0
6.686470656E1,1.175474167E0,9.432806015E0,2.209771633E0
6.686708432E1,1.165902853E0,9.439984322E0,2.197807550E0
6.686946203E1,1.163509965E0,9.428020477E0,2.185843468E0
6.687184046E1,1.180558920E0,9.430413246E0,2.168794632E0
6.687421895E1,1.180558920E0,9.435198784E0,2.156830549E0
6.687659666E1,1.175474167E0,9.428020477E0,2.111366987E0
6.687897437E1,1.163509965E0,9.432806015E0,2.097009897E0
6.688135286E1,1.182951689E0,9.435198784E0,2.097009897E0
6.688373135E1,1.182951689E0,9.442377090E0,2.085045815E0
6.688610906E1,1.161117196E0,9.428020477E0,2.070688963E0
6.688848677E1,1.163509965E0,9.447162628E0,2.075474501E0
6.689086526E1,1.151545882E0,9.437591553E0,2.082653046E0
6.689324374E1,1.137188911E0,9.430413246E0,2.092224360E0
6.689562145E1,1.113260746E0,9.411270142E0,2.120938063E0
6.689799916E1,1.089332461E0,9.389735222E0,2.111366987E0
6.690037765E1,1.060618639E0,9.394520760E0,2.142473459E0
6.690275614E1,1.074975610E0,9.353842735E0,2.132902384E0
6.690513385E1,1.079761267E0,9.380164146E0,2.168794632E0
6.690751156E1,1.118046403E0,9.392127991E0,2.178365946E0
6.690989005E1,1.165902853E0,9.392127991E0,2.221735716E0
6.691226843E1,1.187737346E0,9.420842171E0,2.252842426E0
6.691464635E1,1.223629713E0,9.425627708E0,2.269592285E0
6.691702416E1,1.226022482E0,9.459127426E0,2.307877541E0
6.691940244E1,1.216451168E0,9.468698502E0,2.312663078E0
6.692178093E1,1.194915771E0,9.475876808E0,2.334198475E0
6.692415864E1,1.197308660E0,9.490233421E0,2.317448616E0
6.692653635E1,1.153938770E0,9.478269577E0,2.303091764E0
6.692891484E1,1.132403374E0,9.473484039E0,2.315055847E0
6.693129333E1,1.120439172E0,9.485447884E0,2.305484533E0
6.693367104E1,1.118046403E0,9.466305733E0,2.307877541E0
6.693604875E1,1.139581800E0,9.456734657E0,2.312663078E0
6.693842724E1,1.130010486E0,9.459127426E0,2.298306227E0
6.694080572E1,1.132403374E0,9.459127426E0,2.315055847E0
6.694318343E1,1.137188911E0,9.439984322E0,2.329412937E0
6.694556114E1,1.132403374E0,9.451948166E0,2.295913219E0
6.694793958E1,1.130010486E0,9.442377090E0,2.307877541E0
6.695031807E1,1.113260746E0,9.430413246E0,2.307877541E0
6.695269583E1,1.082154036E0,9.416056633E0,2.307877541E0
6.695507354E1,1.065404296E0,9.430413246E0,2.338984251E0
6.695745198E1,1.086939692E0,9.411270142E0,2.374876499E0
6.695983046E1,1.077368379E0,9.375378609E0,2.386840582E0
6.696220822E1,1.079761267E0,9.377771378E0,2.429911375E0
6.696458593E1,1.086939692E0,9.368199348E0,2.429911375E0
6.696696437E1,1.079761267E0,9.370592117E0,2.456232548E0
6.696934286E1,1.113260746E0,9.375378609E0,2.480160713E0
6.697172057E1,1.132403374E0,9.356235504E0,2.484946251E0
6.697409828E1,1.156331539E0,9.396913528E0,2.496910334E0
6.697647677E1,1.187737346E0,9.408877373E0,2.496910334E0
6.697885526E1,1.187737346E0,9.408877373E0,2.532802820E0
6.698123296E1,1.173081279E0,9.396913528E0,2.542374134E0
6.698361067E1,1.168295622E0,9.394520760E0,2.544766903E0
6.698598916E1,1.141974568E0,9.399306297E0,2.556730986E0
6.698836765E1,1.139581800E0,9.413662910E0,2.590230465E0
6.699074536E1,1.132403374E0,9.404091835E0,2.587837696E0
6.699312307E1,1.137188911E0,9.380164146E0,2.609373093E0
6.699550156E1,1.175474167E0,9.377771378E0,2.590230465E0
6.699788005E1,1.187737346E0,9.413662910E0,2.652443886E0
6.700025776E1,1.206879973E0,9.406484604E0,2.669193745E0
6.700263546E1,1.218844056E0,9.413662910E0,2.690729141E0
6.700501395E1,1.252343535E0,9.432806015E0,2.721835852E0
6.700739244E1,1.252343535E0,9.432806015E0,2.738585472E0
6.700977015E1,1.271486163E0,9.432806015E0,2.746062994E0
6.701214786E1,1.254736423E0,9.423234940E0,2.750848770E0
6.701452635E1,1.230808139E0,9.432806015E0,2.724228621E0
6.701690484E1,1.202094316E0,9.411270142E0,2.676372051E0
6.701928255E1,1.206879973E0,9.408877373E0,2.633301258E0
6.702166026E1,1.218844056E0,9.416056633E0,2.575873613E0
6.702403874E1,1.216451168E0,9.428020477E0,2.561516523E0
6.702641724E1,1.237986565E0,9.404091835E0,2.544766903E0
6.702879494E1,1.259521961E0,9.432806015E0,2.542374134E0
6.703117265E1,1.259521961E0,9.423234940E0,2.547159672E0
6.703355114E1,1.221236825E0,9.425627708E0,2.602194548E0
6.703592963E1,1.214058399E0,9.435198784E0,2.578266382E0
6.703830734E1,1.204487085E0,9.439984322E0,2.599801779E0
6.704068505E1,1.149153113E0,9.387342453E0,2.492124796E0
6.704306348E1,1.106082320E0,9.353842735E0,2.365305185E0
6.704544198E1,1.108475089E0,9.339486122E0,2.250449657E0
6.704781974E1,1.108475089E0,9.332307816E0,2.185843468E0
6.705019744E1,1.106082320E0,9.308379173E0,2.137687922E0
6.705257588E1,1.137188911E0,9.356235504E0,2.070688963E0
6.705495437E1,1.185344458E0,9.389735222E0,2.053939104E0
6.705733213E1,1.237986565E0,9.408877373E0,2.049153566E0
6.705970984E1,1.266700506E0,9.430413246E0,2.116152525E0
6.706208828E1,1.333699465E0,9.444769859E0,2.159223318E0
6.706446677E1,1.338485122E0,9.454340935E0,2.193022013E0
6.706684448E1,1.321735382E0,9.425627708E0,2.248056889E0
6.706922218E1,1.324128270E0,9.420842171E0,2.295913219E0
6.707160067E1,1.302592874E0,9.418449402E0,2.315055847E0
6.707397916E1,1.273878932E0,9.404091835E0,2.322234392E0
6.707635687E1,1.245165110E0,9.370592117E0,2.317448616E0
6.707873458E1,1.209272742E0,9.363413811E0,2.322234392E0
6.708111307E1,1.187737346E0,9.320343018E0,2.334198475E0
6.708349156E1,1.137188911E0,9.296415329E0,2.358126640E0
6.708586927E1,1.137188911E0,9.291629791E0,2.365305185E0
6.708824698E1,1.118046403E0,9.284450531E0,2.374876499E0
6.709062546E1,1.089332461E0,9.272486687E0,2.372483730E0
6.709300395E1,1.051047325E0,9.262915611E0,2.382055044E0
6.709538166E1,1.048654556E0,9.246166229E0,2.403590441E0
6.709775937E1,1.048654556E0,9.272486687E0,2.377269268E0
6.710013786E1,1.053440213E0,9.274879456E0,2.365305185E0
6.710251635E1,1.072582722E0,9.289237022E0,2.405983210E0
6.710489406E1,1.089332461E0,9.298808098E0,2.403590441E0
6.710727177E1,1.067797065E0,9.317950249E0,2.410768747E0
6.710965026E1,1.082154036E0,9.329915047E0,2.422732830E0
6.711202874E1,1.089332461E0,9.363413811E0,2.429911375E0
6.711440645E1,1.072582722E0,9.377771378E0,2.441875458E0
6.711678416E1,1.070189953E0,9.380164146E0,2.427518606E0
6.711916265E1,1.060618639E0,9.375378609E0,2.398804665E0
6.712154114E1,1.063011408E0,9.365806580E0,2.413161755E0
6.712391885E1,1.074975610E0,9.356235504E0,2.391626120E0
6.712629656E1,1.070189953E0,9.327521324E0,2.362912416E0
6.712867505E1,1.084546804E0,9.329915047E0,2.353341103E0
6.713105354E1,1.098903775E0,9.337093353E0,2.329412937E0
6.713343125E1,1.110867858E0,9.327521324E0,2.341377020E0
6.713580895E1,1.137188911E0,9.329915047E0,2.336591244E0
6.713818739E1,1.165902853E0,9.310771942E0,2.300698996E0
6.714056588E1,1.165902853E0,9.329915047E0,2.324627161E0
6.714294359E1,1.202094316E0,9.372985840E0,2.322234392E0
6.714532130E1,1.223629713E0,9.341878891E0,2.319841623E0
6.714769979E1,1.252343535E0,9.358628273E0,2.298306227E0
6.715007828E1,1.237986565E0,9.368199348E0,2.262413740E0
6.715245598E1,1.228415370E0,9.339486122E0,2.197807550E0
6.715483369E1,1.194915771E0,9.227023125E0,2.161616087E0
6.715721218E1,1.137188911E0,9.054440498E0,2.099402666E0
6.715959067E1,1.082154036E0,9.061619759E0,2.068295956E0
6.716196838E1,1.039083242E0,9.075976372E0,2.044367790E0
6.716434609E1,1.024726272E0,9.128618240E0,2.044367790E0
6.716672458E1,1.012762189E0,9.174081802E0,2.046760559E0
6.716910307E1,9.960124493E-1,9.217452049E0,2.063510418E0
6.717148078E1,1.000798106E0,9.253344536E0,2.128116608E0
